12675	367	0	759	140	23	379	1301	243	36	1288	0	5	1354	793	828	53	2103	394	131	51	461	953	368	0	1014	419	0	334	105	651	517	2031	844	0	941	275	720	32	0	5	1879	1098	107	0	988	509	471	130	23	241	1218	302	6	0	9	257	1068	151	0	652	1316	1369	56	588	183	254	1021	882	931	72	0	513	2082	87	998	1575	736	306	0	981	1272	789	0	49	31	1241	15	986	223	71	639	3	1206	0	193	1085	823	63	0	
1169	346	378	506	347	416	425	101	0	941	48	209	1010	8	207	298	291	0	284	491	112	1570	273	545	182	1727	24	508	997	84	130	722	265	451	950	0	1017	1503	401	815	440	564	955	649	572	1442	0	0	1478	12	121	15	1787	451	1573	78	1228	367	0	1086	135	0	0	108	1027	901	864	670	395	143	0	2879	327	655	88	440	1450	4	202	41	131	619	221	313	89	298	1528	345	383	652	447	579	5	900	117	1430	0	1240	139	2720	
0	747	699	102	663	983	318	659	0	517	476	656	694	46	645	1060	1381	0	29	2629	927	0	609	0	125	2	37	1277	7	209	1266	12	157	619	0	984	180	950	18	0	1220	181	513	0	742	0	425	0	0	165	4436	304	0	1694	438	27	1014	95	0	104	21	297	120	557	0	15	42	506	879	4	470	288	434	0	785	0	0	572	1614	956	0	7	2548	0	1035	860	25	11	186	594	0	624	3	234	262	112	44	226	568	48	
0	309	44	137	817	322	95	33	0	23	2088	3	129	653	16	1253	61	257	6	398	175	381	1046	520	351	829	18	66	517	549	1054	266	971	52	56	557	363	323	58	47	297	357	1799	296	79	219	1172	82	531	31	58	62	564	1138	20	84	60	127	29	14	0	1204	1123	0	0	802	2148	179	0	2912	534	1060	0	0	708	455	107	682	6	529	55	1361	129	19	1	494	1546	481	295	1242	1756	246	693	555	42	1034	2497	28	36	1767	
576	0	90	1130	910	834	43	489	74	0	190	9	275	1247	168	352	48	0	0	220	1899	168	0	0	0	53	16	0	586	47	389	487	0	730	1218	244	1457	0	3	774	936	0	2412	2413	1174	0	125	165	0	3	800	0	934	576	286	1067	355	14	192	580	687	0	1010	1009	459	105	365	968	986	288	522	3	0	1	19	122	4	1258	1	490	209	14	0	0	239	197	0	111	849	1488	985	0	653	646	486	111	0	474	168	2965	
37	34	703	0	4	304	146	1206	1631	266	1173	430	160	0	279	0	2906	43	0	19	74	1034	1490	523	255	391	459	659	1	63	1344	260	203	433	2526	1257	955	89	13	1519	142	895	526	651	397	0	1132	902	76	990	92	53	1481	123	7	0	0	826	0	1124	0	592	57	964	138	416	794	61	741	4	608	151	441	89	141	418	100	601	0	234	275	0	8	199	348	389	1024	35	285	166	2749	236	1587	67	0	902	117	0	298	1398	
53	52	94	718	348	860	153	597	1094	79	524	53	1044	50	0	2033	0	0	95	318	329	743	340	471	390	1151	624	1069	317	1617	255	1551	173	722	143	0	1	0	1452	108	385	556	251	1380	79	267	52	3	2	34	1359	300	1236	141	2400	449	512	152	801	177	361	108	59	8	50	448	12	344	665	104	48	0	61	1046	1656	481	907	181	0	0	222	9	245	1072	1162	210	812	121	451	607	31	0	422	324	858	4	0	0	544	787	
485	338	280	347	266	527	47	285	0	409	130	1187	112	874	245	311	270	1	881	1292	1024	376	885	107	779	92	10	759	420	0	0	0	872	0	188	184	217	448	452	0	477	251	585	32	183	0	286	460	0	390	181	408	0	1338	1	732	1275	220	427	43	1211	0	539	0	956	356	541	512	197	859	0	46	835	209	1	443	315	214	381	1495	144	167	810	208	177	148	460	0	26	476	10	0	0	2	185	636	233	0	2739	4	
119	115	111	120	99	207	255	230	1061	1790	0	1779	450	718	433	723	957	65	2701	102	370	45	165	326	402	1934	0	0	638	1276	671	31	1173	178	1474	0	47	101	149	376	40	563	72	221	59	443	0	312	139	1153	1324	0	1111	917	836	180	33	304	889	1515	429	667	1688	1745	593	398	559	386	1453	3	1149	506	352	273	362	13	0	1561	574	833	308	1924	314	955	3183	27	364	316	71	1782	71	1207	1169	453	27	696	357	803	0	3	
0	487	229	744	2079	641	0	600	0	1982	678	4	14	1513	231	202	80	885	0	1294	87	1901	963	725	1377	818	1563	113	0	485	45	524	133	284	829	545	576	404	2	35	0	663	357	229	37	691	704	280	601	419	139	131	306	970	8	154	104	554	53	0	68	306	403	395	888	16	456	85	677	600	21	472	113	170	256	427	281	1135	0	0	925	610	747	198	1870	374	567	258	179	483	204	2137	491	381	34	420	344	598	0	335	
164	2047	227	42	556	109	63	204	1363	15	54	101	0	50	0	9	0	1320	670	0	1283	533	10	355	59	0	555	276	3	2378	395	0	395	0	1992	503	616	612	131	922	1610	46	347	748	134	1131	1553	0	1540	143	0	1	24	1038	968	566	18	0	573	1360	606	1672	184	15	265	258	286	654	0	40	599	1	34	51	0	51	170	1916	374	77	0	775	0	236	46	1548	356	1030	540	198	17	123	1623	269	1153	1551	286	479	852	72	
2	1476	349	258	282	55	133	115	543	1068	0	178	1074	447	1002	0	0	988	193	639	1065	67	0	121	513	2136	255	76	822	722	0	0	796	679	1323	1642	959	348	52	1101	16	119	2	1174	102	879	107	42	143	1460	455	249	2583	425	124	851	0	125	1008	5	70	786	793	501	389	551	1083	0	0	0	1334	741	0	1293	0	17	505	1129	457	97	392	1581	0	92	401	18	75	37	6	333	0	1470	293	6	43	313	267	895	1	456	
142	243	1788	193	274	631	207	277	151	2	714	3347	335	41	711	63	0	7	1421	214	299	1824	0	1239	295	3976	300	169	0	270	890	4785	63	5	539	97	710	152	1843	9	206	226	9	1090	2171	1310	1363	526	511	135	58	773	1072	622	687	614	129	472	444	0	66	200	548	446	928	149	76	835	1131	1216	429	199	133	1430	0	608	1	0	283	179	472	1029	2900	313	520	0	248	787	234	565	46	324	97	647	151	226	965	402	1107	776	
23	623	43	0	210	1047	1045	196	0	47	348	129	884	87	159	25	32	0	923	0	174	2359	0	250	283	1829	399	805	419	1017	1642	441	1851	272	549	0	298	444	112	0	1759	2084	0	15	472	188	500	0	1201	219	146	608	427	32	1561	869	164	2	1096	84	730	1115	0	878	733	0	832	0	0	968	736	1	2197	510	818	0	64	0	1180	533	971	108	597	0	0	225	12	226	0	713	658	53	53	1227	148	0	20	435	164	1237	
769	470	545	25	46	527	599	656	21	680	0	244	1408	371	218	0	1	444	42	1092	62	20	124	1093	0	0	155	182	277	1470	1210	179	0	178	518	233	8	58	0	0	42	272	30	271	567	424	853	1130	1318	142	1042	226	1185	0	17	205	0	4	181	0	927	847	73	255	0	1879	0	45	4	13	0	69	0	631	110	260	1666	877	74	37	1	11	138	135	1172	1179	218	720	6	1469	0	294	122	783	362	255	0	0	1684	0	
85	264	2597	1227	0	768	2471	0	239	1842	1395	99	473	98	39	331	0	130	1021	2138	897	74	0	0	789	1017	110	728	514	334	62	385	36	0	253	0	1535	2144	1941	175	263	487	433	869	700	0	700	257	2032	6	1133	415	14	64	2041	983	58	0	1604	3	405	1346	123	183	553	62	295	132	1466	94	1307	22	867	33	115	0	939	26	183	1130	0	393	620	1459	2735	41	431	1665	894	0	250	0	0	1451	420	437	1438	217	42	28	
747	6	35	590	85	889	0	1182	1584	378	114	0	829	0	459	96	1133	211	531	2164	0	0	130	748	1637	1079	2030	72	198	0	192	1878	35	571	868	178	338	4	0	0	4901	384	58	66	916	425	604	646	137	1536	124	272	209	99	860	19	114	12	2349	0	0	0	286	4	393	227	1289	64	650	612	128	108	1	0	76	1459	562	246	1	116	347	0	14	252	18	3	174	213	10	97	289	0	1198	536	0	127	997	1575	571	628	
319	2	0	896	60	493	371	2112	849	0	2616	578	187	757	0	1825	209	0	6	953	15	1092	850	0	1118	1067	613	34	14	226	383	606	523	187	13	2391	81	12	260	190	76	282	464	0	0	480	1431	929	136	954	249	109	89	524	692	0	524	1772	0	164	154	77	442	11	674	738	256	93	729	75	825	179	0	189	631	721	0	64	522	231	0	30	523	26	40	8	0	39	0	957	10	0	16	113	740	81	1056	686	0	0	
926	258	19	475	11	498	777	779	95	318	26	1102	955	1151	0	1210	1853	188	77	0	1463	7	0	78	0	1689	1754	1134	6521	624	347	0	81	99	0	0	598	155	1493	1150	808	3276	440	88	453	0	91	13	34	0	104	479	390	108	291	485	249	605	3217	1	1117	1144	1827	75	619	682	0	492	1982	2278	69	172	0	804	2223	1062	622	1458	124	150	0	485	65	889	729	60	733	15	607	1280	409	338	458	693	1	710	26	285	981	852	
51	97	58	125	1318	2359	43	1648	17	58	69	1277	415	2352	439	117	1486	1215	879	113	0	736	0	1	0	1420	449	147	321	1744	0	23	1189	280	0	323	0	0	88	0	453	0	0	806	35	862	1544	366	1468	641	302	27	628	1067	529	0	944	3	210	6	784	655	27	264	1079	11	795	1163	340	0	20	481	191	258	1668	620	224	1	1191	332	1254	943	89	8	238	125	810	1711	1122	835	1125	0	685	520	58	512	556	197	1214	511	
13	52	0	0	710	224	804	421	137	0	799	0	566	342	150	0	1396	32	1424	43	852	123	1	335	939	0	0	1226	47	603	968	20	377	1827	6	5	478	687	191	65	107	0	284	13	77	441	201	1545	420	271	1017	1426	951	33	174	187	67	248	98	267	374	529	4	1669	6	780	435	37	349	44	474	821	55	470	1115	12	813	577	416	1635	1377	288	119	286	995	668	1	860	36	596	122	317	118	66	446	801	0	324	203	1026	
1730	21	216	2290	704	272	1193	100	216	6	7	375	47	407	1	754	470	52	134	2350	43	1914	546	1139	889	0	23	1	661	1539	145	0	657	422	1039	610	287	66	186	0	0	16	0	840	473	213	161	102	207	1023	126	0	0	64	930	0	366	10	27	789	1	984	335	1551	707	31	1269	635	187	354	0	265	96	1095	1034	862	95	430	21	208	568	544	53	87	821	59	291	492	28	66	873	1472	1592	132	861	1	0	1154	91	912	
58	0	354	835	56	0	1413	1113	854	191	223	246	885	96	403	92	145	16	302	311	0	98	0	261	767	153	318	1927	0	202	1271	0	0	268	443	416	248	0	0	415	2186	1345	342	791	23	4079	1457	537	1602	255	722	562	0	213	12	672	274	0	0	573	327	0	1513	21	1000	1538	597	34	1745	2000	40	68	0	97	553	444	385	0	0	289	482	1382	0	1848	51	2227	0	92	1588	163	51	901	1731	621	217	24	990	1281	564	566	
280	525	0	66	839	716	0	372	165	372	0	2018	402	648	795	401	1797	561	776	579	2361	249	56	0	0	273	1586	23	611	23	883	13	6	698	1745	543	1472	0	1513	0	809	978	500	1845	309	1904	9	0	288	46	646	1920	0	414	289	0	850	715	0	1004	1656	757	94	272	0	1462	5	458	581	223	844	20	455	1082	72	367	407	0	1558	902	1142	15	593	0	198	0	123	152	218	644	592	0	6	117	1259	92	96	1785	30	52	
0	520	48	837	10	1058	387	523	1180	739	82	687	136	749	0	209	14	134	57	808	338	1796	264	78	249	458	1458	9	658	0	61	68	138	304	924	375	582	0	428	317	340	0	237	719	0	206	528	768	293	293	0	13	174	1036	0	941	34	816	1020	873	709	0	434	0	0	1073	0	117	390	274	727	0	294	82	0	0	286	62	250	447	989	1361	976	3	0	89	37	1528	18	0	83	251	0	414	18	55	1131	92	0	426	
42	536	154	10	547	0	470	533	1009	1269	200	104	329	130	0	0	15	1110	0	1141	1466	104	1602	945	214	1108	1606	1955	142	895	1329	1075	7	2	63	0	106	96	228	400	236	1168	143	0	277	48	717	369	30	1548	309	438	0	82	308	133	311	0	296	21	1198	0	47	509	472	1266	387	2	1224	5	10	1688	279	1281	0	1324	587	444	0	1345	639	1083	409	926	0	210	241	418	102	464	303	256	1070	95	2161	555	982	305	897	377	
0	1348	438	786	755	175	1764	41	0	429	292	336	496	0	318	1725	1933	0	1695	26	0	117	904	19	982	1092	82	0	230	1956	0	2425	117	262	964	658	622	814	0	831	111	0	15	0	449	79	596	0	1119	0	284	94	195	339	757	2457	414	131	646	1488	28	0	1532	1260	844	1	1905	464	1315	0	781	183	712	1026	118	1162	691	32	473	134	29	0	2439	738	7	358	648	204	1190	596	368	204	2242	4	1140	0	0	1728	1152	356	
12	91	0	516	74	75	0	17	1179	909	18	1616	0	662	1088	17	0	0	135	90	1143	638	804	1334	1263	624	989	371	0	596	1423	131	0	1	479	0	760	0	293	0	791	0	664	3051	239	168	0	1269	185	1	0	34	923	418	421	267	1490	2	124	0	1236	125	14	2	0	847	0	1961	0	386	289	502	97	650	0	673	0	847	232	531	753	112	25	135	0	106	332	1129	591	1341	2065	0	678	1121	997	1018	453	1777	413	576	
69	2	279	0	0	1329	9	1895	273	100	960	65	188	398	660	0	402	384	832	1237	42	1742	16	18	380	0	365	992	143	549	193	284	54	2296	801	143	375	240	574	0	0	1483	1299	14	463	25	37	0	356	934	1	52	1256	2665	208	44	142	1	1513	963	0	158	1094	1132	1583	586	1541	242	502	1169	1579	34	217	357	3	1038	596	0	31	786	385	548	534	316	1443	849	100	232	58	0	274	71	73	90	980	118	276	1389	120	611	
608	523	883	211	297	0	2	219	73	0	715	716	1203	0	1	568	256	748	0	6	0	260	0	17	216	1199	18	684	302	0	279	3131	1192	170	4	90	2162	1835	1332	215	90	862	944	3	1132	121	62	0	984	2618	440	748	839	236	37	0	1294	1108	1247	306	0	450	867	495	0	256	0	0	1501	1728	0	1102	1	0	151	898	1235	318	177	97	10	701	53	761	84	191	65	171	8	1317	483	94	197	92	0	17	0	664	175	1034	
151	528	91	1	1615	0	1232	188	0	72	460	1191	29	619	735	122	1055	0	307	1882	1	386	386	1398	2077	107	422	495	623	57	170	366	287	0	923	134	0	144	0	164	1691	1190	8350	0	827	1163	294	869	201	433	0	172	710	120	958	262	1042	37	169	248	133	1191	0	123	0	1066	1352	1077	28	3301	831	0	322	54	1158	1359	913	0	1124	139	2137	945	1051	1639	2156	0	0	175	166	613	799	207	238	982	70	515	2089	1132	698	406	
895	1582	707	260	336	763	1449	647	0	329	0	0	214	0	342	379	0	441	1301	0	51	21	11	11	427	82	315	338	951	0	560	45	658	102	7	458	227	272	0	406	845	685	179	1871	52	273	0	1648	675	1398	1073	114	0	636	112	0	596	440	1101	394	71	9	0	65	415	81	444	215	286	49	0	1375	11	587	613	321	1111	619	1198	1421	100	0	31	499	51	788	267	0	0	35	24	775	121	9	295	120	1074	17	1015	242	
0	719	595	9	22	848	914	692	0	902	289	51	309	279	577	281	1086	735	1234	172	0	370	297	58	0	670	324	69	24	551	4288	91	0	131	6	0	23	57	3	2	550	0	744	752	214	288	1	298	0	47	7	16	437	650	1606	66	1531	0	27	902	42	1500	0	183	0	945	742	295	44	527	332	0	1006	408	288	68	237	503	1638	262	703	171	1204	1	114	90	792	32	609	628	92	525	1483	60	100	62	114	31	755	178	
10	418	1098	474	112	1808	82	1831	1337	0	539	577	32	1508	204	147	278	175	332	207	6	828	0	197	483	1254	698	960	936	38	1487	18	360	1312	20	1496	0	656	383	2	0	536	617	1146	2760	181	0	37	7	537	193	227	0	357	0	111	258	1130	1010	3	0	722	176	392	2385	496	1641	574	5	549	800	119	1090	261	77	620	533	347	945	222	341	1367	1534	2	184	145	0	50	365	1777	378	0	895	1159	305	366	1245	3	0	2	
2	240	1610	17	77	1052	326	0	1162	1585	1573	512	446	255	578	30	0	455	1354	492	981	142	0	365	621	0	31	0	674	4	71	643	1506	1790	348	140	850	2	554	0	1104	0	1319	484	479	923	963	1270	26	743	395	0	1656	71	180	267	0	1409	1169	0	107	0	1958	121	632	0	46	26	422	639	654	529	129	20	1	1383	26	72	23	0	111	60	1030	685	65	573	290	249	1619	384	510	102	445	112	293	561	610	129	17	490	
248	87	0	675	40	819	329	289	34	27	35	215	0	0	1149	28	91	0	152	217	12	1	272	0	771	357	417	1866	87	1276	187	12	92	82	117	0	32	330	805	7	1224	559	995	0	614	1311	3	888	505	90	2610	1701	683	305	232	2299	816	401	0	4	911	1	156	1560	5	1901	676	1388	185	142	1403	26	152	1396	1660	569	734	1	164	626	1129	11	237	602	0	96	75	1362	75	1138	0	156	367	0	0	201	3	1091	14	268	
1218	0	6	825	1158	1146	399	389	0	125	0	1206	11	496	125	45	1153	31	126	1104	246	2718	198	643	216	8	0	0	363	423	14	1353	50	1924	1096	1552	446	168	8	1762	350	254	0	0	0	106	364	617	1043	1950	1567	699	215	142	182	0	628	195	2372	118	0	0	1408	252	0	534	326	1472	0	26	3	0	1230	651	560	345	705	0	1788	165	339	0	1677	8	1116	1177	107	309	163	1119	283	154	1012	260	123	238	1750	822	0	2386	
1268	518	167	318	157	369	412	785	105	1148	110	772	475	968	276	170	1744	0	1	730	247	0	1144	454	614	80	500	189	264	0	383	1057	67	1131	8	301	34	1202	56	729	314	931	386	1013	944	40	84	898	230	0	0	0	409	400	0	345	862	9	13	0	415	834	2366	277	0	0	0	183	812	891	0	865	1193	906	8	79	0	26	91	182	356	418	154	541	1732	13	490	0	0	285	69	1343	1298	738	766	1003	185	62	2	740	
997	542	841	104	1016	1	250	144	18	0	0	621	1747	60	830	250	1473	579	76	19	956	998	351	586	567	9	180	658	84	1326	251	117	2118	0	640	100	61	0	158	8	0	16	0	1516	328	112	282	78	703	228	503	33	905	176	141	1847	539	5	210	855	237	27	1738	1898	20	560	1446	0	1449	1446	540	380	107	2	335	838	471	17	374	894	61	54	94	0	262	565	1554	811	660	302	907	558	1555	392	306	936	524	361	81	0	
212	91	148	0	256	969	85	287	465	1382	973	40	28	135	0	0	1936	0	0	120	0	1591	523	0	560	536	45	866	95	1456	174	1	220	545	1011	22	0	402	8	1747	124	818	1835	33	0	109	0	689	63	805	2	2190	5	206	72	612	670	119	870	24	632	405	73	0	73	270	2381	0	533	0	1102	128	63	0	0	23	67	1795	1423	3	154	234	0	916	300	1729	93	1378	0	314	1694	454	0	249	2116	138	276	1522	676	486	
36	79	61	5	1838	1044	691	470	503	23	1568	837	66	0	46	1033	1727	302	133	1	2633	472	1126	906	586	0	646	154	0	0	0	1062	260	29	310	572	0	743	315	1402	32	918	614	170	54	27	90	345	67	97	64	1804	0	287	554	110	671	467	360	256	2182	146	0	33	516	1054	1065	0	131	655	0	721	512	30	1276	1895	866	2357	1200	291	446	233	151	425	170	2	549	460	682	817	390	348	66	0	211	0	327	0	650	0	
738	2091	214	163	616	0	712	262	0	223	270	311	0	1285	100	8	235	1573	578	14	1107	0	113	975	484	0	3	774	596	749	1788	8	85	214	0	925	196	87	731	35	1365	124	1537	532	517	1806	945	30	301	36	184	813	1151	473	111	25	337	1	130	775	2720	513	1941	0	0	1739	1444	254	70	270	1186	0	770	561	22	2032	1026	162	1553	1076	0	60	386	0	512	335	1214	521	0	61	1004	37	0	730	0	0	816	242	1906	621	
135	6	117	304	0	65	0	1461	186	215	1195	263	654	698	0	485	631	1155	364	373	389	19	903	383	1926	0	969	920	328	1571	948	1078	0	1313	4	144	773	231	0	1571	3729	32	12645	989	580	1014	312	0	1266	129	996	3	143	0	1100	387	1046	607	81	388	624	495	696	145	849	118	339	1338	327	0	45	1963	1025	193	47	1039	23	0	0	112	13	1162	309	215	0	5	267	17	567	0	0	18	0	296	1210	0	662	0	100	452	
1921	242	254	245	1304	145	580	1697	138	647	619	217	451	22	596	0	0	66	486	89	88	156	0	404	327	182	0	0	492	275	59	485	0	292	0	1496	33	1154	55	7	227	73	964	65	0	378	1604	664	494	800	1037	482	293	202	0	150	49	554	1117	2101	0	731	1373	0	389	83	840	432	417	126	124	922	660	80	818	4	249	11	494	7	448	247	2039	2692	13	455	799	292	174	254	1501	3	338	531	0	0	856	6	814	0	
0	705	157	361	1231	312	1282	44	1957	377	1131	122	866	340	1	105	393	0	1	33	3	166	1823	0	264	49	1662	322	0	953	1	311	364	0	701	659	1	0	363	837	0	2101	41	403	105	780	352	334	722	4	916	56	1526	1	1847	242	939	6	0	334	0	525	498	425	1112	791	98	19	313	15	1002	1077	1420	584	113	309	187	0	2603	14	810	4	158	588	0	1422	419	0	198	0	0	478	274	272	187	1740	858	363	200	891	
573	877	1014	5	531	696	224	288	1463	785	961	1108	722	308	62	9	382	545	45	681	536	919	0	0	1733	0	1071	856	197	0	204	452	262	299	378	7	229	1	451	0	1522	0	12	0	136	0	936	447	688	606	2123	557	75	0	31	20	0	833	3	534	0	713	691	0	0	28	526	585	811	1007	981	174	505	1855	1824	132	226	819	0	581	1342	0	335	61	25	56	558	169	46	327	1	1548	0	640	0	93	1336	1623	1084	1826	
1547	0	154	334	679	531	2	559	599	629	1008	129	10	206	439	906	143	5	492	0	101	324	69	320	0	0	2	574	0	11	1262	102	2062	1077	0	0	78	433	1424	128	978	19	1187	836	15	3	797	243	867	474	1055	708	1845	0	272	10	8	1452	1066	517	174	0	1195	5	129	12	43	0	1367	60	0	1108	95	1402	207	363	228	0	218	288	942	0	628	1	1075	124	123	423	90	1140	538	20	247	859	1205	554	31	351	0	75	
1227	131	1509	0	82	0	29	0	1399	31	111	457	406	376	374	559	322	884	5	1105	29	1775	0	522	607	0	328	752	1210	518	200	818	647	8	415	146	0	274	1023	109	272	2	663	53	2100	2891	330	960	355	3	166	361	728	413	791	247	368	101	1903	0	862	2414	969	126	50	237	382	91	80	199	387	0	220	103	634	1091	773	0	1138	160	705	129	0	1089	1	921	205	785	428	79	149	74	363	102	155	915	508	0	338	292	
913	2092	153	0	1511	107	400	1113	42	204	48	1236	974	1703	414	14	1699	65	766	331	443	216	160	159	2337	3	0	134	84	1274	151	2	348	353	38	142	942	85	169	787	357	3	288	46	261	0	284	134	195	176	1337	101	882	241	45	87	1047	24	806	99	6	617	1218	616	1806	191	39	218	0	373	396	84	343	1013	611	4	745	7	20	1493	3586	0	188	0	137	23	528	509	349	1317	226	838	126	1577	287	509	164	691	39	277	
75	406	17	434	495	6	1922	800	1717	79	307	0	0	320	971	0	85	3	141	344	253	1101	196	1163	1038	0	161	1358	1082	1059	23	269	84	0	1522	216	0	1669	32	910	1044	0	550	274	93	0	99	19	22	34	121	122	546	359	7	1372	2	0	65	489	180	80	0	173	0	802	77	645	426	718	1193	948	863	821	1133	1113	1573	469	842	0	1561	984	636	798	95	0	1351	189	87	951	796	715	369	106	723	44	2	66	488	255	
472	0	68	44	90	719	26	0	882	193	93	193	837	589	53	93	142	0	1873	0	57	3143	2365	0	6	291	1803	862	1301	729	35	0	56	87	1119	652	78	815	1216	61	0	449	111	0	0	0	1074	767	415	1173	1194	110	23	694	2193	274	2	1401	111	257	307	2905	1832	1712	300	643	576	1683	81	376	0	847	641	34	148	0	265	0	457	1233	563	14	270	1415	107	320	2902	0	1117	1022	0	0	0	1912	0	2994	0	241	1058	0	
200	878	61	0	1024	565	1207	92	57	563	53	150	367	210	19	1714	119	1425	893	983	6	0	1377	30	0	0	1106	0	151	1047	364	823	0	864	469	177	1639	369	950	0	462	1976	0	961	187	1512	60	792	375	1081	0	891	0	767	342	550	403	125	1663	0	1169	4	17	189	0	127	702	1320	0	33	134	1288	268	346	969	21	11	150	479	159	966	51	464	212	1246	2610	192	161	641	5	324	130	666	37	17	21	2156	49	1012	397	
278	0	919	19	58	0	2	250	64	2	1060	557	1367	24	0	915	80	132	10	399	328	465	573	386	116	845	981	196	181	200	848	0	0	789	1038	1333	166	87	1058	331	589	430	0	1920	521	1219	929	191	124	1918	119	446	111	11	288	476	313	135	74	3	2563	1027	0	1305	847	36	269	267	87	0	38	352	25	16	0	852	556	0	0	156	1911	1262	68	0	1164	107	0	280	1071	10	0	0	74	345	1568	1104	166	1223	30	145	
1	197	885	1108	200	630	239	1192	794	1485	82	25	0	758	2010	236	912	849	11	13	53	340	41	270	0	1182	426	2809	342	0	0	652	929	136	1401	0	13	440	1630	99	51	1411	2110	587	1124	1029	252	434	407	0	148	249	225	365	176	391	2158	383	424	512	427	1331	92	48	0	260	28	296	703	62	179	276	375	485	3091	60	195	114	112	11	1341	315	420	283	980	453	41	2392	1200	1103	341	22	1	0	63	850	1003	139	827	303	
227	0	594	567	263	0	1086	424	0	1273	57	2855	855	1227	265	255	0	0	658	72	0	599	296	307	757	1881	109	0	0	257	256	1392	190	0	531	131	186	365	567	37	0	8	0	155	0	4	133	78	69	135	1091	47	3385	757	471	477	253	5	21	9	0	5	865	1102	0	976	1036	0	587	1028	636	1171	849	0	385	2052	2	402	1320	0	101	21	121	220	1	1000	704	0	1	1307	580	0	532	699	142	9	218	127	1595	38	
464	1248	341	577	857	0	0	9	550	181	0	1	483	0	1321	235	162	1351	0	78	0	431	0	1167	960	93	837	68	797	38	1035	0	652	0	245	31	43	1148	667	303	182	1	780	234	2045	109	571	255	139	1602	2	0	142	0	728	0	1235	49	160	3	1359	113	0	0	93	930	798	684	0	1231	89	0	0	185	1187	899	12	1561	52	0	0	165	445	83	367	197	932	389	75	14	0	0	233	169	541	1308	284	493	394	1147	
527	432	804	1794	134	365	608	1130	107	200	516	587	154	9	493	1046	4	1048	952	0	683	0	1225	213	521	924	0	314	0	2077	676	970	117	112	917	1102	495	916	447	349	144	42	0	58	642	1429	109	519	0	736	74	980	1408	463	53	0	1282	8	1175	0	399	202	315	174	620	715	448	436	10	0	0	100	0	564	70	407	23	313	43	1633	349	156	348	1492	389	2	302	11	1091	0	556	0	436	305	9	166	124	357	52	21	
309	614	282	804	67	444	573	0	436	94	1197	2668	1312	0	149	0	320	0	0	274	48	1007	0	136	0	428	476	0	477	369	430	33	719	0	75	61	530	1254	228	618	1968	547	49	542	412	368	250	0	60	252	326	2725	41	939	0	1139	598	0	1444	314	401	725	1823	3001	181	370	12	493	240	40	66	4322	0	119	1563	1106	2255	397	131	44	426	114	1768	1596	221	559	80	4720	1201	0	1229	60	1250	2364	0	137	402	2316	483	68	
795	23	1479	316	0	155	2	0	11	74	66	799	317	215	11	1480	78	276	117	10	40	603	0	907	329	12	216	1429	593	63	602	440	0	0	1270	0	94	0	936	1453	0	1844	728	475	902	535	0	0	601	86	781	1325	419	691	591	36	36	1713	42	0	575	2141	98	263	865	0	1452	3007	656	391	328	1888	221	129	184	188	0	0	1606	129	905	211	31	133	54	375	567	156	278	924	350	0	3	1420	435	165	233	0	9	369	
372	833	245	357	58	157	0	375	1597	0	559	46	435	834	0	873	159	128	389	1179	0	319	1138	329	193	1529	1127	616	118	363	0	175	317	0	155	34	255	25	1208	280	64	2326	179	811	971	1068	606	0	20	270	238	620	448	7	1536	232	787	1021	114	223	0	130	1573	0	203	110	6	0	237	36	10	33	1286	43	1016	1778	574	11	822	295	1341	1077	320	2857	2072	1482	83	1535	574	63	0	1189	10	1795	339	0	365	5	1367	2886	
224	22	0	32	997	5	1468	254	221	0	395	1616	349	1018	451	1549	45	74	852	160	196	24	1	66	0	0	155	175	0	2268	453	911	0	95	255	0	40	28	303	371	492	166	204	0	0	241	264	50	1230	14	571	439	104	617	90	0	1011	665	105	29	57	0	550	189	87	1507	78	941	681	70	418	0	64	7	158	36	2	129	118	7	1275	0	431	119	80	0	821	421	617	946	2052	61	3	242	189	515	755	190	182	27	
0	583	138	1531	5	705	800	162	649	13	1131	0	609	154	223	93	342	80	231	14	794	1197	16	75	1487	684	0	272	25	41	2	211	54	1163	0	500	244	0	0	10	68	51	105	466	258	136	42	1078	77	1357	972	152	118	549	229	113	255	827	73	548	19	586	404	948	0	42	892	1660	1205	1658	288	84	1965	427	88	807	0	413	776	149	302	158	20	2541	453	53	255	106	514	1853	415	187	544	916	50	925	1896	937	1280	1163	
1309	814	57	996	44	291	318	152	470	739	336	1097	734	671	912	0	521	385	30	1078	659	898	0	635	989	124	573	820	333	1006	581	438	0	1674	316	0	709	0	1114	6	175	586	64	865	90	431	300	2	195	1750	903	580	667	16	69	69	311	0	429	0	530	854	1176	1452	1735	449	877	71	87	84	416	649	0	161	576	0	2	194	273	231	1359	0	6	0	396	1035	390	242	863	1003	60	379	21	1457	871	257	973	0	385	349	
387	124	295	200	68	1	0	131	917	309	1083	408	2042	1209	540	16	0	14	372	905	17	0	565	811	42	506	360	100	68	71	268	719	2865	368	927	637	0	1015	24	304	517	778	0	1015	1316	31	109	1452	520	0	72	614	458	0	0	221	1412	75	0	274	341	89	0	1200	1611	126	1067	408	1165	204	215	1576	1047	26	1076	260	610	0	7	0	0	20	557	2111	986	442	1069	321	0	34	704	315	40	550	301	1134	248	71	610	1119	
1267	548	0	1999	379	1070	460	756	1313	1388	162	44	42	141	1441	607	39	0	1116	422	1939	703	314	7	0	263	365	34	52	104	9	582	384	497	199	1014	99	0	0	386	287	1563	1152	10	75	2367	1946	51	109	226	55	8	0	24	288	2283	423	0	938	347	285	20	1655	0	594	57	492	823	637	2034	0	182	684	841	1684	205	273	1507	1015	671	0	0	324	209	112	233	402	232	38	218	1437	194	125	446	0	15	1930	574	160	598	
1369	0	1649	434	1449	362	1431	12	726	2	8	264	12	0	275	269	0	187	1723	100	2700	176	165	501	37	20	1033	811	908	926	1843	42	119	1667	4	72	227	115	2	0	791	7	76	1859	572	392	1744	0	524	1010	0	1932	26	862	144	0	56	351	57	0	144	53	635	505	99	0	125	5	430	78	153	1020	309	0	1315	506	0	434	375	612	0	0	32	87	11	7	48	658	0	0	0	0	81	0	241	1619	0	403	2510	453	
153	139	24	623	1945	789	74	36	797	423	86	873	239	110	241	28	2	21	62	587	174	360	207	123	18	863	408	75	28	406	7	83	548	456	0	307	0	743	0	1276	968	621	1657	152	9	247	5	325	0	0	1202	660	528	0	0	43	1575	1876	131	735	234	87	2	3016	56	167	0	0	7	721	0	1374	2	637	713	1599	58	0	1204	651	559	897	1018	1223	587	114	46	638	1174	0	494	2	105	0	15	715	88	0	343	168	
142	376	867	0	195	9	381	3	1221	618	1164	852	628	147	191	1408	834	1216	136	906	1398	758	244	16	1065	232	829	0	59	1073	190	1846	0	1486	1587	81	845	398	336	1264	471	478	503	1253	936	20	1342	451	351	5	372	1387	182	962	25	112	481	104	72	1088	174	2249	401	5	683	66	1022	242	0	232	6294	0	1842	955	37	0	74	1259	319	156	678	118	0	1575	241	535	2319	195	441	706	356	0	1065	192	16	514	143	61	508	1232	
3	767	0	90	1179	1062	2	39	37	0	2169	1419	34	0	0	16	610	1025	110	916	363	844	208	1262	1019	38	1915	1842	0	166	761	495	13	586	649	8	445	243	0	465	112	16	97	111	417	51	859	29	792	0	307	122	2	245	807	726	4	80	1713	589	181	762	1	2051	0	1003	345	1186	759	371	841	700	48	1186	311	0	292	0	57	1888	124	0	1213	784	1659	26	0	446	104	1540	41	19	1626	0	260	279	0	0	182	1108	
123	1200	149	0	0	53	736	99	0	116	1431	127	1059	1702	281	67	20	82	568	841	621	922	990	727	382	1341	110	89	844	213	291	423	12	0	51	1	1506	486	571	14	741	69	0	176	229	0	67	375	467	204	746	0	227	615	1	900	688	712	100	403	1238	852	0	261	201	798	841	0	0	2232	1635	396	0	180	0	624	0	307	850	0	37	34	678	304	659	657	0	1944	133	1268	467	480	2548	1182	767	186	0	0	0	134	
1229	146	0	354	0	157	148	576	670	1110	324	216	2	1239	171	88	486	176	695	39	1329	37	0	422	94	2421	628	191	797	450	50	61	0	0	5	274	0	0	0	981	0	1127	55	996	905	1289	1357	5	0	801	1084	1664	903	484	257	920	82	136	852	56	1	1345	0	0	955	514	43	941	1118	0	3117	113	1361	650	1169	329	604	375	477	14	641	1812	236	1883	681	935	644	1955	777	135	784	246	633	0	90	115	1128	925	222	481	
200	1183	1220	0	0	929	0	1267	1297	1180	545	40	62	2009	651	351	0	404	366	4	17	356	837	711	4	307	42	249	181	0	867	46	982	0	514	12	1135	341	1030	1718	45	1196	108	1166	76	50	995	208	876	0	0	61	364	0	651	370	1366	43	613	1558	1415	362	9	242	1035	0	581	579	301	1716	221	539	0	700	119	505	92	149	197	112	0	823	1279	1553	376	0	89	1469	835	0	1852	241	337	2840	263	1	705	6	3159	1517	
419	0	2107	22	667	122	218	889	68	252	0	1124	873	0	12	61	925	0	553	0	5	19	1828	1560	667	0	35	25	463	484	930	343	142	7	89	0	2406	352	306	340	0	103	108	442	683	531	0	532	781	59	550	135	323	82	0	795	30	227	1814	0	0	1316	416	1460	613	1300	877	809	1578	52	0	171	0	1193	638	1196	501	363	762	1	790	5	167	0	355	2277	24	1102	54	1034	0	1331	19	702	255	17	602	0	26	575	
552	135	128	12	767	29	193	172	303	106	808	1052	255	359	39	15	35	1225	1031	235	1830	1357	71	0	1	1198	155	0	793	35	1315	0	497	1285	1398	1148	306	107	734	1724	44	827	395	1586	214	31	675	1821	296	478	922	239	649	328	902	351	9	0	606	0	56	25	346	883	154	131	25	0	1162	71	0	13	1552	58	0	934	40	1296	1767	55	142	479	50	20	1579	1095	30	37	503	216	0	50	938	339	227	1326	576	1015	228	66	
329	22	1274	1283	1120	49	62	35	450	388	10	704	0	515	207	215	250	0	0	1660	11	464	306	2005	44	61	127	76	394	910	589	29	755	370	0	318	1252	112	455	36	1011	245	0	100	1407	922	990	1102	368	1372	1072	23	2554	18	0	456	1410	807	12	799	215	206	786	777	197	11	29	372	374	0	110	500	769	609	180	1802	689	111	418	950	1267	2156	444	0	276	39	17	33	48	585	0	1693	45	169	280	8	1372	840	105	0	
484	285	1183	1060	280	0	1085	2069	77	1689	2	266	0	263	501	1341	579	492	29	109	29	617	605	1260	1536	131	713	150	879	25	1318	0	837	7	28	633	1260	32	121	204	1027	315	1703	0	569	143	36	0	44	1583	0	772	1330	716	0	40	0	1300	621	12	136	820	0	107	0	907	694	328	61	237	232	120	0	2	173	0	375	1	136	211	957	2	566	178	480	8947	65	320	1258	10	86	3	273	954	11	357	81	207	76	189	
971	260	0	14	19	0	1384	838	53	0	122	478	377	11	1715	558	897	857	1326	1155	15	0	971	37	385	542	2	925	183	22	607	316	775	53	495	472	530	0	587	95	443	0	1322	40	137	0	0	404	770	754	433	175	0	2110	308	320	987	408	427	277	286	244	282	136	1912	101	0	225	560	1204	373	0	0	205	26	1	979	1165	1171	2478	0	214	62	984	46	0	376	18	110	134	34	1053	2	4	389	268	1304	663	969	1325	
97	422	369	926	0	1	1451	80	0	410	174	1486	0	0	17	0	2250	1021	323	1121	178	126	12	1374	1685	18	586	319	532	1263	0	729	1354	287	392	56	87	779	452	1011	96	8	0	238	101	180	70	1307	795	59	429	1253	209	6	1459	0	94	217	184	94	216	0	468	1297	1366	243	244	477	0	65	1049	702	82	388	798	0	1505	117	474	697	203	0	0	0	1459	35	0	148	885	0	18	455	161	7	357	552	38	582	830	0	
1105	2001	60	501	326	502	1102	1990	196	1459	750	0	660	0	897	194	0	277	0	959	323	1510	0	913	231	356	940	89	166	1186	0	195	213	6	21	177	2841	1387	389	0	1099	958	422	151	532	180	360	1450	242	1252	10	136	1246	658	443	2491	1074	11	50	200	45	1384	689	500	80	421	470	321	60	1154	164	0	2967	269	0	1040	66	0	992	1002	694	868	584	1204	78	52	1514	272	0	826	639	152	22	850	0	465	815	2237	367	647	
2273	31	0	0	723	132	2081	0	0	95	3874	0	542	691	0	329	9	1339	156	928	515	0	1174	826	380	1964	44	199	0	10	72	297	859	714	1087	1	687	274	986	440	0	480	8	83	107	0	354	237	0	852	0	1557	473	29	1245	1857	36	210	38	18	0	0	542	276	2002	1	156	758	658	153	322	392	215	65	1464	0	489	0	13	530	613	8	2001	591	1426	209	0	357	1156	916	0	7	1458	5	169	2	221	0	751	4	
274	269	1098	334	41	1662	111	66	121	0	1744	1548	162	298	227	0	15	117	506	655	246	697	98	72	41	1448	1716	173	1820	399	541	96	309	1244	709	170	612	89	1265	0	1045	5	23	302	1104	1300	1235	0	55	620	124	28	1	713	455	55	0	0	755	0	998	1167	85	0	710	26	176	1095	1081	58	1449	1229	328	145	589	315	247	4455	1247	372	1159	119	1177	7	608	1155	22	1212	0	222	661	128	3	152	0	147	1069	1100	0	1802	
966	177	14	0	532	625	13	1190	2	26	809	0	7	1305	86	2057	560	987	1076	1890	0	104	1763	0	327	19	0	6	1124	298	1205	0	478	306	142	1070	1471	0	339	22	2351	136	586	2347	26	0	1429	1603	220	309	0	1166	344	302	691	1712	0	0	48	541	641	488	0	0	104	524	291	8	604	87	832	437	343	950	0	268	2	504	964	871	18	119	495	9	707	48	0	381	773	310	356	682	179	1150	1414	71	1041	0	758	0	
175	51	0	0	209	0	40	0	1668	1640	20	74	244	0	0	1153	0	1335	171	1029	0	400	169	805	1008	16	0	52	0	0	1755	359	17	70	0	31	230	98	18	1105	405	42	357	920	161	88	832	6	51	3	137	0	1320	875	364	687	1341	1416	675	399	14	161	95	898	1950	1860	1314	68	551	1887	231	699	1152	1056	46	1156	704	403	740	0	785	122	472	230	0	1154	527	1353	929	1240	0	0	167	359	113	257	35	834	2540	679	
88	790	442	483	0	3	499	177	630	576	355	121	12	21	498	790	1345	1582	1164	0	1473	117	278	474	701	0	2520	169	525	602	261	695	8	474	312	483	61	308	271	962	10	561	871	550	98	1165	1055	386	1077	96	36	594	421	194	17	1591	1053	44	509	10	6	541	1315	749	1380	165	922	343	213	729	27	868	0	21	76	70	248	657	1223	1172	1505	261	2327	82	674	0	217	421	90	930	129	76	148	5	141	3	1087	194	249	316	
267	147	414	1821	0	51	9	599	1161	16	441	1334	1056	43	911	44	92	52	0	1	27	69	47	1059	337	0	626	44	89	538	282	22	1771	456	1134	112	546	363	0	0	1411	694	2521	121	300	0	88	268	1248	62	5	818	682	742	1181	207	0	523	26	8	1482	5	454	74	720	0	265	0	1032	875	599	113	1502	0	283	595	980	1206	281	0	703	827	1049	756	29	883	385	60	417	494	169	1	0	586	409	2628	139	44	689	799	
756	0	231	100	977	388	270	997	371	26	573	1541	529	819	5	1992	637	18	818	2039	2135	37	90	0	963	415	362	205	0	21	7	1367	685	1016	1	133	0	0	61	294	0	200	135	736	159	289	296	355	5	38	883	0	406	438	537	167	0	445	1280	23	747	1610	0	983	379	1123	1	0	1896	1337	506	645	0	176	198	55	117	1159	373	80	219	321	815	1035	859	34	720	162	158	0	3	286	1159	791	958	262	0	732	35	824	
1012	9	265	0	6	58	6	25	544	166	1063	1476	288	31	39	59	70	821	132	0	0	5	137	613	260	251	390	47	595	4	667	2017	302	0	13	789	9	1203	1069	769	702	1332	14	35	23	227	1214	99	185	0	0	1222	0	0	129	0	267	0	379	44	967	738	401	185	390	626	551	480	970	1050	0	19	44	21	222	1275	471	42	491	0	794	0	410	0	634	0	451	363	59	214	592	898	1017	988	36	411	313	1770	154	617	
395	121	1698	228	1317	2125	1152	311	36	278	461	3241	2	1542	1917	1848	626	463	461	852	0	1867	1450	295	0	175	0	33	68	858	11	925	264	93	74	0	95	1269	71	74	29	259	431	0	59	52	68	338	758	449	592	573	176	2365	1097	0	87	11	0	1291	386	62	640	394	254	501	2	521	251	123	0	19	307	839	0	0	78	494	116	331	0	0	161	111	0	8	1366	309	0	797	950	56	371	238	0	0	1457	0	0	824	
34	695	988	0	306	2591	1	267	422	7	0	634	303	118	175	0	196	653	55	1829	694	630	1920	0	631	279	1128	43	485	510	0	139	425	296	38	890	0	128	1053	2993	399	787	27	977	602	0	80	209	652	3	177	65	62	2255	1382	0	525	1529	6	1003	77	1047	0	359	212	125	0	123	563	0	0	538	294	260	8	227	36	0	12	203	622	1267	1211	12621	52	1369	229	3	230	125	288	948	1469	82	632	30	527	123	750	688	
1085	1060	112	108	338	2204	0	665	0	914	1509	657	520	26	92	192	78	1536	42	729	161	1309	1290	189	239	1908	71	193	121	1292	0	586	1142	0	197	569	2	320	52	1302	599	229	1300	601	1417	284	168	125	1998	322	45	158	776	1	137	596	236	40	961	30	167	1349	507	630	954	952	0	751	671	466	901	36	117	1042	149	1782	92	359	289	467	0	0	0	1	369	700	0	0	0	36	476	38	387	157	390	335	125	40	329	1156	
482	0	1638	898	0	109	425	0	119	969	46	777	226	138	734	80	1689	1444	138	191	24	1870	853	231	386	122	518	7	550	614	641	1918	327	1004	0	0	114	1314	82	21	2	75	0	75	983	82	0	433	205	1487	607	329	28	2000	912	817	685	619	80	449	1026	0	179	1094	501	0	3	476	0	1	907	913	213	877	18	0	219	1430	162	0	1318	436	0	0	1	3159	1083	1690	0	1265	631	281	12	2213	477	336	391	1164	1796	21	
74	10	162	1	1052	1046	0	8	223	0	112	586	1180	879	0	207	548	0	214	136	6	19	201	131	3	340	0	80	1125	201	439	991	17	1559	178	415	512	145	0	57	0	1624	694	1145	472	241	239	374	1448	50	49	1181	2145	134	10	269	22	754	74	691	395	1014	240	604	150	851	1959	5	0	17	1356	235	1483	139	92	811	215	259	197	1169	900	141	0	0	147	711	793	1652	223	1978	842	14	1593	471	0	265	866	1113	0	32	
1114	206	577	477	176	1821	1200	274	244	2	275	0	144	1722	215	0	6	11	1067	1442	233	269	599	808	1716	243	1166	17	276	353	195	1756	0	30	229	426	0	1250	1794	1203	2165	297	16	39	0	352	18	1744	494	0	0	51	219	357	1187	563	317	350	1985	16	83	1771	0	2350	0	263	433	59	0	29	1460	98	0	0	61	358	313	403	3	36	843	1074	664	90	550	358	301	0	321	22	217	617	662	585	0	61	1250	4	268	0	
97	1709	7	883	1175	127	436	0	107	26	937	896	0	468	821	80	2086	262	1533	0	756	1416	4	946	1126	669	41	241	263	18	0	165	510	904	0	1972	186	524	90	963	487	0	361	2513	525	626	19	414	325	1	543	101	51	0	94	45	68	885	82	314	108	2	52	281	90	0	398	632	27	18	0	794	693	755	1362	469	1191	444	1734	105	0	102	1432	1359	1116	44	37	292	163	860	38	926	509	1562	560	576	1553	92	942	179	
881	1074	131	0	39	306	572	302	2158	205	48	225	2612	806	2790	0	482	412	512	0	6	2216	971	436	0	1714	0	21	1294	1112	2249	406	50	0	22	1125	368	898	22	669	335	707	160	812	308	926	204	846	0	948	282	0	1	1643	47	0	1151	538	421	190	0	165	179	39	162	2157	1505	1591	1361	289	361	373	124	89	215	96	62	2220	791	0	0	229	156	537	121	0	7	0	8	127	1099	849	918	13	173	1680	791	508	0	901	
1653	0	430	1512	123	1328	0	530	0	1890	1828	596	35	1246	186	714	973	1479	1670	289	603	1109	34	23	442	0	1231	1092	1066	377	874	524	1049	2325	18	349	317	355	608	1877	388	278	0	254	737	1702	275	598	30	387	1011	1220	220	1022	67	553	145	1	713	165	1351	149	151	1555	400	297	5	137	0	2	2	569	1374	1157	824	750	580	18	1286	0	80	144	320	10	0	116	914	564	46	2069	0	603	663	232	22	209	342	611	364	678	
859	687	687	0	698	521	2705	0	0	173	42	123	1	369	64	858	253	0	1462	0	334	860	12	458	237	223	2	27	740	1679	220	1115	117	314	463	89	144	0	434	1204	145	598	80	375	296	876	8	171	0	553	1752	44	174	903	29	186	163	230	220	1566	0	14	1123	1466	0	73	683	1941	1223	49	37	457	57	0	222	766	1	153	3	0	32	887	9	571	638	17	256	1403	1290	61	7	43	5	271	68	0	1719	360	625	190	
57	438	43	137	70	2423	66	1186	653	336	391	6	1071	153	129	229	357	442	278	179	16	0	0	95	0	45	162	79	12	0	38	23	119	46	1313	14	20	1493	547	402	69	47	63	62	110	0	667	125	164	85	500	111	525	11	460	316	648	1243	4	161	141	483	1359	108	60	0	145	276	1173	680	0	286	1139	980	888	31	110	244	699	646	396	169	271	0	240	163	0	9	1454	0	263	104	922	545	767	12	607	617	1705	0	
396	0	100	325	0	19	795	722	12	16	0	873	3	517	0	1114	952	295	2258	766	707	106	30	1048	1728	41	124	12	1794	976	843	919	1517	94	95	32	247	1899	25	68	622	131	310	240	643	87	1679	1526	0	0	0	1600	1346	876	380	300	1440	202	256	192	551	814	134	1320	457	905	0	0	32	0	395	415	0	0	1087	735	469	1	124	296	1059	0	564	22	2355	642	888	657	409	751	0	208	154	1208	523	52	1536	1333	296	0	
2363	245	577	59	1015	938	2139	521	186	90	0	44	1725	33	74	677	856	865	333	951	1081	1675	256	129	1406	0	165	509	272	391	14	195	3	0	157	3409	59	1448	529	401	17	0	0	544	667	314	105	0	338	88	978	404	1288	205	907	802	2384	649	808	98	146	331	367	90	920	572	266	182	381	72	118	14	192	465	291	1388	972	271	1	763	232	1066	910	0	39	1098	966	9	228	16	1424	280	67	574	694	727	216	481	1	332	
