1	0.000000
2	0.000000
3	0.000000
4	0.000000
5	0.000000
6	0.000000
7	0.000000
8	0.000000
9	0.000000
10	0.000000
11	0.000000
12	0.000000
13	0.000000
14	0.000000
15	0.000000
16	0.000000
17	0.000000
18	0.000000
19	0.000000
20	0.000000
21	0.000000
22	0.000000
23	0.000000
24	0.000000
25	0.000000
26	0.000000
27	0.000000
28	0.000000
29	0.000000
30	0.000000
31	0.000000
32	0.000000
33	0.000000
34	0.000000
35	0.000000
36	0.000000
37	0.000000
38	0.000000
39	0.000000
40	0.000000
41	0.000000
42	0.000000
43	0.000000
44	0.000000
45	0.000000
46	0.000000
47	0.000000
48	0.000000
49	0.000000
50	0.000000
51	0.000000
52	0.000000
53	0.000000
54	0.000000
55	0.000000
56	0.000000
57	0.000000
58	0.000000
59	0.000000
60	0.000000
61	0.000000
62	0.000000
63	0.000000
64	0.000000
65	0.000000
66	0.000000
67	0.000000
68	0.000000
69	0.000000
70	0.000000
71	0.000000
72	0.000000
73	0.000000
74	0.000000
75	0.000016
76	0.000032
77	0.000048
78	0.000080
79	0.000112
80	0.000176
81	0.000240
82	0.000368
83	0.000496
84	0.000736
85	0.001008
86	0.001488
87	0.001968
88	0.002896
89	0.003792
90	0.005520
91	0.007152
92	0.010256
93	0.012736
94	0.017824
95	0.022080
96	0.029536
97	0.034752
98	0.044384
99	0.050048
100	0.059216
101	0.064576
102	0.073568
103	0.075968
104	0.083568
105	0.085360
106	0.092528
107	0.094400
108	0.101008
109	0.100400
110	0.105488
111	0.105888
112	0.112192
113	0.111456
114	0.116752
115	0.114416
116	0.118976
117	0.118192
118	0.123152
119	0.122576
120	0.125440
121	0.123312
122	0.127152
123	0.126256
124	0.129088
125	0.127504
126	0.130320
127	0.128976
128	0.132336
129	0.131744
130	0.134160
131	0.132480
132	0.135600
133	0.133936
134	0.137808
135	0.136704
136	0.138800
137	0.137968
138	0.140528
139	0.140048
140	0.142784
141	0.140592
142	0.144144
143	0.141360
144	0.142672
145	0.141728
146	0.144272
147	0.141392
148	0.143712
149	0.143488
150	0.146464
151	0.145344
152	0.147328
153	0.145376
154	0.146688
155	0.146304
156	0.147984
157	0.147104
158	0.149088
159	0.147296
160	0.147792
161	0.146944
162	0.149152
163	0.147808
164	0.148448
165	0.148256
166	0.149312
167	0.149024
168	0.150480
169	0.148448
170	0.150304
171	0.149472
172	0.151568
173	0.149712
174	0.152192
175	0.151184
176	0.151696
177	0.150896
178	0.151344
179	0.151120
180	0.151728
181	0.150608
182	0.152896
183	0.150576
184	0.153232
185	0.152480
186	0.154464
187	0.153312
188	0.154240
189	0.152928
190	0.154288
191	0.153344
192	0.153952
193	0.153712
194	0.154816
195	0.154096
196	0.156336
197	0.154960
198	0.155728
199	0.154272
200	0.155488
201	0.154432
202	0.155136
203	0.154144
204	0.154336
205	0.153712
206	0.154176
207	0.153936
208	0.155200
209	0.154448
210	0.154480
211	0.153872
212	0.155152
213	0.155376
214	0.156512
215	0.154640
216	0.154400
217	0.154400
218	0.155104
219	0.154752
220	0.155520
221	0.155360
222	0.155616
223	0.155296
224	0.156384
225	0.156032
226	0.156432
227	0.156416
228	0.157968
229	0.156720
230	0.156784
231	0.155232
232	0.156240
233	0.156512
234	0.155952
235	0.155984
236	0.157120
237	0.156336
238	0.157120
239	0.156528
240	0.157360
241	0.157328
242	0.158672
243	0.157728
244	0.158368
245	0.158672
246	0.159920
247	0.158528
248	0.159968
249	0.157936
250	0.158368
251	0.158496
252	0.159360
253	0.158656
254	0.159120
255	0.158768
256	0.159792
257	0.159504
258	0.161104
259	0.160032
260	0.159920
261	0.160208
262	0.160016
263	0.160160
264	0.160640
265	0.160160
266	0.159264
267	0.158576
268	0.159728
269	0.159440
270	0.159744
271	0.159200
272	0.160272
273	0.160208
274	0.161104
275	0.160592
276	0.160448
277	0.159920
278	0.161296
279	0.161152
280	0.161424
281	0.160272
282	0.160000
283	0.160128
284	0.161296
285	0.161200
286	0.161904
287	0.161216
288	0.161648
289	0.161152
290	0.162848
291	0.161248
292	0.162032
293	0.161904
294	0.160688
295	0.160272
296	0.160128
297	0.160384
298	0.161328
299	0.161776
300	0.162304
301	0.161792
302	0.162640
303	0.162928
304	0.163872
305	0.162112
306	0.163456
307	0.162384
308	0.163792
309	0.163056
310	0.163184
311	0.162768
312	0.162544
313	0.162208
314	0.163088
315	0.163296
316	0.162800
317	0.163248
318	0.163600
319	0.163136
320	0.163552
321	0.162560
322	0.163616
323	0.164320
324	0.164672
325	0.165488
326	0.165600
327	0.164368
328	0.164512
329	0.164640
330	0.165264
331	0.164560
332	0.164384
333	0.163888
334	0.164688
335	0.163728
336	0.163584
337	0.162688
338	0.162128
339	0.162576
340	0.162592
341	0.162960
342	0.163408
343	0.162640
344	0.163424
345	0.163088
346	0.163504
347	0.164288
348	0.164752
349	0.164384
350	0.164672
351	0.163984
352	0.164640
353	0.164720
354	0.166256
355	0.165040
356	0.165648
357	0.164240
358	0.165008
359	0.165104
360	0.165168
361	0.163824
362	0.164240
363	0.165024
364	0.164784
365	0.165488
366	0.164992
367	0.164784
368	0.165680
369	0.164432
370	0.165872
371	0.165920
372	0.165728
373	0.165776
374	0.166192
375	0.165168
376	0.165984
377	0.165984
378	0.166592
379	0.165168
380	0.165712
381	0.165392
382	0.165600
383	0.164848
384	0.165856
385	0.165728
386	0.165984
387	0.165536
388	0.165952
389	0.165232
390	0.165216
391	0.165168
392	0.165344
393	0.165232
394	0.164528
395	0.164672
396	0.164512
397	0.165168
398	0.164704
399	0.163568
400	0.163696
401	0.164624
402	0.165360
403	0.165216
404	0.165392
405	0.165920
406	0.165728
407	0.165136
408	0.166256
409	0.165072
410	0.165744
411	0.165424
412	0.165440
413	0.164880
414	0.165696
415	0.165280
416	0.165856
417	0.164896
418	0.165776
419	0.166368
420	0.166544
421	0.166416
422	0.167296
423	0.166624
424	0.166816
425	0.166112
426	0.166640
427	0.166288
428	0.166992
429	0.167120
430	0.167584
431	0.167776
432	0.167536
433	0.167632
434	0.167712
435	0.167472
436	0.167248
437	0.167792
438	0.167888
439	0.167312
440	0.167360
441	0.167504
442	0.168016
443	0.166672
444	0.167520
445	0.166848
446	0.166624
447	0.166304
448	0.166912
449	0.165792
450	0.165904
451	0.165808
452	0.165856
453	0.166464
454	0.166288
455	0.166304
456	0.166624
457	0.165856
458	0.166208
459	0.165872
460	0.166416
461	0.166384
462	0.166112
463	0.167040
464	0.167808
465	0.166464
466	0.167328
467	0.167408
468	0.166768
469	0.166752
470	0.166448
471	0.166928
472	0.166768
473	0.167344
474	0.167760
475	0.167072
476	0.168176
477	0.166992
478	0.166848
479	0.167120
480	0.167728
481	0.167376
482	0.167376
483	0.165632
484	0.166640
485	0.166304
486	0.166160
487	0.166144
488	0.165568
489	0.163712
490	0.164192
491	0.164096
492	0.164416
493	0.165168
494	0.164624
495	0.165376
496	0.164992
497	0.165136
498	0.165200
499	0.164160
500	0.164064
501	0.164624
502	0.165632
503	0.164976
504	0.164112
505	0.164064
506	0.164608
507	0.164656
508	0.164928
509	0.164448
510	0.164272
511	0.164864
512	0.165296
513	0.165312
514	0.164976
515	0.164288
516	0.165040
517	0.164624
518	0.164992
519	0.165136
520	0.165040
521	0.164112
522	0.164064
523	0.164944
524	0.163792
525	0.163520
526	0.162624
527	0.162768
528	0.163904
529	0.163168
530	0.163264
531	0.163232
532	0.162544
533	0.162976
534	0.163472
535	0.163232
536	0.163232
537	0.163360
538	0.163680
539	0.163376
540	0.164208
541	0.163504
542	0.163664
543	0.162880
544	0.163584
545	0.163216
546	0.163648
547	0.163680
548	0.163360
549	0.162560
550	0.163104
551	0.161584
552	0.162384
553	0.162064
554	0.162480
555	0.161808
556	0.161456
557	0.161600
558	0.161920
559	0.161632
560	0.162176
561	0.162736
562	0.162192
563	0.161920
564	0.162304
565	0.162176
566	0.161888
567	0.161520
568	0.161760
569	0.161440
570	0.161872
571	0.162112
572	0.161408
573	0.162000
574	0.161472
575	0.161088
576	0.161312
577	0.160848
578	0.160512
579	0.160704
580	0.160208
581	0.160288
582	0.160064
583	0.160176
584	0.160208
585	0.159552
586	0.159936
587	0.159920
588	0.159664
589	0.159328
590	0.159344
591	0.159552
592	0.159408
593	0.158512
594	0.158384
595	0.157840
596	0.157872
597	0.158384
598	0.158160
599	0.158096
600	0.158320
601	0.157744
602	0.157904
603	0.156976
604	0.157232
605	0.158016
606	0.158000
607	0.157616
608	0.157616
609	0.157488
610	0.157808
611	0.157120
612	0.158240
613	0.158848
614	0.159376
615	0.159008
616	0.158704
617	0.158336
618	0.157120
619	0.157152
620	0.157536
621	0.156784
622	0.156800
623	0.157312
624	0.156464
625	0.156672
626	0.156064
627	0.155952
628	0.156256
629	0.156928
630	0.156944
631	0.156048
632	0.155952
633	0.155168
634	0.155552
635	0.155568
636	0.156000
637	0.155360
638	0.155616
639	0.156192
640	0.155904
641	0.155424
642	0.156240
643	0.156192
644	0.155872
645	0.156512
646	0.157024
647	0.156704
648	0.157296
649	0.156720
650	0.157280
651	0.156640
652	0.157248
653	0.156096
654	0.157248
655	0.156672
656	0.156800
657	0.157248
658	0.157200
659	0.157152
660	0.156400
661	0.155888
662	0.155760
663	0.155792
664	0.156192
665	0.156112
666	0.155776
667	0.155008
668	0.156000
669	0.155376
670	0.155312
671	0.154848
672	0.155328
673	0.155504
674	0.155744
675	0.155120
676	0.154832
677	0.155552
678	0.155072
679	0.155040
680	0.155504
681	0.155264
682	0.155584
683	0.154768
684	0.154224
685	0.154768
686	0.154928
687	0.153856
688	0.154016
689	0.154080
690	0.155200
691	0.154992
692	0.155520
693	0.155584
694	0.155680
695	0.155488
696	0.156128
697	0.155856
698	0.155360
699	0.155728
700	0.155264
701	0.154656
702	0.154624
703	0.155056
704	0.155056
705	0.154688
706	0.153824
707	0.154512
708	0.154864
709	0.154768
710	0.154224
711	0.154528
712	0.154688
713	0.155008
714	0.155376
715	0.154480
716	0.154720
717	0.152976
718	0.153168
719	0.153920
720	0.153248
721	0.152784
722	0.153328
723	0.152464
724	0.152032
725	0.152448
726	0.152704
727	0.152176
728	0.152144
729	0.152768
730	0.152144
731	0.152016
732	0.152848
733	0.153072
734	0.153312
735	0.153648
736	0.152640
737	0.152256
738	0.153136
739	0.152768
740	0.152432
741	0.152080
742	0.152480
743	0.153168
744	0.153920
745	0.153104
746	0.153248
747	0.152832
748	0.153312
749	0.153360
750	0.153088
751	0.152736
752	0.152336
753	0.152016
754	0.152416
755	0.151984
756	0.152944
757	0.152672
758	0.153632
759	0.153600
760	0.152880
761	0.153296
762	0.153440
763	0.153040
764	0.153440
765	0.153328
766	0.153040
767	0.152352
768	0.151488
769	0.152896
770	0.152624
771	0.151072
772	0.152496
773	0.152864
774	0.153744
775	0.153520
776	0.153184
777	0.153360
778	0.152912
779	0.152704
780	0.153312
781	0.153088
782	0.153296
783	0.153744
784	0.154048
785	0.153056
786	0.152720
787	0.151920
788	0.152160
789	0.152272
790	0.151776
791	0.150096
792	0.151072
793	0.150704
794	0.151184
795	0.151216
796	0.150896
797	0.150928
798	0.150528
799	0.150528
800	0.150624
801	0.150480
802	0.150928
803	0.151072
804	0.149968
805	0.150144
806	0.148976
807	0.149408
808	0.149248
809	0.148880
810	0.149024
811	0.150144
812	0.149488
813	0.149680
814	0.149360
815	0.149456
816	0.149440
817	0.149312
818	0.148400
819	0.148896
820	0.149200
821	0.148656
822	0.148800
823	0.148880
824	0.149440
825	0.148592
826	0.148176
827	0.148560
828	0.148560
829	0.149072
830	0.149280
831	0.148848
832	0.148352
833	0.148208
834	0.148624
835	0.148448
836	0.148880
837	0.148576
838	0.147840
839	0.148048
840	0.149200
841	0.149584
842	0.149840
843	0.150336
844	0.149904
845	0.150656
846	0.150416
847	0.150560
848	0.150336
849	0.149232
850	0.149520
851	0.149616
852	0.149216
853	0.149360
854	0.148112
855	0.147968
856	0.147808
857	0.147696
858	0.148496
859	0.149216
860	0.149104
861	0.148288
862	0.148096
863	0.148928
864	0.148256
865	0.148640
866	0.149216
867	0.148896
868	0.149168
869	0.148624
870	0.148240
871	0.147872
872	0.149024
873	0.148576
874	0.148640
875	0.148640
876	0.149008
877	0.148144
878	0.148976
879	0.148928
880	0.148928
881	0.147600
882	0.148576
883	0.148256
884	0.148528
885	0.147936
886	0.148144
887	0.148096
888	0.147648
889	0.148096
890	0.147760
891	0.147456
892	0.146816
893	0.146800
894	0.147888
895	0.148128
896	0.148528
897	0.148032
898	0.147408
899	0.147504
900	0.147696
901	0.147024
902	0.147216
903	0.147248
904	0.147664
905	0.146976
906	0.147136
907	0.147760
908	0.147600
909	0.147712
910	0.148064
911	0.147520
912	0.147904
913	0.148128
914	0.148768
915	0.147760
916	0.147872
917	0.147616
918	0.146512
919	0.147088
920	0.146976
921	0.147232
922	0.146352
923	0.146576
924	0.147296
925	0.147680
926	0.147856
927	0.146960
928	0.147584
929	0.146672
930	0.147120
931	0.147280
932	0.146848
933	0.146480
934	0.147104
935	0.146784
936	0.147072
937	0.146448
938	0.146896
939	0.147632
940	0.147072
941	0.147456
942	0.146768
943	0.145552
944	0.145296
945	0.145728
946	0.146096
947	0.145504
948	0.145840
949	0.146080
950	0.145696
951	0.146368
952	0.146640
953	0.146544
954	0.145984
955	0.145872
956	0.147120
957	0.146912
958	0.146992
959	0.146688
960	0.146864
961	0.147152
962	0.147008
963	0.146864
964	0.146352
965	0.146720
966	0.146608
967	0.146384
968	0.146080
969	0.146368
970	0.146912
971	0.146800
972	0.146544
973	0.145856
974	0.146656
975	0.146432
976	0.146160
977	0.145696
978	0.146624
979	0.146768
980	0.146352
981	0.145824
982	0.146000
983	0.145536
984	0.145376
985	0.146016
986	0.147152
987	0.146928
988	0.145952
989	0.146112
990	0.145680
991	0.146160
992	0.147280
993	0.146576
994	0.147120
995	0.147120
996	0.147248
997	0.146112
998	0.145728
999	0.145312
1000	0.146640
1001	0.145920
1002	0.145952
1003	0.145872
1004	0.146176
1005	0.145728
1006	0.145872
1007	0.145760
1008	0.145952
1009	0.146320
1010	0.146240
1011	0.145728
1012	0.145200
1013	0.145424
1014	0.145456
1015	0.144992
1016	0.144496
1017	0.144608
1018	0.145520
1019	0.145248
1020	0.145856
1021	0.145520
1022	0.145888
1023	0.145408
1024	0.145472
1025	0.146192
1026	0.145968
1027	0.144640
1028	0.144400
1029	0.144480
1030	0.144592
1031	0.144112
1032	0.143664
1033	0.143584
1034	0.143984
1035	0.144064
1036	0.143712
1037	0.143616
1038	0.143072
1039	0.142800
1040	0.143632
1041	0.143648
1042	0.143712
1043	0.143536
1044	0.143424
1045	0.143456
1046	0.143552
1047	0.144000
1048	0.143856
1049	0.143200
1050	0.143728
1051	0.143600
1052	0.143696
1053	0.143808
1054	0.144048
1055	0.142832
1056	0.143696
1057	0.144256
1058	0.143712
1059	0.143936
1060	0.144176
1061	0.145136
1062	0.145296
1063	0.144944
1064	0.145200
1065	0.145168
1066	0.145264
1067	0.144544
1068	0.144464
1069	0.145280
1070	0.144752
1071	0.144128
1072	0.144112
1073	0.144400
1074	0.144128
1075	0.143840
1076	0.144768
1077	0.144304
1078	0.144128
1079	0.144768
1080	0.145024
1081	0.144176
1082	0.144224
1083	0.144480
1084	0.144496
1085	0.144320
1086	0.144080
1087	0.144656
1088	0.143984
1089	0.144752
1090	0.144208
1091	0.144176
1092	0.144448
1093	0.144448
1094	0.144400
1095	0.144368
1096	0.144432
1097	0.143984
1098	0.143552
1099	0.144496
1100	0.144256
1101	0.144704
1102	0.144816
1103	0.145008
1104	0.144560
1105	0.145104
1106	0.144048
1107	0.144592
1108	0.144544
1109	0.144016
1110	0.144096
1111	0.143984
1112	0.144384
1113	0.144096
1114	0.144720
1115	0.144048
1116	0.144688
1117	0.143712
1118	0.143360
1119	0.142640
1120	0.144064
1121	0.144128
1122	0.144032
1123	0.144464
1124	0.144704
1125	0.144368
1126	0.144064
1127	0.143328
1128	0.143792
1129	0.144448
1130	0.144128
1131	0.143824
1132	0.143328
1133	0.144192
1134	0.144752
1135	0.143904
1136	0.144080
1137	0.143552
1138	0.143472
1139	0.143360
1140	0.143488
1141	0.143168
1142	0.143824
1143	0.144288
1144	0.144288
1145	0.143824
1146	0.144384
1147	0.144032
1148	0.144032
1149	0.143744
1150	0.144080
1151	0.144192
1152	0.144560
1153	0.144336
1154	0.143760
1155	0.144064
1156	0.144704
1157	0.144320
1158	0.144416
1159	0.144752
1160	0.144432
1161	0.144656
1162	0.143952
1163	0.144048
1164	0.144816
1165	0.144624
1166	0.143808
1167	0.143824
1168	0.143424
1169	0.143488
1170	0.143600
1171	0.142496
1172	0.142784
1173	0.141936
1174	0.142240
1175	0.142288
1176	0.142752
1177	0.142880
1178	0.142544
1179	0.142944
1180	0.143312
1181	0.143232
1182	0.143408
1183	0.142816
1184	0.142304
1185	0.142816
1186	0.143792
1187	0.143088
1188	0.143264
1189	0.143376
1190	0.143776
1191	0.143360
1192	0.143696
1193	0.144144
1194	0.143024
1195	0.143440
1196	0.143760
1197	0.143760
1198	0.144016
1199	0.144448
1200	0.145104
1201	0.144496
1202	0.144560
1203	0.144368
1204	0.144464
1205	0.144320
1206	0.145088
1207	0.144816
1208	0.145360
1209	0.145104
1210	0.145008
1211	0.144512
1212	0.144336
1213	0.144288
1214	0.143584
1215	0.143280
1216	0.143008
1217	0.142720
1218	0.143376
1219	0.143184
1220	0.142784
1221	0.143072
1222	0.142752
1223	0.142864
1224	0.142736
1225	0.142208
1226	0.142560
1227	0.141936
1228	0.142544
1229	0.142864
1230	0.142752
1231	0.143264
1232	0.143424
1233	0.142928
1234	0.143056
1235	0.142624
1236	0.142848
1237	0.143168
1238	0.143136
1239	0.143520
1240	0.143728
1241	0.143648
1242	0.143200
1243	0.142560
1244	0.143600
1245	0.142960
1246	0.142720
1247	0.142416
1248	0.142656
1249	0.141424
1250	0.141872
1251	0.142528
1252	0.142544
1253	0.142592
1254	0.142816
1255	0.142592
1256	0.142240
1257	0.141392
1258	0.141904
1259	0.141872
1260	0.142016
1261	0.142384
1262	0.142320
1263	0.142496
1264	0.142464
1265	0.142752
1266	0.142896
1267	0.142544
1268	0.141856
1269	0.142240
1270	0.141856
1271	0.141808
1272	0.142144
1273	0.141392
1274	0.141312
1275	0.140752
1276	0.141184
1277	0.141296
1278	0.141712
1279	0.142256
1280	0.141904
1281	0.142464
1282	0.142416
1283	0.142528
1284	0.142752
1285	0.142784
1286	0.143024
1287	0.142960
1288	0.143104
1289	0.143040
1290	0.142304
1291	0.142208
1292	0.143296
1293	0.143360
1294	0.142896
1295	0.142496
1296	0.143344
1297	0.143696
1298	0.143360
1299	0.143344
1300	0.142576
1301	0.142816
1302	0.142400
1303	0.142640
1304	0.141856
1305	0.141888
1306	0.142096
1307	0.142432
1308	0.142416
1309	0.142736
1310	0.142464
1311	0.143056
1312	0.143504
1313	0.143072
1314	0.142832
1315	0.142960
1316	0.143056
1317	0.143056
1318	0.142512
1319	0.142128
1320	0.142208
1321	0.142992
1322	0.142640
1323	0.141856
1324	0.142304
1325	0.143216
1326	0.142704
1327	0.143552
1328	0.142544
1329	0.142464
1330	0.143360
1331	0.143040
1332	0.142400
1333	0.142384
1334	0.143280
1335	0.143008
1336	0.143056
1337	0.141920
1338	0.141904
1339	0.142352
1340	0.142496
1341	0.142336
1342	0.143056
1343	0.142512
1344	0.142608
1345	0.143024
1346	0.142416
1347	0.142272
1348	0.142304
1349	0.142112
1350	0.142336
1351	0.141776
1352	0.141600
1353	0.141664
1354	0.141856
1355	0.141392
1356	0.141968
1357	0.141440
1358	0.141488
1359	0.140608
1360	0.140880
1361	0.140736
1362	0.141792
1363	0.141712
1364	0.141408
1365	0.141120
1366	0.140640
1367	0.140544
1368	0.141456
1369	0.141024
1370	0.141888
1371	0.140672
1372	0.141024
1373	0.141104
1374	0.141696
1375	0.140848
1376	0.141680
1377	0.141568
1378	0.140960
1379	0.140656
1380	0.140912
1381	0.140704
1382	0.140928
1383	0.140640
1384	0.141328
1385	0.139952
1386	0.140576
1387	0.141008
1388	0.141088
1389	0.140992
1390	0.141824
1391	0.141680
1392	0.141808
1393	0.142112
1394	0.142000
1395	0.141984
1396	0.141728
1397	0.141360
1398	0.141520
1399	0.141728
1400	0.141296
1401	0.141888
1402	0.142096
1403	0.142112
1404	0.142000
1405	0.141072
1406	0.141664
1407	0.142016
1408	0.141344
1409	0.141760
1410	0.141584
1411	0.141104
1412	0.141488
1413	0.141776
1414	0.142176
1415	0.141552
1416	0.141552
1417	0.141744
1418	0.141328
1419	0.141312
1420	0.141504
1421	0.141472
1422	0.141456
1423	0.141232
1424	0.140464
1425	0.139744
1426	0.140960
1427	0.141024
1428	0.140720
1429	0.139504
1430	0.139408
1431	0.140192
1432	0.140880
1433	0.140448
1434	0.140448
1435	0.139792
1436	0.139904
1437	0.139792
1438	0.139984
1439	0.140464
1440	0.140208
1441	0.139936
1442	0.140992
1443	0.141408
1444	0.141488
1445	0.141600
1446	0.141568
1447	0.141264
1448	0.141808
1449	0.141744
1450	0.142336
1451	0.142272
1452	0.142112
1453	0.142048
1454	0.141872
1455	0.141104
1456	0.141248
1457	0.142000
1458	0.141520
1459	0.141088
1460	0.141216
1461	0.142288
1462	0.142320
1463	0.142672
1464	0.143088
1465	0.142672
1466	0.141856
1467	0.141984
1468	0.142176
1469	0.142112
1470	0.142048
1471	0.141504
1472	0.141744
1473	0.142144
1474	0.141760
1475	0.142128
1476	0.141552
1477	0.141920
1478	0.141680
1479	0.140816
1480	0.141552
1481	0.141056
1482	0.140688
1483	0.140752
1484	0.141472
1485	0.141376
1486	0.141040
1487	0.139872
1488	0.140912
1489	0.141040
1490	0.140400
1491	0.140432
1492	0.140192
1493	0.140640
1494	0.140976
1495	0.140784
1496	0.141648
1497	0.140768
1498	0.141888
1499	0.141040
1500	0.140784
1501	0.141632
1502	0.141200
1503	0.142224
1504	0.142256
1505	0.142336
1506	0.141712
1507	0.141888
1508	0.141216
1509	0.141520
1510	0.141024
1511	0.140320
1512	0.140736
1513	0.140368
1514	0.140608
1515	0.140544
1516	0.140208
1517	0.141008
1518	0.139120
1519	0.140048
1520	0.140224
1521	0.139696
1522	0.140592
1523	0.140160
1524	0.140592
1525	0.140192
1526	0.139776
1527	0.140320
1528	0.140032
1529	0.140608
1530	0.140992
1531	0.140656
1532	0.140864
1533	0.140592
1534	0.140800
1535	0.140288
1536	0.139824
1537	0.139808
1538	0.139536
1539	0.140224
1540	0.139824
1541	0.139728
1542	0.139664
1543	0.140496
1544	0.140432
1545	0.140432
1546	0.140880
1547	0.140240
1548	0.140608
1549	0.140432
1550	0.140352
1551	0.139712
1552	0.140064
1553	0.139968
1554	0.139376
1555	0.140544
1556	0.139760
1557	0.140432
1558	0.139808
1559	0.140256
1560	0.140400
1561	0.140736
1562	0.140064
1563	0.140320
1564	0.140224
1565	0.140368
1566	0.140032
1567	0.139552
1568	0.139168
1569	0.139360
1570	0.139824
1571	0.140096
1572	0.139792
1573	0.140272
1574	0.140176
1575	0.140224
1576	0.140032
1577	0.139872
1578	0.140704
1579	0.141408
1580	0.141024
1581	0.140624
1582	0.141152
1583	0.140736
1584	0.140528
1585	0.140480
1586	0.140416
1587	0.140800
1588	0.140560
1589	0.140784
1590	0.141056
1591	0.141120
1592	0.141248
1593	0.140992
1594	0.140464
1595	0.141584
1596	0.141072
1597	0.141280
1598	0.141232
1599	0.140672
1600	0.140512
1601	0.141216
1602	0.140544
1603	0.140944
1604	0.141552
1605	0.140368
1606	0.140336
1607	0.140928
1608	0.141072
1609	0.140832
1610	0.141344
1611	0.141024
1612	0.141584
1613	0.141296
1614	0.141136
1615	0.141280
1616	0.141152
1617	0.140784
1618	0.141040
1619	0.140240
1620	0.140832
1621	0.140688
1622	0.141264
1623	0.140560
1624	0.140320
1625	0.139632
1626	0.139792
1627	0.139552
1628	0.140400
1629	0.139824
1630	0.140080
1631	0.139520
1632	0.140112
1633	0.140208
1634	0.140944
1635	0.141280
1636	0.140752
1637	0.140032
1638	0.140096
1639	0.139856
1640	0.139008
1641	0.139488
1642	0.139920
1643	0.139456
1644	0.139648
1645	0.139616
1646	0.139504
1647	0.139952
1648	0.140048
1649	0.139632
1650	0.139456
1651	0.139712
1652	0.140160
1653	0.139312
1654	0.139056
1655	0.139472
1656	0.139696
1657	0.139024
1658	0.138736
1659	0.138768
1660	0.140176
1661	0.139152
1662	0.140144
1663	0.140704
1664	0.140512
1665	0.140368
1666	0.140448
1667	0.140240
1668	0.140432
1669	0.139824
1670	0.139856
1671	0.139712
1672	0.139024
1673	0.138048
1674	0.139472
1675	0.138512
1676	0.138736
1677	0.139216
1678	0.140256
1679	0.139072
1680	0.138928
1681	0.138464
1682	0.138752
1683	0.139184
1684	0.139024
1685	0.138848
1686	0.138928
1687	0.138848
1688	0.138400
1689	0.138528
1690	0.139120
1691	0.138896
1692	0.138464
1693	0.138368
1694	0.137904
1695	0.138480
1696	0.137712
1697	0.138704
1698	0.138704
1699	0.138384
1700	0.138240
1701	0.137760
1702	0.137648
1703	0.137808
1704	0.138144
1705	0.138720
1706	0.139552
1707	0.138448
1708	0.138720
1709	0.138576
1710	0.138544
1711	0.138768
1712	0.138880
1713	0.138800
1714	0.138704
1715	0.138720
1716	0.138304
1717	0.139056
1718	0.138336
1719	0.138224
1720	0.137808
1721	0.138640
1722	0.139040
1723	0.139024
1724	0.139280
1725	0.138816
1726	0.138944
1727	0.139360
1728	0.139216
1729	0.138960
1730	0.139792
1731	0.138672
1732	0.139120
1733	0.139152
1734	0.139888
1735	0.139856
1736	0.140176
1737	0.140336
1738	0.139200
1739	0.139536
1740	0.139072
1741	0.139072
1742	0.139184
1743	0.139280
1744	0.138352
1745	0.138208
1746	0.137984
1747	0.138112
1748	0.138912
1749	0.138688
1750	0.138848
1751	0.138416
1752	0.138384
1753	0.138464
1754	0.138592
1755	0.138528
1756	0.138288
1757	0.138288
1758	0.138208
1759	0.137872
1760	0.137824
1761	0.138112
1762	0.138448
1763	0.138464
1764	0.138240
1765	0.137760
1766	0.139184
1767	0.138688
1768	0.138576
1769	0.139008
1770	0.138720
1771	0.139024
1772	0.139168
1773	0.139264
1774	0.139088
1775	0.139136
1776	0.138960
1777	0.139056
1778	0.139312
1779	0.139600
1780	0.139520
1781	0.139632
1782	0.139440
1783	0.139056
1784	0.138800
1785	0.138256
1786	0.138512
1787	0.138576
1788	0.138688
1789	0.138864
1790	0.138992
1791	0.138976
1792	0.138736
1793	0.138832
1794	0.138352
1795	0.138432
1796	0.139008
1797	0.138512
1798	0.138544
1799	0.139056
1800	0.138448
1801	0.138816
1802	0.137840
1803	0.138416
1804	0.138768
1805	0.138736
1806	0.139216
1807	0.138960
1808	0.139168
1809	0.138736
1810	0.138048
1811	0.137840
1812	0.138544
1813	0.138608
1814	0.139072
1815	0.139344
1816	0.138992
1817	0.139408
1818	0.139776
1819	0.139344
1820	0.139648
1821	0.139760
1822	0.139744
1823	0.140384
1824	0.139648
1825	0.139776
1826	0.140080
1827	0.140576
1828	0.140416
1829	0.140000
1830	0.140400
1831	0.140080
1832	0.139712
1833	0.140704
1834	0.140096
1835	0.140416
1836	0.140096
1837	0.139968
1838	0.140592
1839	0.140944
1840	0.141136
1841	0.140656
1842	0.140896
1843	0.140224
1844	0.139712
1845	0.140128
1846	0.140720
1847	0.140640
1848	0.141296
1849	0.140896
1850	0.141280
1851	0.140992
1852	0.140704
1853	0.140512
1854	0.140192
1855	0.139616
1856	0.140336
1857	0.141072
1858	0.140832
1859	0.140528
1860	0.140608
1861	0.140208
1862	0.140016
1863	0.140080
1864	0.139568
1865	0.139952
1866	0.139856
1867	0.139584
1868	0.140416
1869	0.140688
1870	0.140944
1871	0.141216
1872	0.140880
1873	0.140976
1874	0.140400
1875	0.140496
1876	0.140800
1877	0.139664
1878	0.138944
1879	0.139392
1880	0.139216
1881	0.140048
1882	0.140192
1883	0.139840
1884	0.139600
1885	0.139296
1886	0.139200
1887	0.139216
1888	0.139760
1889	0.140304
1890	0.140048
1891	0.140288
1892	0.140096
1893	0.140432
1894	0.140624
1895	0.140448
1896	0.140112
1897	0.140896
1898	0.140848
1899	0.140752
1900	0.140688
1901	0.140688
1902	0.140608
1903	0.139952
1904	0.139760
1905	0.140384
1906	0.139888
1907	0.140464
1908	0.140368
1909	0.139952
1910	0.139472
1911	0.140048
1912	0.139200
1913	0.139600
1914	0.139392
1915	0.138880
1916	0.139200
1917	0.139088
1918	0.139392
1919	0.138752
1920	0.139232
1921	0.139072
1922	0.139328
1923	0.138976
1924	0.139264
1925	0.139248
1926	0.138816
1927	0.139504
1928	0.139744
1929	0.139248
1930	0.138928
1931	0.139808
1932	0.139392
1933	0.138864
1934	0.139184
1935	0.139168
1936	0.139248
1937	0.138720
1938	0.138240
1939	0.138464
1940	0.138448
1941	0.138048
1942	0.138544
1943	0.139168
1944	0.138400
1945	0.138464
1946	0.138576
1947	0.138144
1948	0.138240
1949	0.138240
1950	0.138656
1951	0.138912
1952	0.139008
1953	0.138704
1954	0.139200
1955	0.138592
1956	0.139120
1957	0.138608
1958	0.138672
1959	0.139360
1960	0.139552
1961	0.138288
1962	0.138992
1963	0.139184
1964	0.139280
1965	0.139584
1966	0.139824
1967	0.140304
1968	0.139312
1969	0.139296
1970	0.138880
1971	0.138752
1972	0.139408
1973	0.139040
1974	0.139584
1975	0.139376
1976	0.139584
1977	0.139680
1978	0.139040
1979	0.138560
1980	0.138720
1981	0.138224
1982	0.139184
1983	0.139344
1984	0.138000
1985	0.137408
1986	0.137504
1987	0.137792
1988	0.137872
1989	0.138064
1990	0.137456
1991	0.137760
1992	0.138352
1993	0.138240
1994	0.138384
1995	0.138080
1996	0.137552
1997	0.138352
1998	0.138016
1999	0.137616
2000	0.138208
2001	0.138080
2002	0.138448
2003	0.137776
2004	0.137728
2005	0.138160
2006	0.138224
2007	0.138832
2008	0.138768
2009	0.137968
2010	0.138512
2011	0.138320
2012	0.138624
2013	0.138992
2014	0.138480
2015	0.138368
2016	0.138912
2017	0.137984
2018	0.138864
2019	0.138544
2020	0.138496
2021	0.138704
2022	0.137856
2023	0.138400
2024	0.138160
2025	0.138496
2026	0.138224
2027	0.138064
2028	0.138704
2029	0.138672
2030	0.138304
2031	0.138496
2032	0.138960
2033	0.138240
2034	0.138592
2035	0.138224
2036	0.137360
2037	0.137072
2038	0.137072
2039	0.137696
2040	0.138624
2041	0.139280
2042	0.139472
2043	0.139344
2044	0.138800
2045	0.138576
2046	0.139616
2047	0.139712
2048	0.139392
2049	0.139984
2050	0.139936
2051	0.139792
2052	0.139408
2053	0.139248
2054	0.139072
2055	0.138624
2056	0.139328
2057	0.138720
2058	0.139536
2059	0.139232
2060	0.139168
2061	0.139376
2062	0.139936
2063	0.139472
2064	0.138992
2065	0.138544
2066	0.138256
2067	0.138800
2068	0.139488
2069	0.139056
2070	0.138896
2071	0.138640
2072	0.138592
2073	0.138608
2074	0.138464
2075	0.138752
2076	0.138080
2077	0.137696
2078	0.137888
2079	0.136704
2080	0.137504
2081	0.137744
2082	0.137824
2083	0.138256
2084	0.138000
2085	0.138016
2086	0.138144
2087	0.138176
2088	0.138752
2089	0.138448
2090	0.137888
2091	0.137840
2092	0.137648
2093	0.136992
2094	0.137024
2095	0.137248
2096	0.137392
2097	0.137344
2098	0.138384
2099	0.138416
2100	0.138256
2101	0.138304
2102	0.138256
2103	0.138832
2104	0.138864
2105	0.139200
2106	0.139280
2107	0.139264
2108	0.139264
2109	0.139488
2110	0.139360
2111	0.139568
2112	0.139328
2113	0.139648
2114	0.138768
2115	0.139296
2116	0.139792
2117	0.139120
2118	0.139376
2119	0.139328
2120	0.138640
2121	0.138512
2122	0.138352
2123	0.138720
2124	0.138608
2125	0.139104
2126	0.138800
2127	0.138192
2128	0.138016
2129	0.138576
2130	0.138736
2131	0.138784
2132	0.138208
2133	0.138000
2134	0.138784
2135	0.138400
2136	0.138960
2137	0.139200
2138	0.138672
2139	0.139376
2140	0.139392
2141	0.138304
2142	0.139312
2143	0.139392
2144	0.139392
2145	0.139712
2146	0.137872
2147	0.138816
2148	0.137568
2149	0.137216
2150	0.138224
2151	0.137648
2152	0.137856
2153	0.138560
2154	0.138384
2155	0.138288
2156	0.137760
2157	0.137904
2158	0.137824
2159	0.137584
2160	0.137584
2161	0.137616
2162	0.137696
2163	0.138336
2164	0.138784
2165	0.138128
2166	0.138144
2167	0.137440
2168	0.138192
2169	0.138624
2170	0.137680
2171	0.138352
2172	0.137968
2173	0.138624
2174	0.138128
2175	0.137520
2176	0.138160
2177	0.138080
2178	0.137696
2179	0.137616
2180	0.138672
2181	0.139056
2182	0.138240
2183	0.138720
2184	0.138704
2185	0.138736
2186	0.139696
2187	0.138224
2188	0.137952
2189	0.138384
2190	0.138528
2191	0.138304
2192	0.137904
2193	0.137504
2194	0.138128
2195	0.138048
2196	0.137520
2197	0.137696
2198	0.137712
2199	0.137376
2200	0.137264
2201	0.137232
2202	0.137376
2203	0.137664
2204	0.136656
2205	0.136864
2206	0.137472
2207	0.137024
2208	0.137520
2209	0.137680
2210	0.137968
2211	0.138016
2212	0.137936
2213	0.138768
2214	0.138880
2215	0.138976
2216	0.139040
2217	0.138720
2218	0.139024
2219	0.139312
2220	0.139008
2221	0.137808
2222	0.137552
2223	0.137296
2224	0.137312
2225	0.137728
2226	0.138080
2227	0.138336
2228	0.137120
2229	0.137440
2230	0.137088
2231	0.136832
2232	0.137904
2233	0.138176
2234	0.137888
2235	0.137456
2236	0.137216
2237	0.137424
2238	0.138336
2239	0.138160
2240	0.138176
2241	0.137440
2242	0.137424
2243	0.137616
2244	0.137744
2245	0.137472
2246	0.137120
2247	0.137584
2248	0.137392
2249	0.137200
2250	0.137712
2251	0.137952
2252	0.137584
2253	0.138672
2254	0.139200
2255	0.139184
2256	0.138336
2257	0.138368
2258	0.138768
2259	0.138784
2260	0.138384
2261	0.138304
2262	0.138016
2263	0.138688
2264	0.138448
2265	0.137968
2266	0.138704
2267	0.138464
2268	0.138944
2269	0.139296
2270	0.138592
2271	0.138752
2272	0.139312
2273	0.138560
2274	0.138576
2275	0.138832
2276	0.138592
2277	0.138624
2278	0.138416
2279	0.138528
2280	0.137072
2281	0.137984
2282	0.138384
2283	0.138656
2284	0.138800
2285	0.138816
2286	0.139280
2287	0.138864
2288	0.138816
2289	0.138864
2290	0.138704
2291	0.138400
2292	0.138352
2293	0.138656
2294	0.138496
2295	0.139040
2296	0.139312
2297	0.138704
2298	0.138000
2299	0.138368
2300	0.137952
2301	0.138032
2302	0.138080
2303	0.138816
2304	0.138240
2305	0.138656
2306	0.137824
2307	0.138144
2308	0.137744
2309	0.137984
2310	0.138336
2311	0.137568
2312	0.137872
2313	0.138288
2314	0.138224
2315	0.138096
2316	0.138112
2317	0.138320
2318	0.137456
2319	0.137072
2320	0.137552
2321	0.137152
2322	0.137200
2323	0.136768
2324	0.136560
2325	0.136688
2326	0.137056
2327	0.136848
2328	0.137120
2329	0.137232
2330	0.137488
2331	0.137472
2332	0.136656
2333	0.136304
2334	0.137360
2335	0.137392
2336	0.137632
2337	0.137744
2338	0.138224
2339	0.137952
2340	0.137840
2341	0.137680
2342	0.136928
2343	0.137120
2344	0.138096
2345	0.137584
2346	0.137568
2347	0.137472
2348	0.136672
2349	0.137296
2350	0.137360
2351	0.137056
2352	0.136128
2353	0.136144
2354	0.136816
2355	0.137088
2356	0.137296
2357	0.137536
2358	0.137696
2359	0.138048
2360	0.137472
2361	0.138384
2362	0.138864
2363	0.137648
2364	0.137680
2365	0.137344
2366	0.137392
2367	0.137744
2368	0.137936
2369	0.137520
2370	0.137408
2371	0.138464
2372	0.138160
2373	0.137792
2374	0.136960
2375	0.137920
2376	0.137792
2377	0.137296
2378	0.137728
2379	0.138400
2380	0.138176
2381	0.137984
2382	0.137760
2383	0.137728
2384	0.137616
2385	0.137648
2386	0.138144
2387	0.138144
2388	0.138240
2389	0.137280
2390	0.137456
2391	0.137744
2392	0.138272
2393	0.137920
2394	0.137904
2395	0.137616
2396	0.137952
2397	0.138224
2398	0.138416
2399	0.139072
2400	0.139536
2401	0.139072
2402	0.138256
2403	0.137840
2404	0.137904
2405	0.137680
2406	0.137728
2407	0.137408
2408	0.138000
2409	0.137376
2410	0.137744
2411	0.137600
2412	0.137392
2413	0.138240
2414	0.138768
2415	0.138512
2416	0.137584
2417	0.137824
2418	0.137328
2419	0.137168
2420	0.138016
2421	0.137808
2422	0.138480
2423	0.138448
2424	0.138720
2425	0.137920
2426	0.137632
2427	0.138688
2428	0.137776
2429	0.137888
2430	0.138144
2431	0.137200
2432	0.136912
2433	0.137088
2434	0.138080
2435	0.138096
2436	0.137760
2437	0.137456
2438	0.136688
2439	0.136784
2440	0.137536
2441	0.137040
2442	0.136448
2443	0.136320
2444	0.136848
2445	0.136592
2446	0.136288
2447	0.136816
2448	0.136784
2449	0.136384
2450	0.135472
2451	0.136080
2452	0.135920
2453	0.136160
2454	0.136352
2455	0.136480
2456	0.136656
2457	0.136816
2458	0.136384
2459	0.137088
2460	0.137056
2461	0.137088
2462	0.136432
2463	0.136336
2464	0.136064
2465	0.136144
2466	0.136592
2467	0.136480
2468	0.135680
2469	0.135552
2470	0.135504
2471	0.136144
2472	0.136224
2473	0.136304
2474	0.135488
2475	0.136592
2476	0.136256
2477	0.136112
2478	0.136608
2479	0.135520
2480	0.135168
2481	0.135952
2482	0.135984
2483	0.136720
2484	0.136464
2485	0.137072
2486	0.136272
2487	0.136544
2488	0.136736
2489	0.136640
2490	0.136544
2491	0.136848
2492	0.137040
2493	0.137056
2494	0.136752
2495	0.136736
2496	0.137328
2497	0.137008
2498	0.137776
2499	0.137536
2500	0.137712
2501	0.136432
2502	0.136720
2503	0.136576
2504	0.137200
2505	0.136512
2506	0.136272
2507	0.136944
2508	0.136320
2509	0.136816
2510	0.136928
2511	0.137056
2512	0.137728
2513	0.137792
2514	0.138448
2515	0.138256
2516	0.138368
2517	0.137456
2518	0.137888
2519	0.137056
2520	0.137904
2521	0.138256
2522	0.138064
2523	0.138512
2524	0.138400
2525	0.138992
2526	0.139024
2527	0.138880
2528	0.137872
2529	0.137456
2530	0.137552
2531	0.138112
2532	0.138416
2533	0.139248
2534	0.138672
2535	0.138848
2536	0.138448
2537	0.139024
2538	0.138544
2539	0.138672
2540	0.138080
2541	0.137536
2542	0.138336
2543	0.138080
2544	0.138400
2545	0.138464
2546	0.137968
2547	0.137936
2548	0.137232
2549	0.136688
2550	0.137024
2551	0.137056
2552	0.137008
2553	0.136256
2554	0.137568
2555	0.137104
2556	0.137184
2557	0.137264
2558	0.137184
2559	0.137040
2560	0.137472
2561	0.137440
2562	0.137696
2563	0.137168
2564	0.137360
2565	0.136768
2566	0.137296
2567	0.137248
2568	0.137536
2569	0.137120
2570	0.136960
2571	0.136624
2572	0.136720
2573	0.137344
2574	0.136720
2575	0.136400
2576	0.136464
2577	0.136608
2578	0.136656
2579	0.136864
2580	0.137152
2581	0.137632
2582	0.136848
2583	0.136944
2584	0.136368
2585	0.136080
2586	0.136848
2587	0.136368
2588	0.136992
2589	0.136064
2590	0.136448
2591	0.135712
2592	0.135696
2593	0.135632
2594	0.135680
2595	0.135056
2596	0.135072
2597	0.135632
2598	0.134576
2599	0.135840
2600	0.135808
2601	0.135872
2602	0.135248
2603	0.135744
2604	0.136288
2605	0.136336
2606	0.136432
2607	0.136448
2608	0.136160
2609	0.136272
2610	0.136832
2611	0.136464
2612	0.137008
2613	0.137520
2614	0.138256
2615	0.136992
2616	0.137376
2617	0.136752
2618	0.137888
2619	0.137504
2620	0.137552
2621	0.136992
2622	0.137248
2623	0.136720
2624	0.136784
2625	0.137056
2626	0.137600
2627	0.137440
2628	0.137632
2629	0.137872
2630	0.137072
2631	0.137888
2632	0.137312
2633	0.136608
2634	0.137680
2635	0.137216
2636	0.137104
2637	0.137712
2638	0.136976
2639	0.137120
2640	0.136544
2641	0.136960
2642	0.136768
2643	0.136448
2644	0.136592
2645	0.136528
2646	0.136912
2647	0.136720
2648	0.137552
2649	0.137248
2650	0.137280
2651	0.137184
2652	0.136832
2653	0.137152
2654	0.136704
2655	0.137024
2656	0.136912
2657	0.136912
2658	0.136704
2659	0.136416
2660	0.136912
2661	0.136400
2662	0.136496
2663	0.136640
2664	0.136416
2665	0.135824
2666	0.136016
2667	0.136160
2668	0.135664
2669	0.136416
2670	0.136608
2671	0.136064
2672	0.135776
2673	0.135696
2674	0.135680
2675	0.136256
2676	0.136192
2677	0.136432
2678	0.136144
2679	0.136640
2680	0.135888
2681	0.136080
2682	0.136816
2683	0.136752
2684	0.136384
2685	0.136688
2686	0.136976
2687	0.137232
2688	0.136400
2689	0.136192
2690	0.136160
2691	0.136080
2692	0.136048
2693	0.135744
2694	0.135472
2695	0.135904
2696	0.136608
2697	0.136848
2698	0.136704
2699	0.136448
2700	0.136624
2701	0.136752
2702	0.136128
2703	0.136304
2704	0.136672
2705	0.136576
2706	0.136016
2707	0.135744
2708	0.136720
2709	0.136864
2710	0.136256
2711	0.135728
2712	0.136320
2713	0.136720
2714	0.136784
2715	0.136128
2716	0.135760
2717	0.136128
2718	0.136512
2719	0.136352
2720	0.136576
2721	0.136320
2722	0.135792
2723	0.135120
2724	0.135472
2725	0.135456
2726	0.135568
2727	0.135216
2728	0.135456
2729	0.135680
2730	0.135664
2731	0.135680
2732	0.135616
2733	0.134752
2734	0.135024
2735	0.135568
2736	0.136304
2737	0.136112
2738	0.135232
2739	0.134816
2740	0.135328
2741	0.135088
2742	0.134368
2743	0.135792
2744	0.136064
2745	0.135744
2746	0.135888
2747	0.136048
2748	0.135680
2749	0.136352
2750	0.136704
2751	0.136960
2752	0.137360
2753	0.136992
2754	0.136848
2755	0.136976
2756	0.136944
2757	0.136960
2758	0.137376
2759	0.136496
2760	0.136496
2761	0.136544
2762	0.136800
2763	0.137024
2764	0.136560
2765	0.136816
2766	0.137040
2767	0.136272
2768	0.136640
2769	0.135888
2770	0.135568
2771	0.135664
2772	0.135728
2773	0.135664
2774	0.136208
2775	0.136800
2776	0.136496
2777	0.136592
2778	0.137184
2779	0.136592
2780	0.136288
2781	0.136704
2782	0.136608
2783	0.135904
2784	0.135248
2785	0.135872
2786	0.136128
2787	0.135184
2788	0.134704
2789	0.135456
2790	0.135760
2791	0.135760
2792	0.134896
2793	0.134800
2794	0.135040
2795	0.135424
2796	0.135184
2797	0.135424
2798	0.135808
2799	0.135088
2800	0.135376
2801	0.135728
2802	0.136176
2803	0.135856
2804	0.136112
2805	0.135536
2806	0.135888
2807	0.135728
2808	0.136224
2809	0.135920
2810	0.135872
2811	0.136240
2812	0.135856
2813	0.136432
2814	0.135936
2815	0.135840
2816	0.135968
2817	0.135888
2818	0.136048
2819	0.135296
2820	0.135440
2821	0.135360
2822	0.135776
2823	0.135280
2824	0.135712
2825	0.136096
2826	0.135648
2827	0.135328
2828	0.135488
2829	0.135168
2830	0.135520
2831	0.135296
2832	0.135456
2833	0.135536
2834	0.136256
2835	0.135888
2836	0.136112
2837	0.136592
2838	0.136064
2839	0.135296
2840	0.135248
2841	0.135040
2842	0.135872
2843	0.135920
2844	0.135744
2845	0.136624
2846	0.135712
2847	0.135184
2848	0.135104
2849	0.135024
2850	0.135424
2851	0.135408
2852	0.135104
2853	0.134944
2854	0.136272
2855	0.136336
2856	0.135616
2857	0.135728
2858	0.135936
2859	0.135536
2860	0.136128
2861	0.135472
2862	0.134944
2863	0.135024
2864	0.135376
2865	0.136672
2866	0.136000
2867	0.135760
2868	0.135408
2869	0.135840
2870	0.135216
2871	0.135344
2872	0.135264
2873	0.135008
2874	0.135808
2875	0.135184
2876	0.134976
2877	0.134560
2878	0.134896
2879	0.134352
2880	0.135072
2881	0.136288
2882	0.135504
2883	0.136448
2884	0.135760
2885	0.135184
2886	0.136288
2887	0.136048
2888	0.135488
2889	0.135712
2890	0.135888
2891	0.135632
2892	0.136432
2893	0.135456
2894	0.135472
2895	0.134976
2896	0.135616
2897	0.135664
2898	0.136256
2899	0.135824
2900	0.135872
2901	0.135792
2902	0.135648
2903	0.135264
2904	0.135440
2905	0.135504
2906	0.135456
2907	0.135744
2908	0.135648
2909	0.135376
2910	0.135568
2911	0.135888
2912	0.135344
2913	0.135536
2914	0.134944
2915	0.135200
2916	0.135520
2917	0.135248
2918	0.135264
2919	0.134912
2920	0.135360
2921	0.135088
2922	0.135376
2923	0.134736
2924	0.135280
2925	0.136432
2926	0.136736
2927	0.136320
2928	0.136320
2929	0.136704
2930	0.136496
2931	0.136128
2932	0.135792
2933	0.135616
2934	0.135392
2935	0.135264
2936	0.135888
2937	0.136176
2938	0.135312
2939	0.135600
2940	0.134800
2941	0.134544
2942	0.134400
2943	0.134544
2944	0.134832
2945	0.135840
2946	0.135616
2947	0.135888
2948	0.136032
2949	0.137072
2950	0.136560
2951	0.136624
2952	0.135904
2953	0.135232
2954	0.136080
2955	0.136416
2956	0.136432
2957	0.135920
2958	0.135968
2959	0.136048
2960	0.136384
2961	0.136288
2962	0.136464
2963	0.135808
2964	0.135984
2965	0.135408
2966	0.135456
2967	0.135280
2968	0.135504
2969	0.135504
2970	0.134464
2971	0.134880
2972	0.134400
2973	0.134544
2974	0.135360
2975	0.135280
2976	0.134976
2977	0.135056
2978	0.135152
2979	0.135008
2980	0.135312
2981	0.135184
2982	0.135152
2983	0.136176
2984	0.136112
2985	0.135440
2986	0.135744
2987	0.135936
2988	0.136112
2989	0.136208
2990	0.135968
2991	0.136016
2992	0.136288
2993	0.136976
2994	0.136624
2995	0.136288
2996	0.136064
2997	0.135872
2998	0.135456
2999	0.135952
3000	0.136336
3001	0.136512
3002	0.136288
3003	0.136448
3004	0.136208
3005	0.136144
3006	0.136912
3007	0.136448
3008	0.136032
3009	0.136832
3010	0.136480
3011	0.136336
3012	0.136528
3013	0.136752
3014	0.136800
3015	0.137264
3016	0.137136
3017	0.137664
3018	0.137568
3019	0.136752
3020	0.137024
3021	0.137376
3022	0.136944
3023	0.137456
3024	0.137248
3025	0.136736
3026	0.137360
3027	0.137136
3028	0.136432
3029	0.136928
3030	0.135776
3031	0.136848
3032	0.135984
3033	0.135968
3034	0.136112
3035	0.136384
3036	0.135888
3037	0.136144
3038	0.135760
3039	0.135344
3040	0.135424
3041	0.136160
3042	0.135648
3043	0.135376
3044	0.135200
3045	0.135456
3046	0.135424
3047	0.135024
3048	0.134752
3049	0.134544
3050	0.135376
3051	0.135632
3052	0.135584
3053	0.135552
3054	0.135232
3055	0.135680
3056	0.135296
3057	0.136256
3058	0.135648
3059	0.134976
3060	0.134848
3061	0.135152
3062	0.135072
3063	0.135328
3064	0.135312
3065	0.135632
3066	0.135600
3067	0.135552
3068	0.135312
3069	0.135216
3070	0.134656
3071	0.134656
3072	0.134768
3073	0.135008
3074	0.135216
3075	0.136320
3076	0.135648
3077	0.135712
3078	0.135520
3079	0.135088
3080	0.135024
3081	0.134800
3082	0.135632
3083	0.136032
3084	0.135744
3085	0.135680
3086	0.135952
3087	0.135584
3088	0.135760
3089	0.135712
3090	0.135712
3091	0.135520
3092	0.135904
3093	0.135808
3094	0.135840
3095	0.135552
3096	0.135264
3097	0.135456
3098	0.135600
3099	0.135808
3100	0.135664
3101	0.135456
3102	0.136080
3103	0.136208
3104	0.135904
3105	0.135472
3106	0.135536
3107	0.135360
3108	0.135872
3109	0.135408
3110	0.135552
3111	0.134976
3112	0.135520
3113	0.136320
3114	0.135824
3115	0.135728
3116	0.136176
3117	0.135728
3118	0.135888
3119	0.135664
3120	0.136848
3121	0.136112
3122	0.136128
3123	0.136224
3124	0.135824
3125	0.136432
3126	0.136672
3127	0.135904
3128	0.135856
3129	0.136304
3130	0.136144
3131	0.136144
3132	0.135920
3133	0.135952
3134	0.136128
3135	0.136000
3136	0.135904
3137	0.136432
3138	0.135680
3139	0.135984
3140	0.136896
3141	0.136368
3142	0.136752
3143	0.136592
3144	0.136272
3145	0.135872
3146	0.135936
3147	0.135232
3148	0.135568
3149	0.136416
3150	0.136000
3151	0.135952
3152	0.136432
3153	0.135968
3154	0.135248
3155	0.135648
3156	0.135712
3157	0.136064
3158	0.135664
3159	0.135904
3160	0.135728
3161	0.135936
3162	0.135840
3163	0.135760
3164	0.136688
3165	0.136272
3166	0.136480
3167	0.135648
3168	0.136736
3169	0.135984
3170	0.135072
3171	0.135728
3172	0.135664
3173	0.135872
3174	0.136480
3175	0.137136
3176	0.136768
3177	0.136336
3178	0.135552
3179	0.136000
3180	0.134992
3181	0.135136
3182	0.135072
3183	0.135360
3184	0.135536
3185	0.135488
3186	0.136176
3187	0.135744
3188	0.135920
3189	0.136256
3190	0.136208
3191	0.136304
3192	0.136464
3193	0.135824
3194	0.135792
3195	0.136448
3196	0.136400
3197	0.135920
3198	0.135600
3199	0.135824
3200	0.135424
3201	0.135312
3202	0.136656
3203	0.136032
3204	0.136064
3205	0.136000
3206	0.135824
3207	0.135232
3208	0.135520
3209	0.135360
3210	0.135888
3211	0.135952
3212	0.136080
3213	0.136000
3214	0.136032
3215	0.134912
3216	0.135520
3217	0.135232
3218	0.134352
3219	0.134608
3220	0.134640
3221	0.134448
3222	0.134064
3223	0.134080
3224	0.134448
3225	0.135264
3226	0.135600
3227	0.136320
3228	0.136320
3229	0.135584
3230	0.135856
3231	0.136096
3232	0.136176
3233	0.136576
3234	0.136352
3235	0.136672
3236	0.136400
3237	0.136752
3238	0.137296
3239	0.136784
3240	0.136768
3241	0.136576
3242	0.136384
3243	0.136160
3244	0.135872
3245	0.136432
3246	0.136208
3247	0.136352
3248	0.136176
3249	0.136848
3250	0.136496
3251	0.135216
3252	0.135936
3253	0.135920
3254	0.135568
3255	0.135312
3256	0.135264
3257	0.135696
3258	0.135328
3259	0.135824
3260	0.134960
3261	0.134752
3262	0.134944
3263	0.134496
3264	0.134672
3265	0.135200
3266	0.134768
3267	0.134848
3268	0.134880
3269	0.134048
3270	0.134768
3271	0.134800
3272	0.135408
3273	0.134496
3274	0.134512
3275	0.134432
3276	0.134960
3277	0.135264
3278	0.135472
3279	0.135760
3280	0.136224
3281	0.135184
3282	0.134928
3283	0.135232
3284	0.135312
3285	0.136272
3286	0.135808
3287	0.135152
3288	0.135120
3289	0.135568
3290	0.135616
3291	0.135360
3292	0.135168
3293	0.135936
3294	0.135840
3295	0.136176
3296	0.135888
3297	0.135520
3298	0.135376
3299	0.135408
3300	0.135904
3301	0.135280
3302	0.135648
3303	0.135760
3304	0.136416
3305	0.136032
3306	0.135712
3307	0.136368
3308	0.136272
3309	0.135824
3310	0.135744
3311	0.135856
3312	0.135664
3313	0.135232
3314	0.135136
3315	0.134944
3316	0.134880
3317	0.135680
3318	0.135424
3319	0.136096
3320	0.135536
3321	0.134592
3322	0.134064
3323	0.134912
3324	0.135456
3325	0.134816
3326	0.134992
3327	0.134496
3328	0.134320
3329	0.134256
3330	0.134848
3331	0.134896
3332	0.134624
3333	0.135056
3334	0.134160
3335	0.134368
3336	0.134640
3337	0.135120
3338	0.134160
3339	0.134912
3340	0.134848
3341	0.133968
3342	0.134032
3343	0.132768
3344	0.134208
3345	0.134816
3346	0.134176
3347	0.134112
3348	0.133840
3349	0.133376
3350	0.133680
3351	0.134320
3352	0.133856
3353	0.134272
3354	0.134512
3355	0.134032
3356	0.133888
3357	0.134128
3358	0.134608
3359	0.134672
3360	0.134720
3361	0.134432
3362	0.134352
3363	0.134352
3364	0.134224
3365	0.134448
3366	0.134720
3367	0.134480
3368	0.134080
3369	0.134432
3370	0.134432
3371	0.134096
3372	0.133504
3373	0.133408
3374	0.134400
3375	0.134976
3376	0.134880
3377	0.134928
3378	0.134272
3379	0.134880
3380	0.135152
3381	0.134944
3382	0.135232
3383	0.135600
3384	0.136016
3385	0.135440
3386	0.135840
3387	0.135824
3388	0.136048
3389	0.135584
3390	0.135216
3391	0.135584
3392	0.135568
3393	0.135856
3394	0.135424
3395	0.134816
3396	0.135200
3397	0.134528
3398	0.134480
3399	0.135536
3400	0.136064
3401	0.135744
3402	0.134816
3403	0.135472
3404	0.135984
3405	0.135616
3406	0.135552
3407	0.135696
3408	0.135792
3409	0.135296
3410	0.135200
3411	0.135360
3412	0.135584
3413	0.135072
3414	0.134848
3415	0.134336
3416	0.135040
3417	0.135904
3418	0.135584
3419	0.135616
3420	0.135536
3421	0.135440
3422	0.135296
3423	0.135056
3424	0.135552
3425	0.135664
3426	0.135104
3427	0.135488
3428	0.135600
3429	0.135296
3430	0.135584
3431	0.135184
3432	0.135232
3433	0.135984
3434	0.135824
3435	0.135744
3436	0.135392
3437	0.135344
3438	0.134592
3439	0.134640
3440	0.134128
3441	0.134416
3442	0.134064
3443	0.134240
3444	0.134400
3445	0.133584
3446	0.133232
3447	0.133808
3448	0.133296
3449	0.134256
3450	0.135056
3451	0.134464
3452	0.134304
3453	0.135328
3454	0.135408
3455	0.134976
3456	0.134512
3457	0.134304
3458	0.134016
3459	0.134832
3460	0.134928
3461	0.135040
3462	0.134672
3463	0.135488
3464	0.135072
3465	0.134576
3466	0.134992
3467	0.134960
3468	0.135376
3469	0.135360
3470	0.135456
3471	0.135328
3472	0.135856
3473	0.135232
3474	0.134848
3475	0.135280
3476	0.134624
3477	0.134720
3478	0.134624
3479	0.135600
3480	0.134992
3481	0.134496
3482	0.134992
3483	0.135568
3484	0.135152
3485	0.135248
3486	0.135920
3487	0.135488
3488	0.136288
3489	0.136672
3490	0.136624
3491	0.136224
3492	0.136272
3493	0.136528
3494	0.136992
3495	0.136784
3496	0.136160
3497	0.136240
3498	0.136288
3499	0.136368
3500	0.136944
3501	0.136992
3502	0.136992
3503	0.137024
3504	0.136128
3505	0.136384
3506	0.135216
3507	0.135856
3508	0.135520
3509	0.135808
3510	0.135840
3511	0.135968
3512	0.135152
3513	0.135152
3514	0.136176
3515	0.135968
3516	0.135648
3517	0.135216
3518	0.135520
3519	0.136288
3520	0.135744
3521	0.135264
3522	0.136096
3523	0.135888
3524	0.136080
3525	0.136384
3526	0.136016
3527	0.136272
3528	0.136368
3529	0.136432
3530	0.136336
3531	0.136528
3532	0.136368
3533	0.136416
3534	0.136224
3535	0.135968
3536	0.136128
3537	0.135600
3538	0.136240
3539	0.135824
3540	0.135696
3541	0.135040
3542	0.135072
3543	0.135584
3544	0.135904
3545	0.136352
3546	0.136560
3547	0.136240
3548	0.135936
3549	0.136000
3550	0.135824
3551	0.135808
3552	0.135856
3553	0.136192
3554	0.135856
3555	0.136672
3556	0.135904
3557	0.136752
3558	0.136256
3559	0.136064
3560	0.136272
3561	0.136304
3562	0.135632
3563	0.136288
3564	0.136752
3565	0.136768
3566	0.135856
3567	0.136000
3568	0.135808
3569	0.136016
3570	0.135600
3571	0.135760
3572	0.135600
3573	0.136496
3574	0.136576
3575	0.136800
3576	0.136112
3577	0.136528
3578	0.136032
3579	0.135408
3580	0.135264
3581	0.134592
3582	0.134736
3583	0.134592
3584	0.135024
3585	0.134528
3586	0.135120
3587	0.135584
3588	0.135392
3589	0.135600
3590	0.136416
3591	0.137088
3592	0.136400
3593	0.136400
3594	0.135840
3595	0.136272
3596	0.135456
3597	0.136048
3598	0.135488
3599	0.135504
3600	0.135504
3601	0.136064
3602	0.135824
3603	0.136688
3604	0.137216
3605	0.137376
3606	0.136464
3607	0.137008
3608	0.137168
3609	0.136880
3610	0.135952
3611	0.136224
3612	0.137056
3613	0.137056
3614	0.137200
3615	0.137232
3616	0.137024
3617	0.137440
3618	0.136992
3619	0.136672
3620	0.136400
3621	0.136096
3622	0.136576
3623	0.136560
3624	0.136384
3625	0.136384
3626	0.135920
3627	0.136096
3628	0.136368
3629	0.136544
3630	0.136912
3631	0.136976
3632	0.136560
3633	0.136640
3634	0.136608
3635	0.136256
3636	0.136720
3637	0.136832
3638	0.136512
3639	0.136400
3640	0.137248
3641	0.136704
3642	0.136832
3643	0.136864
3644	0.137152
3645	0.136912
3646	0.136880
3647	0.136848
3648	0.136976
3649	0.136656
3650	0.136768
3651	0.136064
3652	0.136128
3653	0.136288
3654	0.137216
3655	0.136848
3656	0.137072
3657	0.136528
3658	0.135856
3659	0.136736
3660	0.136160
3661	0.135984
3662	0.136496
3663	0.136304
3664	0.135632
3665	0.135232
3666	0.135600
3667	0.135200
3668	0.135280
3669	0.136304
3670	0.135872
3671	0.135360
3672	0.135264
3673	0.135824
3674	0.136000
3675	0.135648
3676	0.136960
3677	0.136368
3678	0.136480
3679	0.136288
3680	0.135760
3681	0.136304
3682	0.135568
3683	0.136112
3684	0.136288
3685	0.135680
3686	0.135248
3687	0.135440
3688	0.135344
3689	0.135568
3690	0.135792
3691	0.136048
3692	0.135488
3693	0.135584
3694	0.135456
3695	0.136048
3696	0.136080
3697	0.135408
3698	0.135328
3699	0.135808
3700	0.136032
3701	0.136320
3702	0.136656
3703	0.136032
3704	0.136144
3705	0.135552
3706	0.135552
3707	0.135648
3708	0.135872
3709	0.135600
3710	0.135760
3711	0.135872
3712	0.135904
3713	0.135872
3714	0.135728
3715	0.136320
3716	0.136720
3717	0.136304
3718	0.135728
3719	0.135408
3720	0.135952
3721	0.135632
3722	0.135440
3723	0.135104
3724	0.135248
3725	0.135248
3726	0.135040
3727	0.135792
3728	0.136048
3729	0.135184
3730	0.135184
3731	0.135456
3732	0.135472
3733	0.135488
3734	0.135840
3735	0.135744
3736	0.135872
3737	0.136208
3738	0.135872
3739	0.135536
3740	0.134880
3741	0.135648
3742	0.135072
3743	0.135344
3744	0.135888
3745	0.135280
3746	0.134672
3747	0.134400
3748	0.135104
3749	0.134448
3750	0.135264
3751	0.135056
3752	0.134368
3753	0.133872
3754	0.133728
3755	0.134192
3756	0.134912
3757	0.134416
3758	0.134736
3759	0.133968
3760	0.133904
3761	0.134176
3762	0.134128
3763	0.134496
3764	0.134288
3765	0.134464
3766	0.133776
3767	0.133552
3768	0.133264
3769	0.133104
3770	0.133136
3771	0.132416
3772	0.133328
3773	0.133440
3774	0.133104
3775	0.133392
3776	0.133264
3777	0.133920
3778	0.133760
3779	0.133552
3780	0.133648
3781	0.134304
3782	0.134272
3783	0.134000
3784	0.134416
3785	0.134224
3786	0.134336
3787	0.134000
3788	0.133744
3789	0.133616
3790	0.133280
3791	0.133792
3792	0.133808
3793	0.133696
3794	0.133664
3795	0.134224
3796	0.135392
3797	0.135120
3798	0.134624
3799	0.133856
3800	0.134384
3801	0.133984
3802	0.134816
3803	0.133968
3804	0.133552
3805	0.133440
3806	0.134368
3807	0.134208
3808	0.134096
3809	0.133664
3810	0.134256
3811	0.134480
3812	0.134608
3813	0.134208
3814	0.134704
3815	0.134608
3816	0.135632
3817	0.135728
3818	0.135152
3819	0.135664
3820	0.136208
3821	0.136416
3822	0.136624
3823	0.137024
3824	0.136448
3825	0.137264
3826	0.137104
3827	0.136208
3828	0.136144
3829	0.136464
3830	0.137152
3831	0.137120
3832	0.137632
3833	0.136816
3834	0.137056
3835	0.136448
3836	0.136384
3837	0.136672
3838	0.135936
3839	0.135680
3840	0.135472
3841	0.135312
3842	0.135520
3843	0.136288
3844	0.135920
3845	0.135888
3846	0.135568
3847	0.136192
3848	0.136144
3849	0.135312
3850	0.135280
3851	0.135664
3852	0.135856
3853	0.134816
3854	0.134656
3855	0.134960
3856	0.134848
3857	0.135312
3858	0.135472
3859	0.135088
3860	0.133952
3861	0.134848
3862	0.135376
3863	0.134768
3864	0.135184
3865	0.135504
3866	0.135264
3867	0.135360
3868	0.136096
3869	0.135408
3870	0.135504
3871	0.134944
3872	0.134592
3873	0.133872
3874	0.135296
3875	0.135264
3876	0.134528
3877	0.134528
3878	0.134944
3879	0.135552
3880	0.135456
3881	0.136400
3882	0.135680
3883	0.136352
3884	0.135600
3885	0.136320
3886	0.136080
3887	0.136240
3888	0.135856
3889	0.135728
3890	0.136224
3891	0.135792
3892	0.135312
3893	0.135808
3894	0.135856
3895	0.135712
3896	0.135584
3897	0.135616
3898	0.136656
3899	0.135968
3900	0.135312
3901	0.135328
3902	0.135120
3903	0.135568
3904	0.135760
3905	0.135728
3906	0.135680
3907	0.135808
3908	0.135616
3909	0.135168
3910	0.134992
3911	0.135520
3912	0.134896
3913	0.134944
3914	0.135472
3915	0.134928
3916	0.135248
3917	0.135648
3918	0.135840
3919	0.136160
3920	0.135920
3921	0.135040
3922	0.135408
3923	0.135360
3924	0.135408
3925	0.136016
3926	0.136688
3927	0.135824
3928	0.135152
3929	0.135472
3930	0.135456
3931	0.136608
3932	0.136144
3933	0.136640
3934	0.135984
3935	0.136352
3936	0.136544
3937	0.136784
3938	0.136544
3939	0.137584
3940	0.137584
3941	0.137696
3942	0.137648
3943	0.136848
3944	0.137264
3945	0.137440
3946	0.137232
3947	0.137264
3948	0.136496
3949	0.136112
3950	0.135936
3951	0.136144
3952	0.135888
3953	0.135904
3954	0.135680
3955	0.136480
3956	0.136224
3957	0.136512
3958	0.137536
3959	0.137664
3960	0.136656
3961	0.137168
3962	0.137168
3963	0.136896
3964	0.137040
3965	0.137344
3966	0.136976
3967	0.137664
3968	0.138720
3969	0.138112
3970	0.138000
3971	0.138112
3972	0.138912
3973	0.138512
3974	0.138144
3975	0.137776
3976	0.137808
3977	0.137136
3978	0.137200
3979	0.138384
3980	0.137776
3981	0.137552
3982	0.137232
3983	0.136240
3984	0.136816
3985	0.137520
3986	0.137680
3987	0.137760
3988	0.136640
3989	0.137136
3990	0.137616
3991	0.136992
3992	0.136928
3993	0.136800
3994	0.136976
3995	0.137312
3996	0.137008
3997	0.136512
3998	0.136912
3999	0.136608
4000	0.136672
4001	0.136672
4002	0.136064
4003	0.135984
4004	0.136384
4005	0.136480
4006	0.136624
4007	0.136352
4008	0.136512
4009	0.136448
4010	0.135632
4011	0.135984
4012	0.135968
4013	0.136576
4014	0.136352
4015	0.136864
4016	0.135888
4017	0.135680
4018	0.136608
4019	0.136624
4020	0.136208
4021	0.136448
4022	0.136720
4023	0.136064
4024	0.136400
4025	0.135344
4026	0.136224
4027	0.136768
4028	0.136432
4029	0.136480
4030	0.136208
4031	0.136096
4032	0.136272
4033	0.136128
4034	0.135680
4035	0.135760
4036	0.136640
4037	0.136000
4038	0.136128
4039	0.135728
4040	0.135696
4041	0.135872
4042	0.135456
4043	0.135520
4044	0.135440
4045	0.135072
4046	0.135280
4047	0.135408
4048	0.135744
4049	0.135184
4050	0.135312
4051	0.135840
4052	0.135296
4053	0.135744
4054	0.135552
4055	0.135232
4056	0.134944
4057	0.135200
4058	0.135552
4059	0.136128
4060	0.136624
4061	0.136624
4062	0.135808
4063	0.135424
4064	0.135552
4065	0.135824
4066	0.136016
4067	0.135888
4068	0.135488
4069	0.135968
4070	0.136464
4071	0.136112
4072	0.136464
4073	0.136608
4074	0.136560
4075	0.135952
4076	0.135808
4077	0.136160
4078	0.136560
4079	0.136592
4080	0.135888
4081	0.136352
4082	0.135456
4083	0.135312
4084	0.136112
4085	0.136176
4086	0.135744
4087	0.137008
4088	0.137072
4089	0.137040
4090	0.135600
4091	0.136016
4092	0.136128
4093	0.136176
4094	0.137136
4095	0.136688
4096	0.136800
4097	0.136768
4098	0.136464
4099	0.136784
4100	0.137120
4101	0.135744
4102	0.136640
4103	0.136464
4104	0.137024
4105	0.137056
4106	0.137136
4107	0.137344
4108	0.136704
4109	0.136528
4110	0.136672
4111	0.136528
4112	0.136608
4113	0.136720
4114	0.136672
4115	0.135920
4116	0.135680
4117	0.136160
4118	0.135616
4119	0.135520
4120	0.135216
4121	0.135600
4122	0.135488
4123	0.135248
4124	0.135648
4125	0.135696
4126	0.136096
4127	0.136224
4128	0.136576
4129	0.136544
4130	0.135680
4131	0.135968
4132	0.135936
4133	0.136384
4134	0.136240
4135	0.135648
4136	0.136288
4137	0.136400
4138	0.137232
4139	0.136864
4140	0.136992
4141	0.137392
4142	0.136784
4143	0.136160
4144	0.136128
4145	0.136544
4146	0.135856
4147	0.136288
4148	0.135104
4149	0.135520
4150	0.136320
4151	0.135744
4152	0.135680
4153	0.135648
4154	0.135680
4155	0.135504
4156	0.135920
4157	0.135968
4158	0.135520
4159	0.135456
4160	0.135616
4161	0.135776
4162	0.135040
4163	0.135648
4164	0.136048
4165	0.135344
4166	0.135232
4167	0.135136
4168	0.134752
4169	0.135008
4170	0.134864
4171	0.134720
4172	0.134912
4173	0.134928
4174	0.134880
4175	0.135024
4176	0.135536
4177	0.135568
4178	0.134816
4179	0.134864
4180	0.135248
4181	0.135056
4182	0.135840
4183	0.135696
4184	0.135280
4185	0.134576
4186	0.135040
4187	0.134944
4188	0.135584
4189	0.135200
4190	0.135392
4191	0.136000
4192	0.135696
4193	0.135328
4194	0.136224
4195	0.135904
4196	0.135760
4197	0.135344
4198	0.135632
4199	0.135712
4200	0.135600
4201	0.136080
4202	0.135936
4203	0.136128
4204	0.135552
4205	0.136064
4206	0.135920
4207	0.136128
4208	0.136064
4209	0.136192
4210	0.136512
4211	0.136240
4212	0.136736
4213	0.136624
4214	0.136320
4215	0.135888
4216	0.136512
4217	0.136256
4218	0.136432
4219	0.136736
4220	0.136016
4221	0.135056
4222	0.134848
4223	0.134912
4224	0.135200
4225	0.135408
4226	0.135696
4227	0.135456
4228	0.135040
4229	0.135392
4230	0.135360
4231	0.134672
4232	0.135872
4233	0.135840
4234	0.135712
4235	0.136656
4236	0.136592
4237	0.135920
4238	0.135904
4239	0.135408
4240	0.135328
4241	0.135296
4242	0.135472
4243	0.134864
4244	0.134240
4245	0.135376
4246	0.134896
4247	0.134096
4248	0.134768
4249	0.134704
4250	0.134848
4251	0.134480
4252	0.134736
4253	0.135328
4254	0.135072
4255	0.135200
4256	0.134880
4257	0.134704
4258	0.134960
4259	0.134896
4260	0.134352
4261	0.135472
4262	0.135200
4263	0.134784
4264	0.135280
4265	0.135104
4266	0.135184
4267	0.135504
4268	0.135472
4269	0.135664
4270	0.135360
4271	0.135040
4272	0.134448
4273	0.134512
4274	0.133984
4275	0.134352
4276	0.134304
4277	0.133664
4278	0.133824
4279	0.133472
4280	0.133840
4281	0.134432
4282	0.134864
4283	0.134608
4284	0.134784
4285	0.136032
4286	0.135008
4287	0.135408
4288	0.135776
4289	0.136224
4290	0.135632
4291	0.135376
4292	0.135136
4293	0.134608
4294	0.134592
4295	0.134528
4296	0.135632
4297	0.136048
4298	0.135088
4299	0.134896
4300	0.134784
4301	0.135056
4302	0.134448
4303	0.134848
4304	0.134368
4305	0.134640
4306	0.134800
4307	0.135312
4308	0.134640
4309	0.134016
4310	0.134416
4311	0.134576
4312	0.134736
4313	0.135424
4314	0.134912
4315	0.134816
4316	0.134912
4317	0.134128
4318	0.134960
4319	0.134848
4320	0.134592
4321	0.134304
4322	0.134832
4323	0.134480
4324	0.134768
4325	0.135200
4326	0.135216
4327	0.135968
4328	0.134912
4329	0.134864
4330	0.135312
4331	0.135024
4332	0.134784
4333	0.134864
4334	0.135280
4335	0.135168
4336	0.135552
4337	0.134864
4338	0.134848
4339	0.135424
4340	0.135360
4341	0.135280
4342	0.135264
4343	0.135296
4344	0.135776
4345	0.135696
4346	0.135504
4347	0.135216
4348	0.136224
4349	0.136912
4350	0.136544
4351	0.136112
4352	0.136096
4353	0.136192
4354	0.135696
4355	0.135680
4356	0.136192
4357	0.135920
4358	0.136016
4359	0.136432
4360	0.136384
4361	0.136576
4362	0.136272
4363	0.135872
4364	0.135152
4365	0.135392
4366	0.135216
4367	0.134544
4368	0.135088
4369	0.134608
4370	0.134896
4371	0.134688
4372	0.134640
4373	0.134912
4374	0.134720
4375	0.135328
4376	0.134816
4377	0.134080
4378	0.134432
4379	0.134352
4380	0.133712
4381	0.134240
4382	0.134240
4383	0.135472
4384	0.135424
4385	0.134768
4386	0.134960
4387	0.135312
4388	0.134864
4389	0.136064
4390	0.135696
4391	0.135952
4392	0.136080
4393	0.136560
4394	0.136288
4395	0.136624
4396	0.136208
4397	0.135808
4398	0.135632
4399	0.135648
4400	0.135488
4401	0.135568
4402	0.135328
4403	0.135120
4404	0.135760
4405	0.135488
4406	0.134560
4407	0.134944
4408	0.134720
4409	0.135056
4410	0.135296
4411	0.135344
4412	0.135056
4413	0.135696
4414	0.136160
4415	0.136080
4416	0.136096
4417	0.135536
4418	0.135600
4419	0.135552
4420	0.135696
4421	0.135936
4422	0.136928
4423	0.137072
4424	0.136736
4425	0.136448
4426	0.136928
4427	0.137040
4428	0.137232
4429	0.136704
4430	0.136976
4431	0.136976
4432	0.136992
4433	0.136880
4434	0.136704
4435	0.136528
4436	0.136704
4437	0.136128
4438	0.136016
4439	0.135824
4440	0.136592
4441	0.136048
4442	0.136128
4443	0.136976
4444	0.136848
4445	0.136528
4446	0.136848
4447	0.137120
4448	0.137136
4449	0.137344
4450	0.136736
4451	0.137120
4452	0.137072
4453	0.136720
4454	0.136016
4455	0.135840
4456	0.135968
4457	0.135792
4458	0.135824
4459	0.136272
4460	0.136384
4461	0.136832
4462	0.136992
4463	0.135584
4464	0.136400
4465	0.136496
4466	0.136240
4467	0.135296
4468	0.135328
4469	0.135072
4470	0.135088
4471	0.135136
4472	0.135088
4473	0.135792
4474	0.135472
4475	0.135568
4476	0.135568
4477	0.135184
4478	0.135504
4479	0.135232
4480	0.135456
4481	0.135616
4482	0.135328
4483	0.135616
4484	0.136000
4485	0.135472
4486	0.135232
4487	0.134800
4488	0.135296
4489	0.135440
4490	0.135904
4491	0.135616
4492	0.135232
4493	0.134960
4494	0.135392
4495	0.135808
4496	0.134768
4497	0.134624
4498	0.134128
4499	0.134896
4500	0.134720
4501	0.134960
4502	0.134448
4503	0.134512
4504	0.134912
4505	0.134304
4506	0.134240
4507	0.134416
4508	0.134224
4509	0.134944
4510	0.135104
4511	0.134976
4512	0.134672
4513	0.134080
4514	0.134416
4515	0.135168
4516	0.135088
4517	0.134528
4518	0.135136
4519	0.135552
4520	0.135104
4521	0.134592
4522	0.134816
4523	0.134768
4524	0.134304
4525	0.134640
4526	0.135136
4527	0.135360
4528	0.134944
4529	0.134880
4530	0.135056
4531	0.134016
4532	0.133936
4533	0.134240
4534	0.134160
4535	0.134784
4536	0.134224
4537	0.135184
4538	0.135424
4539	0.135792
4540	0.135392
4541	0.134848
4542	0.134320
4543	0.134912
4544	0.135344
4545	0.134880
4546	0.135632
4547	0.135344
4548	0.135088
4549	0.135648
4550	0.135504
4551	0.135520
4552	0.135344
4553	0.135152
4554	0.135488
4555	0.134480
4556	0.135504
4557	0.134848
4558	0.134592
4559	0.134592
4560	0.134848
4561	0.135696
4562	0.135904
4563	0.134928
4564	0.134976
4565	0.135248
4566	0.134960
4567	0.135616
4568	0.134704
4569	0.134720
4570	0.134800
4571	0.134416
4572	0.134496
4573	0.133504
4574	0.133856
4575	0.133360
4576	0.134160
4577	0.134064
4578	0.133616
4579	0.134592
4580	0.134240
4581	0.134096
4582	0.134240
4583	0.133552
4584	0.134176
4585	0.134256
4586	0.134240
4587	0.134192
4588	0.133984
4589	0.133680
4590	0.133920
4591	0.133776
4592	0.133808
4593	0.134416
4594	0.134400
4595	0.134528
4596	0.135072
4597	0.135424
4598	0.134800
4599	0.134672
4600	0.134480
4601	0.134640
4602	0.135504
4603	0.134976
4604	0.135696
4605	0.135584
4606	0.135440
4607	0.135312
4608	0.135312
4609	0.135552
4610	0.135696
4611	0.135456
4612	0.135824
4613	0.135968
4614	0.135328
4615	0.135296
4616	0.135216
4617	0.134672
4618	0.134416
4619	0.134752
4620	0.134496
4621	0.134592
4622	0.133936
4623	0.133520
4624	0.134080
4625	0.133792
4626	0.133664
4627	0.133376
4628	0.133200
4629	0.133504
4630	0.133504
4631	0.134224
4632	0.134544
4633	0.134176
4634	0.134144
4635	0.133872
4636	0.134288
4637	0.133664
4638	0.134176
4639	0.134176
4640	0.134768
4641	0.133824
4642	0.133472
4643	0.134000
4644	0.134112
4645	0.134048
4646	0.133616
4647	0.133808
4648	0.133376
4649	0.133552
4650	0.133232
4651	0.133456
4652	0.132960
4653	0.133392
4654	0.133456
4655	0.132896
4656	0.132912
4657	0.133216
4658	0.133328
4659	0.133040
4660	0.133632
4661	0.133152
4662	0.133232
4663	0.132912
4664	0.133168
4665	0.134064
4666	0.133376
4667	0.133984
4668	0.134208
4669	0.134912
4670	0.134416
4671	0.134112
4672	0.134400
4673	0.134848
4674	0.134416
4675	0.134704
4676	0.134416
4677	0.134096
4678	0.133584
4679	0.133744
4680	0.134016
4681	0.134256
4682	0.135488
4683	0.135376
4684	0.135216
4685	0.134736
4686	0.134624
4687	0.135008
4688	0.135136
4689	0.134560
4690	0.134400
4691	0.134368
4692	0.134256
4693	0.133888
4694	0.133280
4695	0.133360
4696	0.133152
4697	0.133712
4698	0.133792
4699	0.133536
4700	0.133856
4701	0.134016
4702	0.133968
4703	0.133072
4704	0.132960
4705	0.132960
4706	0.133632
4707	0.133696
4708	0.133488
4709	0.132992
4710	0.132752
4711	0.132368
4712	0.132896
4713	0.134128
4714	0.134032
4715	0.133680
4716	0.133168
4717	0.133440
4718	0.133440
4719	0.134544
4720	0.134224
4721	0.134960
4722	0.134576
4723	0.134256
4724	0.134512
4725	0.134432
4726	0.134448
4727	0.135088
4728	0.135200
4729	0.134736
4730	0.134224
4731	0.134240
4732	0.133920
4733	0.133632
4734	0.133904
4735	0.133920
4736	0.133088
4737	0.133904
4738	0.134080
4739	0.133936
4740	0.134784
4741	0.134400
4742	0.134224
4743	0.133152
4744	0.134368
4745	0.134160
4746	0.134176
4747	0.134096
4748	0.134480
4749	0.134784
4750	0.135184
4751	0.135360
4752	0.135280
4753	0.134784
4754	0.134496
4755	0.134256
4756	0.134480
4757	0.134832
4758	0.135136
4759	0.133888
4760	0.134160
4761	0.134160
4762	0.134368
4763	0.133936
4764	0.133632
4765	0.133696
4766	0.133504
4767	0.133088
4768	0.133184
4769	0.133776
4770	0.133712
4771	0.134336
4772	0.133664
4773	0.134128
4774	0.133312
4775	0.133584
4776	0.133616
4777	0.134352
4778	0.134480
4779	0.133456
4780	0.133632
4781	0.134208
4782	0.133872
4783	0.133520
4784	0.133520
4785	0.133520
4786	0.133504
4787	0.133136
4788	0.132880
4789	0.133824
4790	0.133808
4791	0.134000
4792	0.133264
4793	0.133488
4794	0.133056
4795	0.133296
4796	0.133120
4797	0.132528
4798	0.133200
4799	0.133424
4800	0.133712
4801	0.134064
4802	0.133920
4803	0.134656
4804	0.134256
4805	0.134272
4806	0.134544
4807	0.134704
4808	0.135232
4809	0.135776
4810	0.135136
4811	0.134336
4812	0.133280
4813	0.133360
4814	0.133232
