1	0.000016
2	0.000048
3	0.000080
4	0.000112
5	0.000192
6	0.000336
7	0.000576
8	0.000912
9	0.001264
10	0.001840
11	0.002688
12	0.003648
13	0.005008
14	0.006352
15	0.008112
16	0.009952
17	0.011856
18	0.013808
19	0.015856
20	0.018640
21	0.020880
22	0.023456
23	0.026384
24	0.028512
25	0.031328
26	0.033600
27	0.036080
28	0.038464
29	0.040112
30	0.042640
31	0.044784
32	0.046016
33	0.047392
34	0.049328
35	0.050512
36	0.052384
37	0.053664
38	0.055008
39	0.056480
40	0.057760
41	0.059664
42	0.061280
43	0.062432
44	0.063104
45	0.064368
46	0.065776
47	0.066816
48	0.068000
49	0.069168
50	0.070704
51	0.072320
52	0.073680
53	0.074768
54	0.076176
55	0.076736
56	0.078256
57	0.080080
58	0.080880
59	0.083072
60	0.084160
61	0.085744
62	0.086720
63	0.086832
64	0.088240
65	0.089824
66	0.091024
67	0.091648
68	0.093456
69	0.094496
70	0.095504
71	0.097360
72	0.098480
73	0.099072
74	0.101024
75	0.102272
76	0.103392
77	0.104896
78	0.105504
79	0.106272
80	0.107136
81	0.107952
82	0.109184
83	0.109968
84	0.111328
85	0.112224
86	0.113104
87	0.114688
88	0.115408
89	0.116880
90	0.117632
91	0.118976
92	0.119328
93	0.121264
94	0.121696
95	0.122496
96	0.123424
97	0.124736
98	0.125392
99	0.126288
100	0.128016
101	0.128656
102	0.129792
103	0.130880
104	0.131952
105	0.133472
106	0.133664
107	0.135664
108	0.136592
109	0.137472
110	0.138512
111	0.139552
112	0.141232
113	0.141472
114	0.142224
115	0.143152
116	0.143552
117	0.144704
118	0.145648
119	0.146976
120	0.147616
121	0.148784
122	0.149936
123	0.151264
124	0.151936
125	0.152880
126	0.153744
127	0.154624
128	0.155536
129	0.155968
130	0.157088
131	0.157664
132	0.158912
133	0.159104
134	0.161600
135	0.162208
136	0.163184
137	0.164288
138	0.165104
139	0.165808
140	0.167840
141	0.167168
142	0.169088
143	0.169840
144	0.170464
145	0.171488
146	0.172224
147	0.172528
148	0.173024
149	0.173856
150	0.175984
151	0.176080
152	0.177632
153	0.178768
154	0.179376
155	0.179744
156	0.181232
157	0.182272
158	0.183248
159	0.184624
160	0.184784
161	0.185776
162	0.186192
163	0.187136
164	0.187728
165	0.188816
166	0.189408
167	0.190576
168	0.192576
169	0.192512
170	0.194304
171	0.195104
172	0.195536
173	0.196448
174	0.196896
175	0.198768
176	0.199536
177	0.199952
178	0.199552
179	0.201456
180	0.202240
181	0.202400
182	0.203040
183	0.203616
184	0.204608
185	0.205168
186	0.206832
187	0.207168
188	0.208544
189	0.209136
190	0.209248
191	0.211072
192	0.212176
193	0.212736
194	0.213040
195	0.213696
196	0.214208
197	0.214528
198	0.215408
199	0.216336
200	0.216720
201	0.217696
202	0.219280
203	0.220192
204	0.221424
205	0.222240
206	0.223936
207	0.224352
208	0.224560
209	0.226048
210	0.226352
211	0.227616
212	0.227616
213	0.226864
214	0.227840
215	0.228720
216	0.230048
217	0.230528
218	0.230752
219	0.231968
220	0.233712
221	0.234640
222	0.235296
223	0.236352
224	0.236608
225	0.237552
226	0.238800
227	0.237760
228	0.239152
229	0.240992
230	0.241056
231	0.240480
232	0.241280
233	0.243888
234	0.243200
235	0.245200
236	0.245760
237	0.246224
238	0.247792
239	0.248416
240	0.249312
241	0.250064
242	0.250288
243	0.251664
244	0.252576
245	0.253776
246	0.253152
247	0.252272
248	0.253920
249	0.254368
250	0.255280
251	0.256576
252	0.257152
253	0.258624
254	0.259392
255	0.259536
256	0.260704
257	0.262032
258	0.262672
259	0.263344
260	0.263200
261	0.264992
262	0.264720
263	0.264736
264	0.265936
265	0.265152
266	0.266544
267	0.266736
268	0.268192
269	0.269584
270	0.269840
271	0.269968
272	0.270512
273	0.271072
274	0.273872
275	0.273440
276	0.274512
277	0.274864
278	0.275840
279	0.276368
280	0.276640
281	0.276704
282	0.277856
283	0.277072
284	0.279840
285	0.279920
286	0.280720
287	0.281696
288	0.282384
289	0.283088
290	0.283136
291	0.284224
292	0.285600
293	0.285584
294	0.285472
295	0.285600
296	0.287344
297	0.288160
298	0.287920
299	0.288480
300	0.289600
301	0.290480
302	0.290368
303	0.292880
304	0.292256
305	0.293904
306	0.295584
307	0.296208
308	0.296704
309	0.298096
310	0.298448
311	0.298768
312	0.299504
313	0.299744
314	0.301712
315	0.299600
316	0.300608
317	0.302144
318	0.302912
319	0.302816
320	0.303696
321	0.304768
322	0.305808
323	0.306464
324	0.307376
325	0.307056
326	0.309872
327	0.308752
328	0.309888
329	0.309808
330	0.311504
331	0.310512
332	0.310016
333	0.310784
334	0.311504
335	0.312912
336	0.312416
337	0.315728
338	0.317216
339	0.317568
340	0.318384
341	0.318272
342	0.319360
343	0.319360
344	0.320320
345	0.320752
346	0.321072
347	0.320656
348	0.323040
349	0.323216
350	0.322144
351	0.322480
352	0.324064
353	0.325968
354	0.326240
355	0.327824
356	0.328992
357	0.327680
358	0.328992
359	0.330400
360	0.329296
361	0.331616
362	0.332048
363	0.332432
364	0.331360
365	0.331536
366	0.332080
367	0.332896
368	0.333952
369	0.335024
370	0.335472
371	0.337104
372	0.336960
373	0.338176
374	0.338976
375	0.340112
376	0.340704
377	0.341760
378	0.341632
379	0.340912
380	0.341616
381	0.341616
382	0.341856
383	0.342336
384	0.344672
385	0.343808
386	0.346592
387	0.345616
388	0.347216
389	0.348528
390	0.350256
391	0.349584
392	0.349456
393	0.350864
394	0.351216
395	0.350960
396	0.351824
397	0.350864
398	0.351088
399	0.352640
400	0.352048
401	0.352608
402	0.355328
403	0.355600
404	0.356112
405	0.357616
406	0.358688
407	0.359216
408	0.359744
409	0.357952
410	0.360624
411	0.359696
412	0.359728
413	0.359888
414	0.359760
415	0.359568
416	0.361328
417	0.361648
418	0.362912
419	0.362768
420	0.363184
421	0.365760
422	0.365936
423	0.367424
424	0.368784
425	0.367280
426	0.368448
427	0.369248
428	0.369328
429	0.371248
430	0.370288
431	0.370976
432	0.371888
433	0.372288
434	0.374000
435	0.374432
436	0.372864
437	0.373536
438	0.374912
439	0.375632
440	0.375824
441	0.376240
442	0.377056
443	0.378416
444	0.377856
445	0.378800
446	0.378480
447	0.378560
448	0.379728
449	0.379168
450	0.380032
451	0.383040
452	0.382352
453	0.382912
454	0.384288
455	0.384864
456	0.384192
457	0.384848
458	0.384640
459	0.386512
460	0.388128
461	0.389616
462	0.390048
463	0.388480
464	0.387968
465	0.389072
466	0.389488
467	0.389920
468	0.390416
469	0.390144
470	0.392736
471	0.394880
472	0.392944
473	0.395184
474	0.395040
475	0.394160
476	0.395360
477	0.394800
478	0.396512
479	0.395888
480	0.395408
481	0.395296
482	0.396960
483	0.397584
484	0.400704
485	0.398896
486	0.401408
487	0.399920
488	0.400592
489	0.402016
490	0.403296
491	0.403408
492	0.403760
493	0.402496
494	0.405312
495	0.405344
496	0.404992
497	0.406304
498	0.406160
499	0.406608
500	0.405664
501	0.407280
502	0.406400
503	0.408976
504	0.411056
505	0.409648
506	0.411600
507	0.410192
508	0.410864
509	0.412544
510	0.411840
511	0.413440
512	0.412960
513	0.413456
514	0.413392
515	0.414320
516	0.413968
517	0.414368
518	0.415376
519	0.415984
520	0.417456
521	0.418672
522	0.418400
523	0.419616
524	0.419856
525	0.419824
526	0.419536
527	0.420608
528	0.420080
529	0.421504
530	0.421664
531	0.421680
532	0.421728
533	0.421328
534	0.424384
535	0.425648
536	0.423760
537	0.424576
538	0.425984
539	0.426768
540	0.426928
541	0.426720
542	0.427600
543	0.428176
544	0.428384
545	0.427760
546	0.428112
547	0.429296
548	0.429376
549	0.430864
550	0.430240
551	0.431616
552	0.432816
553	0.432608
554	0.432832
555	0.434128
556	0.434496
557	0.434320
558	0.436800
559	0.435424
560	0.436096
561	0.435520
562	0.434544
563	0.435664
564	0.437376
565	0.437072
566	0.437120
567	0.439680
568	0.438640
569	0.440240
570	0.439264
571	0.441168
572	0.441456
573	0.443712
574	0.442752
575	0.443840
576	0.442816
577	0.443792
578	0.444304
579	0.443280
580	0.443232
581	0.443264
582	0.443488
583	0.445104
584	0.444688
585	0.446000
586	0.447264
587	0.447040
588	0.450288
589	0.449520
590	0.449056
591	0.449168
592	0.448976
593	0.451696
594	0.451840
595	0.450400
596	0.451184
597	0.451888
598	0.451344
599	0.452240
600	0.452368
601	0.452288
602	0.452416
603	0.453008
604	0.452000
605	0.455216
606	0.455392
607	0.456288
608	0.457344
609	0.455776
610	0.456480
611	0.455952
612	0.457280
613	0.457600
614	0.459040
615	0.460064
616	0.458416
617	0.458800
618	0.457664
619	0.457424
620	0.458832
621	0.459760
622	0.459648
623	0.462256
624	0.462496
625	0.462592
626	0.463520
627	0.464832
628	0.464256
629	0.463056
630	0.463952
631	0.465200
632	0.465568
633	0.466032
634	0.467520
635	0.468128
636	0.467920
637	0.467328
638	0.467760
639	0.468768
640	0.468448
641	0.469824
642	0.468592
643	0.470352
644	0.470672
645	0.471440
646	0.472752
647	0.471088
648	0.471568
649	0.470240
650	0.472384
651	0.472912
652	0.472944
653	0.474304
654	0.474480
655	0.475824
656	0.476768
657	0.476528
658	0.476672
659	0.476688
660	0.477040
661	0.477648
662	0.476448
663	0.477520
664	0.477152
665	0.477856
666	0.478384
667	0.477520
668	0.479216
669	0.478352
670	0.477712
671	0.480128
672	0.480080
673	0.481584
674	0.482352
675	0.481312
676	0.481008
677	0.481040
678	0.481376
679	0.482640
680	0.480112
681	0.482976
682	0.482144
683	0.484176
684	0.483728
685	0.484672
686	0.485248
687	0.486016
688	0.486240
689	0.486896
690	0.486032
691	0.486800
692	0.488224
693	0.488640
694	0.488384
695	0.490320
696	0.488496
697	0.489984
698	0.489328
699	0.489536
700	0.490656
701	0.489488
702	0.490640
703	0.491328
704	0.489792
705	0.492592
706	0.492592
707	0.494272
708	0.494864
709	0.491536
710	0.493568
711	0.492416
712	0.493440
713	0.495232
714	0.496048
715	0.495408
716	0.494976
717	0.494720
718	0.495936
719	0.496048
720	0.496992
721	0.498032
722	0.497824
723	0.500272
724	0.499168
725	0.499952
726	0.499664
727	0.497056
728	0.497504
729	0.498544
730	0.498768
731	0.500144
732	0.500896
733	0.501648
734	0.500496
735	0.500896
736	0.501232
737	0.503136
738	0.504192
739	0.504608
740	0.503760
741	0.506144
742	0.504112
743	0.503968
744	0.503728
745	0.506336
746	0.504704
747	0.505424
748	0.505504
749	0.505824
750	0.504048
751	0.505664
752	0.506864
753	0.508032
754	0.507200
755	0.506624
756	0.508928
757	0.508832
758	0.508864
759	0.509936
760	0.511008
761	0.510064
762	0.510096
763	0.509264
764	0.509840
765	0.509792
766	0.510400
767	0.510192
768	0.511456
769	0.512832
770	0.512992
771	0.511808
772	0.511376
773	0.512512
774	0.513072
775	0.513360
776	0.515376
777	0.514864
778	0.514400
779	0.513792
780	0.514272
781	0.513488
782	0.513856
783	0.515008
784	0.515632
785	0.516240
786	0.516256
787	0.518176
788	0.519632
789	0.518000
790	0.516896
791	0.519056
792	0.519424
793	0.520144
794	0.518784
795	0.521696
796	0.522496
797	0.519984
798	0.520176
799	0.519504
800	0.519568
801	0.520544
802	0.520880
803	0.521456
804	0.521264
805	0.524208
806	0.523168
807	0.521888
808	0.522624
809	0.523920
810	0.522672
811	0.524368
812	0.524448
813	0.523984
814	0.522720
815	0.522400
816	0.522688
817	0.523120
818	0.527664
819	0.526736
820	0.525984
821	0.526000
822	0.527408
823	0.527072
824	0.528592
825	0.527504
826	0.528096
827	0.528768
828	0.526912
829	0.526928
830	0.527712
831	0.528912
832	0.528912
833	0.528496
834	0.527856
835	0.528544
836	0.530912
837	0.529536
838	0.530512
839	0.529072
840	0.533104
841	0.532480
842	0.532144
843	0.532912
844	0.532368
845	0.533088
846	0.533792
847	0.532544
848	0.532096
849	0.531776
850	0.532240
851	0.532336
852	0.532048
853	0.534032
854	0.533184
855	0.536032
856	0.535312
857	0.536064
858	0.536848
859	0.534688
860	0.535344
861	0.536864
862	0.539344
863	0.536080
864	0.535520
865	0.535312
866	0.536624
867	0.538672
868	0.538336
869	0.540240
870	0.538720
871	0.539936
872	0.538512
873	0.540192
874	0.538128
875	0.540400
876	0.540288
877	0.541040
878	0.537984
879	0.540400
880	0.541792
881	0.540640
882	0.540240
883	0.540576
884	0.538144
885	0.541136
886	0.543360
887	0.541280
888	0.542496
889	0.543600
890	0.544832
891	0.542832
892	0.544048
893	0.544384
894	0.543616
895	0.544928
896	0.544144
897	0.544624
898	0.543520
899	0.544944
900	0.544112
901	0.545024
902	0.546176
903	0.546816
904	0.544960
905	0.545664
906	0.546752
907	0.548432
908	0.548672
909	0.549200
910	0.547072
911	0.548368
912	0.545280
913	0.547024
914	0.546256
915	0.546048
916	0.545648
917	0.545808
918	0.547120
919	0.548480
920	0.547648
921	0.548800
922	0.550000
923	0.550704
924	0.551968
925	0.550512
926	0.551488
927	0.549168
928	0.550496
929	0.551152
930	0.551024
931	0.549088
932	0.550160
933	0.550496
934	0.551856
935	0.553200
936	0.553712
937	0.554000
938	0.554080
939	0.552896
940	0.553840
941	0.554480
942	0.554160
943	0.555024
944	0.556128
945	0.554912
946	0.554192
947	0.554864
948	0.555744
949	0.554592
950	0.554272
951	0.555232
952	0.554752
953	0.555344
954	0.556208
955	0.557952
956	0.555952
957	0.556400
958	0.557088
959	0.558112
960	0.559056
961	0.558592
962	0.558480
963	0.557808
964	0.558144
965	0.556480
966	0.558592
967	0.559232
968	0.556912
969	0.558416
970	0.558944
971	0.561088
972	0.560528
973	0.558768
974	0.561072
975	0.561520
976	0.560480
977	0.561024
978	0.562432
979	0.560912
980	0.559904
981	0.560736
982	0.560544
983	0.560960
984	0.559312
985	0.561504
986	0.561264
987	0.562480
988	0.563344
989	0.563584
990	0.562656
991	0.564656
992	0.563984
993	0.563840
994	0.564480
995	0.564112
996	0.563424
997	0.565696
998	0.563536
999	0.565392
1000	0.562432
1001	0.563408
1002	0.562752
1003	0.564176
1004	0.564128
1005	0.566032
1006	0.566512
1007	0.566272
1008	0.566272
1009	0.567104
1010	0.567664
1011	0.568000
1012	0.565696
1013	0.566528
1014	0.566288
1015	0.565760
1016	0.566176
1017	0.566768
1018	0.567024
1019	0.567024
1020	0.567360
1021	0.568160
1022	0.568448
1023	0.570016
1024	0.570896
1025	0.568944
1026	0.569920
1027	0.568304
1028	0.568672
1029	0.569504
1030	0.568176
1031	0.569680
1032	0.568960
1033	0.568912
1034	0.568272
1035	0.570144
1036	0.571104
1037	0.572832
1038	0.572144
1039	0.571120
1040	0.571408
1041	0.571344
1042	0.572416
1043	0.571712
1044	0.573008
1045	0.572944
1046	0.572944
1047	0.572000
1048	0.572256
1049	0.570624
1050	0.568576
1051	0.571760
1052	0.571456
1053	0.573984
1054	0.574672
1055	0.574528
1056	0.575168
1057	0.575232
1058	0.574464
1059	0.575504
1060	0.578000
1061	0.577760
1062	0.574304
1063	0.575120
1064	0.575760
1065	0.573760
1066	0.575264
1067	0.576304
1068	0.574976
1069	0.574704
1070	0.577376
1071	0.576096
1072	0.576736
1073	0.577904
1074	0.579616
1075	0.577392
1076	0.577568
1077	0.578544
1078	0.577312
1079	0.577328
1080	0.579008
1081	0.579072
1082	0.577408
1083	0.578768
1084	0.577968
1085	0.577408
1086	0.577760
1087	0.578080
1088	0.578704
1089	0.579568
1090	0.579984
1091	0.581520
1092	0.581328
1093	0.580640
1094	0.580896
1095	0.579632
1096	0.580944
1097	0.582576
1098	0.579152
1099	0.582000
1100	0.580816
1101	0.581728
1102	0.580848
1103	0.581024
1104	0.580896
1105	0.581136
1106	0.584288
1107	0.585904
1108	0.584000
1109	0.586208
1110	0.584080
1111	0.583088
1112	0.581904
1113	0.584032
1114	0.582336
1115	0.581984
1116	0.582784
1117	0.583664
1118	0.583584
1119	0.584784
1120	0.584640
1121	0.585440
1122	0.588624
1123	0.587904
1124	0.587216
1125	0.587984
1126	0.584144
1127	0.586656
1128	0.587200
1129	0.585952
1130	0.584688
1131	0.584224
1132	0.582672
1133	0.583344
1134	0.585088
1135	0.584784
1136	0.586080
1137	0.587728
1138	0.585920
1139	0.584720
1140	0.586080
1141	0.585088
1142	0.587248
1143	0.588944
1144	0.589120
1145	0.589920
1146	0.588256
1147	0.588544
1148	0.586416
1149	0.585920
1150	0.586432
1151	0.586096
1152	0.586368
1153	0.585552
1154	0.586544
1155	0.586784
1156	0.588192
1157	0.589248
1158	0.590000
1159	0.591216
1160	0.590608
1161	0.590992
1162	0.589904
1163	0.591040
1164	0.590000
1165	0.589008
1166	0.589152
1167	0.590384
1168	0.589552
1169	0.591184
1170	0.591984
1171	0.588848
1172	0.589328
1173	0.591712
1174	0.592848
1175	0.591024
1176	0.589136
1177	0.590080
1178	0.590192
1179	0.588912
1180	0.588800
1181	0.590368
1182	0.590752
1183	0.590464
1184	0.592032
1185	0.592448
1186	0.593328
1187	0.590032
1188	0.591296
1189	0.594192
1190	0.592912
1191	0.593968
1192	0.596080
1193	0.594992
1194	0.594736
1195	0.595440
1196	0.594944
1197	0.594048
1198	0.593168
1199	0.594880
1200	0.592544
1201	0.594416
1202	0.594192
1203	0.596528
1204	0.595328
1205	0.594976
1206	0.596208
1207	0.596944
1208	0.597776
1209	0.596896
1210	0.595328
1211	0.596288
1212	0.596208
1213	0.598352
1214	0.596224
1215	0.595584
1216	0.596192
1217	0.597696
1218	0.596096
1219	0.594368
1220	0.596000
1221	0.596784
1222	0.596864
1223	0.597312
1224	0.597264
1225	0.597408
1226	0.599120
1227	0.595152
1228	0.597952
1229	0.596272
1230	0.596944
1231	0.598464
1232	0.596352
1233	0.596336
1234	0.596240
1235	0.598080
1236	0.601280
1237	0.599024
1238	0.600672
1239	0.601104
1240	0.600752
1241	0.600064
1242	0.600432
1243	0.599408
1244	0.601456
1245	0.600016
1246	0.598240
1247	0.598608
1248	0.599424
1249	0.599904
1250	0.599808
1251	0.598576
1252	0.600272
1253	0.598480
1254	0.600832
1255	0.600208
1256	0.601024
1257	0.601312
1258	0.601120
1259	0.600080
1260	0.601008
1261	0.601840
1262	0.601072
1263	0.600928
1264	0.600432
1265	0.602512
1266	0.599712
1267	0.599360
1268	0.600592
1269	0.601280
1270	0.603008
1271	0.600976
1272	0.602928
1273	0.602992
1274	0.602736
1275	0.604016
1276	0.603696
1277	0.606144
1278	0.604640
1279	0.603376
1280	0.602320
1281	0.603776
1282	0.601312
1283	0.601712
1284	0.603520
1285	0.604160
1286	0.603328
1287	0.602768
1288	0.599072
1289	0.601792
1290	0.603488
1291	0.603680
1292	0.604336
1293	0.605680
1294	0.604464
1295	0.605056
1296	0.602896
1297	0.603920
1298	0.603040
1299	0.605696
1300	0.605648
1301	0.604560
1302	0.605536
1303	0.604864
1304	0.607024
1305	0.606848
1306	0.605744
1307	0.605568
1308	0.606928
1309	0.605808
1310	0.607216
1311	0.607856
1312	0.607296
1313	0.604880
1314	0.605344
1315	0.604672
1316	0.606496
1317	0.605888
1318	0.604976
1319	0.606976
1320	0.608656
1321	0.603440
1322	0.606752
1323	0.608736
1324	0.606304
1325	0.606848
1326	0.607600
1327	0.611104
1328	0.607088
1329	0.611024
1330	0.607072
1331	0.607168
1332	0.607936
1333	0.607728
1334	0.606512
1335	0.608624
1336	0.606144
1337	0.608128
1338	0.606896
1339	0.608080
1340	0.608336
1341	0.607680
1342	0.606160
1343	0.607408
1344	0.607296
1345	0.610080
1346	0.609856
1347	0.607360
1348	0.609280
1349	0.610128
1350	0.609712
1351	0.611040
1352	0.609712
1353	0.610192
1354	0.609024
1355	0.610672
1356	0.609632
1357	0.608896
1358	0.610208
1359	0.611888
1360	0.608704
1361	0.609200
1362	0.610800
1363	0.611280
1364	0.610896
1365	0.608512
1366	0.610336
1367	0.609264
1368	0.610448
1369	0.611504
1370	0.609136
1371	0.610464
1372	0.610464
1373	0.612944
1374	0.614064
1375	0.611920
1376	0.612656
1377	0.611136
1378	0.612272
1379	0.612256
1380	0.611552
1381	0.611552
1382	0.609888
1383	0.612560
1384	0.611504
1385	0.611440
1386	0.612576
1387	0.610736
1388	0.612912
1389	0.613536
1390	0.613136
1391	0.612992
1392	0.612832
1393	0.612240
1394	0.613472
1395	0.611680
1396	0.611536
1397	0.612176
1398	0.611968
1399	0.610640
1400	0.610640
1401	0.612416
1402	0.611360
1403	0.611280
1404	0.612016
1405	0.612640
1406	0.611600
1407	0.613792
1408	0.613280
1409	0.613808
1410	0.614624
1411	0.616000
1412	0.612720
1413	0.614112
1414	0.613952
1415	0.612976
1416	0.614384
1417	0.611968
1418	0.613088
1419	0.610768
1420	0.611824
1421	0.613632
1422	0.614544
1423	0.615584
1424	0.615728
1425	0.617696
1426	0.616080
1427	0.615648
1428	0.615648
1429	0.614896
1430	0.616080
1431	0.614880
1432	0.614528
1433	0.616016
1434	0.616208
1435	0.614992
1436	0.616160
1437	0.617360
1438	0.616560
1439	0.616880
1440	0.617792
1441	0.617568
1442	0.617632
1443	0.616752
1444	0.618048
1445	0.616144
1446	0.618064
1447	0.616176
1448	0.616160
1449	0.616240
1450	0.614256
1451	0.614112
1452	0.614864
1453	0.616304
1454	0.614816
1455	0.616576
1456	0.615056
1457	0.617872
1458	0.617712
1459	0.616160
1460	0.616800
1461	0.617040
1462	0.616976
1463	0.618544
1464	0.617792
1465	0.620368
1466	0.615376
1467	0.616256
1468	0.617056
1469	0.618864
1470	0.619360
1471	0.617904
1472	0.618656
1473	0.618624
1474	0.618096
1475	0.618176
1476	0.619136
1477	0.620080
1478	0.618560
1479	0.619936
1480	0.618976
1481	0.617264
1482	0.620176
1483	0.618000
1484	0.616576
1485	0.618736
1486	0.618800
1487	0.619872
1488	0.618576
1489	0.619296
1490	0.618208
1491	0.620336
1492	0.617488
1493	0.620528
1494	0.619808
1495	0.620384
1496	0.618864
1497	0.618352
1498	0.618704
1499	0.617312
1500	0.617920
1501	0.620080
1502	0.620432
1503	0.619712
1504	0.619360
1505	0.620080
1506	0.619472
1507	0.620080
1508	0.620704
1509	0.619696
1510	0.620704
1511	0.618864
1512	0.620656
1513	0.620528
1514	0.623760
1515	0.622000
1516	0.619248
1517	0.619184
1518	0.617440
1519	0.620432
1520	0.620432
1521	0.619280
1522	0.620048
1523	0.620400
1524	0.619744
1525	0.620352
1526	0.620768
1527	0.620880
1528	0.620400
1529	0.620576
1530	0.622672
1531	0.621136
1532	0.621552
1533	0.621216
1534	0.622528
1535	0.620656
1536	0.620624
1537	0.621776
1538	0.620352
1539	0.619792
1540	0.621776
1541	0.623456
1542	0.622064
1543	0.623280
1544	0.623440
1545	0.624992
1546	0.623600
1547	0.622736
1548	0.620912
1549	0.619136
1550	0.619824
1551	0.619504
1552	0.622880
1553	0.622912
1554	0.623536
1555	0.622832
1556	0.624080
1557	0.620816
1558	0.623168
1559	0.622672
1560	0.622912
1561	0.623488
1562	0.621888
1563	0.621216
1564	0.621776
1565	0.622112
1566	0.623264
1567	0.621808
1568	0.622384
1569	0.624704
1570	0.621664
1571	0.622576
1572	0.623936
1573	0.624096
1574	0.624320
1575	0.624240
1576	0.623744
1577	0.624080
1578	0.625072
1579	0.624352
1580	0.623120
1581	0.624016
1582	0.625648
1583	0.623392
1584	0.624896
1585	0.622704
1586	0.623456
1587	0.620736
1588	0.624336
1589	0.622192
1590	0.625216
1591	0.624768
1592	0.627040
1593	0.624480
1594	0.625008
1595	0.623104
1596	0.623264
1597	0.625280
1598	0.624496
1599	0.623680
1600	0.625376
1601	0.624768
1602	0.624736
1603	0.626384
1604	0.628256
1605	0.624928
1606	0.625856
1607	0.625888
1608	0.626304
1609	0.625200
1610	0.626752
1611	0.623328
1612	0.623760
1613	0.624752
1614	0.623888
1615	0.624736
1616	0.625280
1617	0.625936
1618	0.624096
1619	0.622400
1620	0.624432
1621	0.624768
1622	0.624992
1623	0.625568
1624	0.626128
1625	0.625952
1626	0.625040
1627	0.625920
1628	0.625920
1629	0.626224
1630	0.626032
1631	0.626480
1632	0.624944
1633	0.627040
1634	0.624928
1635	0.624736
1636	0.626496
1637	0.623456
1638	0.624352
1639	0.625328
1640	0.628656
1641	0.627872
1642	0.627824
1643	0.625792
1644	0.624560
1645	0.626944
1646	0.627472
1647	0.626976
1648	0.626944
1649	0.625792
1650	0.627168
1651	0.626976
1652	0.625136
1653	0.624656
1654	0.625840
1655	0.626016
1656	0.626320
1657	0.624160
1658	0.627520
1659	0.629360
1660	0.628880
1661	0.628048
1662	0.627552
1663	0.629504
1664	0.628784
1665	0.627536
1666	0.627312
1667	0.628272
1668	0.628400
1669	0.625552
1670	0.626160
1671	0.627856
1672	0.627600
1673	0.626944
1674	0.626320
1675	0.630128
1676	0.629136
1677	0.628592
1678	0.626944
1679	0.629968
1680	0.630144
1681	0.625792
1682	0.628496
1683	0.625616
1684	0.628544
1685	0.627264
1686	0.627696
1687	0.627584
1688	0.626336
1689	0.628704
1690	0.628256
1691	0.629936
1692	0.626640
1693	0.628864
1694	0.628960
1695	0.630416
1696	0.628976
1697	0.629712
1698	0.628496
1699	0.625984
1700	0.629360
1701	0.628016
1702	0.627904
1703	0.628816
1704	0.627712
1705	0.629488
1706	0.626656
1707	0.627520
1708	0.630480
1709	0.628832
1710	0.629536
1711	0.628048
1712	0.628672
1713	0.630192
1714	0.629296
1715	0.627120
1716	0.627024
1717	0.629360
1718	0.629760
1719	0.630416
1720	0.626528
1721	0.627264
1722	0.627376
1723	0.629008
1724	0.630720
1725	0.628224
1726	0.629392
1727	0.629424
1728	0.630432
1729	0.628880
1730	0.628752
1731	0.629120
1732	0.629232
1733	0.630304
1734	0.628112
1735	0.628832
1736	0.630000
1737	0.629424
1738	0.627008
1739	0.628560
1740	0.629168
1741	0.631408
1742	0.629728
1743	0.630720
1744	0.630480
1745	0.630896
1746	0.631168
1747	0.630048
1748	0.627648
1749	0.629728
1750	0.629664
1751	0.628960
1752	0.627968
1753	0.628608
1754	0.628992
1755	0.630288
1756	0.630944
1757	0.629008
1758	0.632640
1759	0.632640
1760	0.633632
1761	0.633536
1762	0.630160
1763	0.632432
1764	0.630464
1765	0.630144
1766	0.630496
1767	0.629888
1768	0.628640
1769	0.630656
1770	0.631472
1771	0.629840
1772	0.630560
1773	0.631312
1774	0.630752
1775	0.630496
1776	0.628624
1777	0.629968
1778	0.632480
1779	0.633904
1780	0.632672
1781	0.631152
1782	0.629456
1783	0.630448
1784	0.632704
1785	0.630880
1786	0.632080
1787	0.631104
1788	0.632192
1789	0.633360
1790	0.633744
1791	0.632800
1792	0.632704
1793	0.632256
1794	0.631296
1795	0.631408
1796	0.631520
1797	0.632000
1798	0.632080
1799	0.632144
1800	0.630624
1801	0.632912
1802	0.632656
1803	0.632592
1804	0.630608
1805	0.631744
1806	0.632896
1807	0.633200
1808	0.632240
1809	0.630080
1810	0.631776
1811	0.631616
1812	0.631488
1813	0.632096
1814	0.631888
1815	0.631040
1816	0.631984
1817	0.631696
1818	0.630160
1819	0.632512
1820	0.631664
1821	0.630736
1822	0.632448
1823	0.633312
1824	0.632784
1825	0.630208
1826	0.633488
1827	0.632448
1828	0.633536
1829	0.632928
1830	0.632736
1831	0.633152
1832	0.631744
1833	0.630736
1834	0.633840
1835	0.633616
1836	0.632976
1837	0.631840
1838	0.631328
1839	0.631024
1840	0.634320
1841	0.632416
1842	0.632688
1843	0.635008
1844	0.635232
1845	0.634848
1846	0.633120
1847	0.633264
1848	0.633488
1849	0.631552
1850	0.633184
1851	0.632112
1852	0.633216
1853	0.632896
1854	0.634336
1855	0.634000
1856	0.633568
1857	0.635248
1858	0.631984
1859	0.633920
1860	0.633376
1861	0.634736
1862	0.633888
1863	0.635104
1864	0.635136
1865	0.632720
1866	0.633152
1867	0.632976
1868	0.630784
1869	0.633600
1870	0.633872
1871	0.633376
1872	0.632752
1873	0.633696
1874	0.631408
1875	0.631568
1876	0.631264
1877	0.633136
1878	0.634224
1879	0.633456
1880	0.632736
1881	0.634208
1882	0.632592
1883	0.635152
1884	0.633648
1885	0.636656
1886	0.636176
1887	0.634816
1888	0.636720
1889	0.632464
1890	0.632688
1891	0.631616
1892	0.635120
1893	0.633648
1894	0.633360
1895	0.632512
1896	0.631840
1897	0.633232
1898	0.632512
1899	0.635376
1900	0.634368
1901	0.634336
1902	0.633248
1903	0.632352
1904	0.631360
1905	0.633872
1906	0.634096
1907	0.634336
1908	0.635312
1909	0.633760
1910	0.634944
1911	0.632912
1912	0.633648
1913	0.634272
1914	0.634752
1915	0.635248
1916	0.634512
1917	0.635072
1918	0.634000
1919	0.635280
1920	0.633504
1921	0.634144
1922	0.635616
1923	0.635680
1924	0.634336
1925	0.634832
1926	0.634976
1927	0.634304
1928	0.635056
1929	0.635904
1930	0.636032
1931	0.635440
1932	0.634256
1933	0.634400
1934	0.634592
1935	0.635104
1936	0.635536
1937	0.634592
1938	0.633616
1939	0.634400
1940	0.634592
1941	0.635440
1942	0.635040
1943	0.637232
1944	0.635808
1945	0.636144
1946	0.636112
1947	0.632416
1948	0.633376
1949	0.633104
1950	0.633536
1951	0.633792
1952	0.634416
1953	0.635040
1954	0.634688
1955	0.634768
1956	0.636848
1957	0.635456
1958	0.635344
1959	0.635456
1960	0.633312
1961	0.633696
1962	0.633856
1963	0.633776
1964	0.634208
1965	0.635840
1966	0.634032
1967	0.635712
1968	0.637280
1969	0.635056
1970	0.633952
1971	0.633376
1972	0.636976
1973	0.636800
1974	0.636240
1975	0.637504
1976	0.636304
1977	0.635472
1978	0.635264
1979	0.638176
1980	0.636368
1981	0.635344
1982	0.637920
1983	0.634528
1984	0.635024
1985	0.636224
1986	0.635248
1987	0.636880
1988	0.636960
1989	0.637568
1990	0.637808
1991	0.637728
1992	0.637056
1993	0.635728
1994	0.636784
1995	0.638384
1996	0.635280
1997	0.637456
1998	0.635072
1999	0.634864
2000	0.634640
2001	0.634544
2002	0.634944
2003	0.636288
2004	0.635248
2005	0.635456
2006	0.635584
2007	0.636112
2008	0.636192
2009	0.635536
2010	0.636848
2011	0.634592
2012	0.636592
2013	0.636128
2014	0.637104
2015	0.637264
2016	0.637296
2017	0.634720
2018	0.635136
2019	0.634240
2020	0.634128
2021	0.632832
2022	0.634208
2023	0.636704
2024	0.637280
2025	0.636224
2026	0.635216
2027	0.635504
2028	0.636208
2029	0.635104
2030	0.636064
2031	0.636080
2032	0.636048
2033	0.636656
2034	0.637120
2035	0.635968
2036	0.635136
2037	0.634720
2038	0.637056
2039	0.636224
2040	0.634304
2041	0.635168
2042	0.636592
2043	0.637616
2044	0.638768
2045	0.637632
2046	0.639456
2047	0.637920
2048	0.638496
2049	0.637216
2050	0.636448
2051	0.638160
2052	0.636656
2053	0.638416
2054	0.639600
2055	0.638784
2056	0.638416
2057	0.637888
2058	0.637312
2059	0.633968
2060	0.634848
2061	0.634992
2062	0.637984
2063	0.638032
2064	0.637904
2065	0.637552
2066	0.635200
2067	0.636224
2068	0.636640
2069	0.637664
2070	0.637408
2071	0.636464
2072	0.634928
2073	0.635888
2074	0.634896
2075	0.635440
2076	0.637616
2077	0.635664
2078	0.639712
2079	0.636864
2080	0.638672
2081	0.638336
2082	0.635664
2083	0.635952
2084	0.634416
2085	0.636208
2086	0.637056
2087	0.636224
2088	0.636608
2089	0.635728
2090	0.635328
2091	0.635920
2092	0.637088
2093	0.637392
2094	0.638320
2095	0.637344
2096	0.633392
2097	0.634176
2098	0.635680
2099	0.636016
2100	0.636192
2101	0.636096
2102	0.638032
2103	0.636656
2104	0.635552
2105	0.635824
2106	0.635168
2107	0.636928
2108	0.636720
2109	0.636848
2110	0.639968
2111	0.638064
2112	0.635216
2113	0.636592
2114	0.638240
2115	0.636416
2116	0.638592
2117	0.634720
2118	0.636144
2119	0.635424
2120	0.636640
2121	0.638704
2122	0.637168
2123	0.637456
2124	0.639920
2125	0.639184
2126	0.639120
2127	0.640528
2128	0.639744
2129	0.638528
2130	0.637872
2131	0.638496
2132	0.639136
2133	0.639168
2134	0.638352
2135	0.638832
2136	0.636960
2137	0.637264
2138	0.637200
2139	0.638192
2140	0.636352
2141	0.635968
2142	0.638832
2143	0.637872
2144	0.638816
2145	0.639024
2146	0.638144
2147	0.638208
2148	0.636400
2149	0.636672
2150	0.638352
2151	0.638384
2152	0.635984
2153	0.636800
2154	0.637248
2155	0.638240
2156	0.637696
2157	0.639248
2158	0.637952
2159	0.640112
2160	0.639536
2161	0.638048
2162	0.639552
2163	0.639888
2164	0.636720
2165	0.638576
2166	0.640544
2167	0.637072
2168	0.639936
2169	0.638416
2170	0.639808
2171	0.637200
2172	0.638304
2173	0.637792
2174	0.638048
2175	0.637776
2176	0.638288
2177	0.639824
2178	0.639088
2179	0.640880
2180	0.639520
2181	0.637488
2182	0.638512
2183	0.638144
2184	0.639568
2185	0.638368
2186	0.638464
2187	0.639040
2188	0.637760
2189	0.639744
2190	0.637184
2191	0.639648
2192	0.638672
2193	0.638288
2194	0.638720
2195	0.638800
2196	0.638960
2197	0.637264
2198	0.637728
2199	0.638848
2200	0.637888
2201	0.640400
2202	0.639808
2203	0.639920
2204	0.639776
2205	0.637728
2206	0.639360
2207	0.639696
2208	0.638928
2209	0.641648
2210	0.638368
2211	0.637600
2212	0.638960
2213	0.641360
2214	0.639456
2215	0.638512
2216	0.637264
2217	0.639424
2218	0.637984
2219	0.637504
2220	0.638944
2221	0.641408
2222	0.638912
2223	0.639392
2224	0.639264
2225	0.639840
2226	0.639072
2227	0.638720
2228	0.638736
2229	0.636768
2230	0.637776
2231	0.640048
2232	0.640000
2233	0.638512
2234	0.637296
2235	0.639936
2236	0.639168
2237	0.641024
2238	0.638736
2239	0.641424
2240	0.640336
2241	0.639600
2242	0.638848
2243	0.637760
2244	0.640816
2245	0.640560
2246	0.639008
2247	0.639424
2248	0.640864
2249	0.639184
2250	0.638304
2251	0.639360
2252	0.640480
2253	0.641136
2254	0.638576
2255	0.640016
2256	0.639936
2257	0.639280
2258	0.640416
2259	0.640016
2260	0.640208
2261	0.641520
2262	0.640592
2263	0.639376
2264	0.642464
2265	0.638944
2266	0.637536
2267	0.638400
2268	0.635808
2269	0.640176
2270	0.639760
2271	0.640768
2272	0.640160
2273	0.640416
2274	0.639280
2275	0.640928
2276	0.639552
2277	0.642240
2278	0.639440
2279	0.638736
2280	0.638672
2281	0.639920
2282	0.639680
2283	0.638080
2284	0.637152
2285	0.638592
2286	0.638496
2287	0.637712
2288	0.638736
2289	0.639216
2290	0.639168
2291	0.640160
2292	0.638080
2293	0.638448
2294	0.639984
2295	0.638704
2296	0.640992
2297	0.640272
2298	0.638544
2299	0.640256
2300	0.641504
2301	0.640704
2302	0.639408
2303	0.640800
2304	0.639824
2305	0.639968
2306	0.641008
2307	0.641264
2308	0.640928
2309	0.639808
2310	0.639552
2311	0.638224
2312	0.638832
2313	0.638768
2314	0.639168
2315	0.639664
2316	0.639168
2317	0.639472
2318	0.640000
2319	0.640672
2320	0.639696
2321	0.640960
2322	0.642016
2323	0.640480
2324	0.641360
2325	0.639904
2326	0.641856
2327	0.641168
2328	0.639984
2329	0.639680
2330	0.640992
2331	0.639744
2332	0.640608
2333	0.640192
2334	0.639840
2335	0.640176
2336	0.640688
2337	0.639008
2338	0.641440
2339	0.641360
2340	0.639568
2341	0.641072
2342	0.639312
2343	0.641456
2344	0.641328
2345	0.638896
2346	0.642064
2347	0.641760
2348	0.640352
2349	0.639840
2350	0.639968
2351	0.639472
2352	0.639248
2353	0.640576
2354	0.637552
2355	0.639456
2356	0.640880
2357	0.640128
2358	0.641328
2359	0.641952
2360	0.640384
2361	0.639216
2362	0.639344
2363	0.641536
2364	0.639824
2365	0.641072
2366	0.638848
2367	0.640000
2368	0.639072
2369	0.640128
2370	0.637408
2371	0.640816
2372	0.639360
2373	0.638688
2374	0.639968
2375	0.641264
2376	0.641520
2377	0.642272
2378	0.639616
2379	0.638800
2380	0.638736
2381	0.638592
2382	0.639216
2383	0.639392
2384	0.638176
2385	0.639264
2386	0.639184
2387	0.638032
2388	0.639232
2389	0.641968
2390	0.639456
2391	0.639008
2392	0.639568
2393	0.641248
2394	0.641216
2395	0.641984
2396	0.639040
2397	0.640304
2398	0.641904
2399	0.641472
2400	0.640320
2401	0.639520
2402	0.640336
2403	0.639312
2404	0.638384
2405	0.638864
2406	0.639408
2407	0.638096
2408	0.637520
2409	0.641072
2410	0.641984
2411	0.641552
2412	0.640880
2413	0.642080
2414	0.640416
2415	0.640800
2416	0.640560
2417	0.640352
2418	0.641312
2419	0.639792
2420	0.639872
2421	0.638608
2422	0.639920
2423	0.641936
2424	0.642096
2425	0.642144
2426	0.642160
2427	0.641728
2428	0.643616
2429	0.639936
2430	0.640960
2431	0.639040
2432	0.640048
2433	0.641712
2434	0.638048
2435	0.639536
2436	0.639024
2437	0.640816
2438	0.640528
2439	0.642688
2440	0.641168
2441	0.641376
2442	0.641776
2443	0.643072
2444	0.642992
2445	0.643664
2446	0.638672
2447	0.641424
2448	0.640512
2449	0.641200
2450	0.640752
2451	0.641152
2452	0.641392
2453	0.642912
2454	0.643024
2455	0.643168
2456	0.642336
2457	0.640688
2458	0.641376
2459	0.643088
2460	0.643136
2461	0.641312
2462	0.641408
2463	0.642000
2464	0.645136
2465	0.641296
2466	0.642656
2467	0.641072
2468	0.642672
2469	0.644448
2470	0.642480
2471	0.641536
2472	0.642048
2473	0.643024
2474	0.642704
2475	0.641120
2476	0.643056
2477	0.643040
2478	0.641456
2479	0.641616
2480	0.641392
2481	0.640848
2482	0.640240
2483	0.638192
2484	0.637984
2485	0.639152
2486	0.641168
2487	0.642752
2488	0.641504
2489	0.641952
2490	0.642816
2491	0.640208
2492	0.641216
2493	0.640816
2494	0.642048
2495	0.641744
2496	0.641264
2497	0.641312
2498	0.641744
2499	0.641984
2500	0.641920
2501	0.639904
2502	0.640576
2503	0.640704
2504	0.639920
2505	0.640432
2506	0.640448
2507	0.641616
2508	0.641792
2509	0.642816
2510	0.640800
2511	0.639744
2512	0.639968
2513	0.640048
2514	0.641088
2515	0.640000
2516	0.639552
2517	0.640800
2518	0.640560
2519	0.640640
2520	0.641584
2521	0.641824
2522	0.642112
2523	0.643232
2524	0.642672
2525	0.640752
2526	0.639664
2527	0.640000
2528	0.639888
2529	0.642528
2530	0.639280
2531	0.639664
2532	0.641552
2533	0.641520
2534	0.642720
2535	0.641280
2536	0.641968
2537	0.643472
2538	0.641968
2539	0.640064
2540	0.643376
2541	0.638784
2542	0.642160
2543	0.643616
2544	0.641264
2545	0.641328
2546	0.639664
2547	0.639680
2548	0.640624
2549	0.637680
2550	0.640192
2551	0.638192
2552	0.639120
2553	0.640544
2554	0.642528
2555	0.640368
2556	0.641184
2557	0.640064
2558	0.640800
2559	0.639536
2560	0.640016
2561	0.641328
2562	0.641248
2563	0.641040
2564	0.639616
2565	0.643664
2566	0.642144
2567	0.641504
2568	0.641504
2569	0.640544
2570	0.641248
2571	0.641424
2572	0.640880
2573	0.641600
2574	0.641232
2575	0.640624
2576	0.641456
2577	0.641056
2578	0.640992
2579	0.642288
2580	0.642928
2581	0.639408
2582	0.642848
2583	0.641536
2584	0.643296
2585	0.641744
2586	0.641072
2587	0.639904
2588	0.639040
2589	0.641520
2590	0.641408
2591	0.640960
2592	0.642976
2593	0.640496
2594	0.640208
2595	0.642000
2596	0.644000
2597	0.642032
2598	0.642240
2599	0.641792
2600	0.642720
2601	0.641168
2602	0.640752
2603	0.640112
2604	0.641648
2605	0.639920
2606	0.639744
2607	0.639312
2608	0.639376
2609	0.640080
2610	0.642176
2611	0.642432
2612	0.642352
2613	0.641232
2614	0.641936
2615	0.641680
2616	0.642256
2617	0.640624
2618	0.642160
2619	0.641712
2620	0.644080
2621	0.643200
2622	0.641792
2623	0.642576
2624	0.641904
2625	0.641056
2626	0.640384
2627	0.639728
2628	0.642496
2629	0.641712
2630	0.642288
2631	0.640576
2632	0.638912
2633	0.640816
2634	0.640800
2635	0.641760
2636	0.640784
2637	0.641312
2638	0.643184
2639	0.640704
2640	0.642240
2641	0.641632
2642	0.640128
2643	0.642464
2644	0.640160
2645	0.643504
2646	0.642048
2647	0.640928
2648	0.641920
2649	0.641040
2650	0.641696
2651	0.641008
2652	0.641440
2653	0.641936
2654	0.640352
2655	0.641264
2656	0.641536
2657	0.641424
2658	0.642032
2659	0.643920
2660	0.642080
2661	0.642112
2662	0.640624
2663	0.642144
2664	0.640528
2665	0.641584
2666	0.642544
2667	0.643072
2668	0.641712
2669	0.641424
2670	0.641056
2671	0.643344
2672	0.639280
2673	0.640416
2674	0.641232
2675	0.644928
2676	0.642896
2677	0.642816
2678	0.642544
2679	0.640496
2680	0.643344
2681	0.643248
2682	0.643232
2683	0.639488
2684	0.641968
2685	0.643456
2686	0.642064
2687	0.640912
2688	0.643344
2689	0.642816
2690	0.642528
2691	0.641536
2692	0.641344
2693	0.640832
2694	0.639920
2695	0.640944
2696	0.642544
2697	0.643024
2698	0.642240
2699	0.641712
2700	0.643136
2701	0.644400
2702	0.643296
2703	0.642592
2704	0.642000
2705	0.641264
2706	0.642448
2707	0.641776
2708	0.640528
2709	0.641664
2710	0.642368
2711	0.642016
2712	0.643280
2713	0.641456
2714	0.642496
2715	0.642496
2716	0.640464
2717	0.644960
2718	0.640848
2719	0.641072
2720	0.642592
2721	0.642560
2722	0.640704
2723	0.640448
2724	0.643360
2725	0.642032
2726	0.642384
2727	0.642032
2728	0.643424
2729	0.642304
2730	0.642432
2731	0.645216
2732	0.641136
2733	0.642336
2734	0.641008
2735	0.640640
2736	0.642688
2737	0.643184
2738	0.643632
2739	0.642176
2740	0.641472
2741	0.642160
2742	0.641328
2743	0.642736
2744	0.643200
2745	0.641904
2746	0.641568
2747	0.640960
2748	0.640064
2749	0.641008
2750	0.642704
2751	0.642240
2752	0.640896
2753	0.641664
2754	0.642096
2755	0.641888
2756	0.642752
2757	0.642832
2758	0.641968
2759	0.644096
2760	0.642112
2761	0.642256
2762	0.644320
2763	0.642304
2764	0.641744
2765	0.641968
2766	0.641680
2767	0.642704
2768	0.641744
2769	0.643216
2770	0.642192
2771	0.642608
2772	0.641952
2773	0.642528
2774	0.641904
2775	0.641600
2776	0.641584
2777	0.644496
2778	0.641808
2779	0.642208
2780	0.639872
2781	0.641728
2782	0.643936
2783	0.642480
2784	0.640624
2785	0.641760
2786	0.641264
2787	0.639360
2788	0.642592
2789	0.640896
2790	0.643552
2791	0.644016
2792	0.642736
2793	0.642720
2794	0.642016
2795	0.643616
2796	0.642896
2797	0.642448
2798	0.641472
2799	0.641504
2800	0.643408
2801	0.642704
2802	0.642560
2803	0.640080
2804	0.641920
2805	0.642080
2806	0.642320
2807	0.642912
2808	0.641792
2809	0.646048
2810	0.644368
2811	0.641616
2812	0.643408
2813	0.642928
2814	0.642272
2815	0.641168
2816	0.640752
2817	0.641296
2818	0.644064
2819	0.642448
2820	0.640800
2821	0.639648
2822	0.643904
2823	0.642592
2824	0.643200
2825	0.644560
2826	0.645376
2827	0.643296
2828	0.643072
2829	0.642496
2830	0.644016
2831	0.642368
2832	0.641616
2833	0.641024
2834	0.642960
2835	0.643008
2836	0.642608
2837	0.640512
2838	0.643232
2839	0.644720
2840	0.642592
2841	0.642816
2842	0.643344
2843	0.641120
2844	0.642960
2845	0.643520
2846	0.643488
2847	0.644928
2848	0.644096
2849	0.643632
2850	0.640576
2851	0.641600
2852	0.641520
2853	0.642400
2854	0.644928
2855	0.644752
2856	0.643040
2857	0.639872
2858	0.641856
2859	0.639920
2860	0.642352
2861	0.644080
2862	0.644432
2863	0.642528
2864	0.639648
2865	0.642736
2866	0.640704
2867	0.640976
2868	0.641584
2869	0.643280
2870	0.642784
2871	0.643072
2872	0.642256
2873	0.642416
2874	0.641568
2875	0.641968
2876	0.642208
2877	0.644096
2878	0.643728
2879	0.642208
2880	0.643040
2881	0.643280
2882	0.644720
2883	0.642736
2884	0.642752
2885	0.641536
2886	0.641968
2887	0.642544
2888	0.645552
2889	0.644064
2890	0.643792
2891	0.644640
2892	0.645392
2893	0.644400
2894	0.643936
2895	0.643584
2896	0.645056
2897	0.642160
2898	0.641920
2899	0.643280
2900	0.642304
2901	0.643936
2902	0.642048
2903	0.642016
2904	0.644560
2905	0.642224
2906	0.642048
2907	0.644304
2908	0.644336
2909	0.642560
2910	0.643328
2911	0.643696
2912	0.644976
2913	0.641632
2914	0.643056
2915	0.644416
2916	0.644368
2917	0.643808
2918	0.644496
2919	0.642880
2920	0.641584
2921	0.643280
2922	0.643776
2923	0.642256
2924	0.642000
2925	0.643648
2926	0.642304
2927	0.643792
2928	0.642896
2929	0.642464
2930	0.642816
2931	0.643632
2932	0.642464
2933	0.643312
2934	0.644720
2935	0.642192
2936	0.643152
2937	0.643200
2938	0.641712
2939	0.641680
2940	0.642896
2941	0.642288
2942	0.643424
2943	0.641440
2944	0.641808
2945	0.642720
2946	0.642848
2947	0.644256
2948	0.643712
2949	0.643600
2950	0.640864
2951	0.641280
2952	0.642992
2953	0.640128
2954	0.641472
2955	0.643248
2956	0.642144
2957	0.643072
2958	0.644608
2959	0.645344
2960	0.646608
2961	0.644928
2962	0.643920
2963	0.645200
2964	0.643712
2965	0.642080
2966	0.640656
2967	0.642656
2968	0.641024
2969	0.641232
2970	0.641984
2971	0.641440
2972	0.641648
2973	0.643360
2974	0.642080
2975	0.642464
2976	0.643920
2977	0.642944
2978	0.642480
2979	0.643264
2980	0.645696
2981	0.641776
2982	0.641552
2983	0.640624
2984	0.643200
2985	0.644080
2986	0.645408
2987	0.644672
2988	0.644256
2989	0.643264
2990	0.643456
2991	0.641920
2992	0.640208
2993	0.642624
2994	0.645376
2995	0.644736
2996	0.645728
2997	0.642576
2998	0.642512
2999	0.644112
3000	0.644864
3001	0.642848
3002	0.640208
3003	0.642336
3004	0.640864
3005	0.643168
3006	0.641376
3007	0.642512
3008	0.640624
3009	0.642336
3010	0.641792
3011	0.643712
3012	0.643312
3013	0.645072
3014	0.645616
3015	0.643872
3016	0.642784
3017	0.640944
3018	0.642336
3019	0.641680
3020	0.642240
3021	0.641696
3022	0.641968
3023	0.643584
3024	0.643040
3025	0.644720
3026	0.644832
3027	0.643696
3028	0.645584
3029	0.644112
3030	0.642496
3031	0.640768
3032	0.642272
3033	0.642448
3034	0.642720
3035	0.642272
3036	0.641824
3037	0.643824
3038	0.643792
3039	0.642800
3040	0.643392
3041	0.641248
3042	0.642208
3043	0.643920
3044	0.642192
3045	0.641792
3046	0.641840
3047	0.643568
3048	0.643824
3049	0.643840
3050	0.640000
3051	0.640288
3052	0.642448
3053	0.641568
3054	0.642416
3055	0.641680
3056	0.640512
3057	0.643072
3058	0.643408
3059	0.645616
3060	0.642816
3061	0.644288
3062	0.641744
3063	0.641072
3064	0.641536
3065	0.642096
3066	0.642784
3067	0.642256
3068	0.642048
3069	0.643104
3070	0.641168
3071	0.644240
3072	0.643296
3073	0.642624
3074	0.643680
3075	0.641968
3076	0.642608
3077	0.642112
3078	0.645392
3079	0.643616
3080	0.641776
3081	0.643392
3082	0.643328
3083	0.641808
3084	0.642368
3085	0.642112
3086	0.643632
3087	0.643120
3088	0.642448
3089	0.640896
3090	0.642992
3091	0.640448
3092	0.642496
3093	0.642592
3094	0.643744
3095	0.643584
3096	0.644368
3097	0.644720
3098	0.643376
3099	0.642736
3100	0.641568
3101	0.643440
3102	0.644832
3103	0.643568
3104	0.646128
3105	0.645488
3106	0.644944
3107	0.642496
3108	0.644432
3109	0.644752
3110	0.643504
3111	0.642480
3112	0.643936
3113	0.644480
3114	0.643536
3115	0.641536
3116	0.643520
3117	0.643296
3118	0.639488
3119	0.642864
3120	0.645248
3121	0.645440
3122	0.641952
3123	0.640336
3124	0.641904
3125	0.643040
3126	0.641168
3127	0.641808
3128	0.643760
3129	0.642192
3130	0.642832
3131	0.644368
3132	0.644272
3133	0.644160
3134	0.643328
3135	0.644672
3136	0.644592
3137	0.640928
3138	0.643360
3139	0.642448
3140	0.642480
3141	0.644224
3142	0.643344
3143	0.643104
3144	0.643424
3145	0.642752
3146	0.641392
3147	0.644720
3148	0.643264
3149	0.642560
3150	0.641248
3151	0.642608
3152	0.641168
3153	0.644032
3154	0.641424
3155	0.640448
3156	0.641344
3157	0.643120
3158	0.643136
3159	0.641232
3160	0.641968
3161	0.643360
3162	0.642864
3163	0.643184
3164	0.643920
3165	0.643440
3166	0.645792
3167	0.642384
3168	0.643456
3169	0.642960
3170	0.645120
3171	0.642784
3172	0.643952
3173	0.643248
3174	0.642848
3175	0.643552
3176	0.642752
3177	0.642336
3178	0.644144
3179	0.641312
3180	0.639392
3181	0.642576
3182	0.642592
3183	0.642592
3184	0.645904
3185	0.644640
3186	0.642864
3187	0.644064
3188	0.642400
3189	0.642112
3190	0.644976
3191	0.644352
3192	0.644512
3193	0.643792
3194	0.643088
3195	0.641888
3196	0.641184
3197	0.642032
3198	0.644000
3199	0.642336
3200	0.645216
3201	0.643072
3202	0.642000
3203	0.643472
3204	0.644448
3205	0.643136
3206	0.640464
3207	0.643872
3208	0.644176
3209	0.643728
3210	0.644736
3211	0.643024
3212	0.641472
3213	0.643248
3214	0.642960
3215	0.643952
3216	0.643904
3217	0.645776
3218	0.645248
3219	0.642880
3220	0.644384
3221	0.644784
3222	0.642720
3223	0.642720
3224	0.641968
3225	0.642480
3226	0.644672
3227	0.644256
3228	0.643440
3229	0.644816
3230	0.642816
3231	0.644128
3232	0.645424
3233	0.642912
3234	0.643872
3235	0.642304
3236	0.642544
3237	0.642672
3238	0.643200
3239	0.643712
3240	0.644400
3241	0.645168
3242	0.644464
3243	0.646416
3244	0.645104
3245	0.643280
3246	0.641104
3247	0.643920
3248	0.642368
3249	0.644256
3250	0.643296
3251	0.646048
3252	0.642944
3253	0.644352
3254	0.644368
3255	0.644032
3256	0.641808
3257	0.641552
3258	0.642912
3259	0.641328
3260	0.643536
3261	0.643328
3262	0.642144
3263	0.644512
3264	0.644640
3265	0.643712
3266	0.642352
3267	0.645216
3268	0.643728
3269	0.644016
3270	0.642624
3271	0.642880
3272	0.643824
3273	0.642496
3274	0.642672
3275	0.643536
3276	0.643680
3277	0.644224
3278	0.642576
3279	0.642496
3280	0.642112
3281	0.644336
3282	0.643936
3283	0.641344
3284	0.642368
3285	0.644160
3286	0.643184
3287	0.643360
3288	0.640784
3289	0.642304
3290	0.644016
3291	0.643456
3292	0.643248
3293	0.642400
3294	0.645840
3295	0.644480
3296	0.642800
3297	0.642416
3298	0.643504
3299	0.643040
3300	0.640368
3301	0.642672
3302	0.642592
3303	0.640672
3304	0.642080
3305	0.644224
3306	0.641472
3307	0.644624
3308	0.646144
3309	0.643728
3310	0.643760
3311	0.644624
3312	0.643696
3313	0.644896
3314	0.642960
3315	0.643216
3316	0.641520
3317	0.641216
3318	0.643888
3319	0.642848
3320	0.644192
3321	0.643872
3322	0.644640
3323	0.643648
3324	0.642368
3325	0.642912
3326	0.645584
3327	0.644128
3328	0.640464
3329	0.643296
3330	0.644960
3331	0.643056
3332	0.644048
3333	0.643328
3334	0.642272
3335	0.643088
3336	0.644816
3337	0.644016
3338	0.644896
3339	0.644592
3340	0.644496
3341	0.645328
3342	0.643344
3343	0.642256
3344	0.643552
3345	0.643056
3346	0.643952
3347	0.641376
3348	0.644896
3349	0.644240
3350	0.643888
3351	0.643696
3352	0.643968
3353	0.644032
3354	0.643648
3355	0.642176
3356	0.643984
3357	0.642848
3358	0.643680
3359	0.644976
3360	0.642336
3361	0.639952
3362	0.642208
3363	0.642928
3364	0.644880
3365	0.642400
3366	0.644480
3367	0.644864
3368	0.642912
3369	0.643056
3370	0.641920
3371	0.639952
3372	0.639792
3373	0.642592
3374	0.642928
3375	0.643024
3376	0.643104
3377	0.644016
3378	0.645328
3379	0.645008
3380	0.642112
3381	0.642944
3382	0.644832
3383	0.642464
3384	0.641088
3385	0.640832
3386	0.640112
3387	0.643056
3388	0.643088
3389	0.643200
3390	0.642912
3391	0.643040
3392	0.644240
3393	0.644048
3394	0.641808
3395	0.643840
3396	0.645632
3397	0.644896
3398	0.643392
3399	0.642848
3400	0.642784
3401	0.643104
3402	0.645280
3403	0.644400
3404	0.642720
3405	0.643872
3406	0.644576
3407	0.645376
3408	0.644448
3409	0.645488
3410	0.642896
3411	0.643328
3412	0.644944
3413	0.643792
3414	0.646048
3415	0.642624
3416	0.642768
3417	0.643264
3418	0.642368
3419	0.645232
3420	0.645280
3421	0.644752
3422	0.644144
3423	0.642784
3424	0.643184
3425	0.644928
3426	0.643184
3427	0.642784
3428	0.643968
3429	0.642592
3430	0.645296
3431	0.645776
3432	0.643424
3433	0.643888
3434	0.643328
3435	0.642432
3436	0.644304
3437	0.644512
3438	0.642544
3439	0.642048
3440	0.642368
3441	0.643872
3442	0.645264
3443	0.646352
3444	0.646752
3445	0.646112
3446	0.646800
3447	0.644720
3448	0.642912
3449	0.644048
3450	0.644992
3451	0.643840
3452	0.647232
3453	0.642528
3454	0.643568
3455	0.645136
3456	0.643504
3457	0.641824
3458	0.643808
3459	0.645200
3460	0.646480
3461	0.644656
3462	0.643360
3463	0.643264
3464	0.643744
3465	0.643936
3466	0.643440
3467	0.644976
3468	0.645680
3469	0.643040
3470	0.644576
3471	0.642144
3472	0.641744
3473	0.641968
3474	0.644048
3475	0.643408
3476	0.644208
3477	0.644288
3478	0.642528
3479	0.641152
3480	0.644032
3481	0.644032
3482	0.642624
3483	0.641840
3484	0.641984
3485	0.642464
3486	0.644288
3487	0.641536
3488	0.641712
3489	0.642304
3490	0.642160
3491	0.646016
3492	0.643264
3493	0.641888
3494	0.644704
3495	0.643536
3496	0.643312
3497	0.644688
3498	0.643744
3499	0.640752
3500	0.642224
3501	0.641504
3502	0.641920
3503	0.643264
3504	0.642016
3505	0.640928
3506	0.641792
3507	0.644000
3508	0.641264
3509	0.643696
3510	0.644608
3511	0.642944
3512	0.645040
3513	0.646864
3514	0.644976
3515	0.643600
3516	0.644272
3517	0.644160
3518	0.642624
3519	0.641888
3520	0.644784
3521	0.641184
3522	0.643088
3523	0.643984
3524	0.642928
3525	0.642752
3526	0.643616
3527	0.642720
3528	0.644400
3529	0.644768
3530	0.644432
3531	0.645360
3532	0.643920
3533	0.643600
3534	0.642256
3535	0.643344
3536	0.644656
3537	0.642656
3538	0.641408
3539	0.641504
3540	0.644544
3541	0.643264
3542	0.645584
3543	0.643424
3544	0.643632
3545	0.643264
3546	0.642512
3547	0.645952
3548	0.642016
3549	0.643072
3550	0.644000
3551	0.641744
3552	0.644720
3553	0.644992
3554	0.644448
3555	0.645184
3556	0.645552
3557	0.643584
3558	0.643792
3559	0.644560
3560	0.643040
3561	0.643792
3562	0.640576
3563	0.642000
3564	0.644352
3565	0.644448
3566	0.643440
3567	0.643552
3568	0.645280
3569	0.644960
3570	0.643808
3571	0.643776
3572	0.643632
3573	0.645168
3574	0.642752
3575	0.641936
3576	0.642000
3577	0.642144
3578	0.643840
3579	0.643728
3580	0.643744
3581	0.646352
3582	0.643168
3583	0.643520
3584	0.643184
3585	0.643920
3586	0.642096
3587	0.641888
3588	0.641904
3589	0.644976
3590	0.644384
3591	0.643968
3592	0.644080
3593	0.643088
3594	0.643664
3595	0.642000
3596	0.643232
3597	0.644256
3598	0.645392
3599	0.641712
3600	0.645856
3601	0.642224
3602	0.644016
3603	0.642384
3604	0.640560
3605	0.643504
3606	0.644960
3607	0.641952
3608	0.643040
3609	0.642480
3610	0.643728
3611	0.644304
3612	0.644960
3613	0.645248
3614	0.644752
3615	0.644192
3616	0.645440
3617	0.643312
3618	0.642944
3619	0.644784
3620	0.644464
3621	0.644112
3622	0.641744
3623	0.644032
3624	0.641232
3625	0.643952
3626	0.642432
3627	0.640496
3628	0.643408
3629	0.643392
3630	0.644688
3631	0.645424
3632	0.644144
3633	0.644000
3634	0.644464
3635	0.642544
3636	0.644208
3637	0.643024
3638	0.646096
3639	0.643008
3640	0.643248
3641	0.645008
3642	0.644752
3643	0.644528
3644	0.644208
3645	0.644768
3646	0.643440
3647	0.644128
3648	0.644272
3649	0.644576
3650	0.643744
3651	0.643904
3652	0.643824
3653	0.643920
3654	0.645472
3655	0.645104
3656	0.642560
3657	0.644080
3658	0.645232
3659	0.645072
3660	0.642608
3661	0.642976
3662	0.645104
3663	0.644704
3664	0.644288
3665	0.645984
3666	0.643408
3667	0.643536
3668	0.642656
3669	0.643472
3670	0.644976
3671	0.645936
3672	0.647072
3673	0.641040
3674	0.644528
3675	0.641232
3676	0.644016
3677	0.642464
3678	0.642720
3679	0.643296
3680	0.643408
3681	0.642144
3682	0.643168
3683	0.642752
3684	0.644512
3685	0.642000
3686	0.643264
3687	0.643408
3688	0.642784
3689	0.643152
3690	0.643168
3691	0.642656
3692	0.642816
3693	0.642944
3694	0.642864
3695	0.641072
3696	0.640672
3697	0.640288
3698	0.642240
3699	0.643184
3700	0.643216
3701	0.643712
3702	0.641744
3703	0.643056
3704	0.641760
3705	0.643920
3706	0.646400
3707	0.645824
3708	0.645056
3709	0.644512
3710	0.643568
3711	0.643728
3712	0.642528
3713	0.641040
3714	0.641584
3715	0.640096
3716	0.643696
3717	0.644752
3718	0.643808
3719	0.642400
3720	0.642976
3721	0.642736
3722	0.641840
3723	0.645216
3724	0.645696
3725	0.644528
3726	0.643152
3727	0.643776
3728	0.644992
3729	0.646192
3730	0.647200
3731	0.645616
3732	0.643968
3733	0.643520
3734	0.645472
3735	0.645200
3736	0.644736
3737	0.644880
3738	0.642928
3739	0.643376
3740	0.644304
3741	0.643312
3742	0.641936
3743	0.642672
3744	0.643520
3745	0.645872
3746	0.643072
3747	0.645728
3748	0.644272
3749	0.642640
3750	0.641888
3751	0.644928
3752	0.643824
3753	0.645152
3754	0.644336
3755	0.643248
3756	0.643984
3757	0.645072
3758	0.644032
3759	0.643728
3760	0.646576
3761	0.644896
3762	0.645056
3763	0.646464
3764	0.645904
3765	0.643648
3766	0.643456
3767	0.644624
3768	0.644336
3769	0.643008
3770	0.641440
3771	0.642880
3772	0.642704
3773	0.644752
3774	0.642896
3775	0.640368
3776	0.644752
3777	0.642560
3778	0.644832
3779	0.644400
3780	0.643712
3781	0.640832
3782	0.642176
3783	0.642352
3784	0.642064
3785	0.641872
3786	0.643376
3787	0.642368
3788	0.644400
3789	0.644192
3790	0.641920
3791	0.641632
3792	0.643888
3793	0.642992
3794	0.643408
3795	0.644032
3796	0.643712
3797	0.644048
3798	0.642016
3799	0.645104
3800	0.643360
3801	0.642912
3802	0.641936
3803	0.641552
3804	0.642784
3805	0.642960
3806	0.644928
3807	0.644944
3808	0.642592
3809	0.644688
3810	0.642720
3811	0.642320
3812	0.644224
3813	0.645232
3814	0.644720
3815	0.642496
3816	0.641824
3817	0.642272
3818	0.644592
3819	0.641984
3820	0.643264
3821	0.644208
3822	0.642128
3823	0.645232
3824	0.644656
3825	0.647040
3826	0.645360
3827	0.642848
3828	0.643664
3829	0.645104
3830	0.643456
3831	0.644112
3832	0.641760
3833	0.641248
3834	0.641296
3835	0.644704
3836	0.641472
3837	0.641152
3838	0.641936
3839	0.642352
3840	0.642752
3841	0.642176
3842	0.642912
3843	0.642816
3844	0.642736
3845	0.644496
3846	0.643456
3847	0.644976
3848	0.641856
3849	0.642272
3850	0.643296
3851	0.642480
3852	0.644240
3853	0.644848
3854	0.644016
3855	0.644240
3856	0.641136
3857	0.642304
3858	0.643536
3859	0.643552
3860	0.643408
3861	0.643552
3862	0.644432
3863	0.643312
3864	0.642816
3865	0.643408
3866	0.640176
3867	0.640928
3868	0.643584
3869	0.644416
3870	0.645232
3871	0.644864
3872	0.643824
3873	0.645040
3874	0.644368
3875	0.643248
3876	0.645552
3877	0.646752
3878	0.643696
3879	0.642496
3880	0.645200
3881	0.643584
3882	0.644512
3883	0.644800
3884	0.644544
3885	0.645712
3886	0.644656
3887	0.643232
3888	0.646880
3889	0.643808
3890	0.644848
3891	0.642688
3892	0.643168
3893	0.646000
3894	0.645424
3895	0.642672
3896	0.643552
3897	0.643104
3898	0.644576
3899	0.644752
3900	0.646480
3901	0.643440
3902	0.645056
3903	0.645120
3904	0.644368
3905	0.644752
3906	0.647216
3907	0.642368
3908	0.643088
3909	0.643952
3910	0.642752
3911	0.641600
3912	0.642112
3913	0.644032
3914	0.646864
3915	0.643712
3916	0.643200
3917	0.641424
3918	0.640496
3919	0.642720
3920	0.644240
3921	0.643744
3922	0.642112
3923	0.643408
3924	0.644512
3925	0.644032
3926	0.641728
3927	0.644000
3928	0.642704
3929	0.642064
3930	0.642240
3931	0.643440
3932	0.643888
3933	0.644768
3934	0.644560
3935	0.640640
3936	0.641968
3937	0.642144
3938	0.642864
3939	0.644000
3940	0.645040
3941	0.643600
3942	0.643040
3943	0.643904
3944	0.644528
3945	0.644592
3946	0.646432
3947	0.645424
3948	0.643904
3949	0.643632
3950	0.642768
3951	0.643664
3952	0.641664
3953	0.641776
3954	0.643296
3955	0.646080
3956	0.644000
3957	0.645008
3958	0.644112
3959	0.644832
3960	0.643248
3961	0.642656
3962	0.643184
3963	0.643440
3964	0.645296
3965	0.642752
3966	0.646384
3967	0.645056
3968	0.642448
3969	0.642096
3970	0.642288
3971	0.644640
3972	0.642864
3973	0.643696
3974	0.642288
3975	0.644656
3976	0.643392
3977	0.644880
3978	0.641088
3979	0.641728
3980	0.644960
3981	0.645248
3982	0.644944
3983	0.644112
3984	0.643056
3985	0.644688
3986	0.642560
3987	0.642672
3988	0.640880
3989	0.642816
3990	0.645600
3991	0.644912
3992	0.642912
3993	0.644048
3994	0.642304
3995	0.641360
3996	0.644032
3997	0.642144
3998	0.641360
3999	0.641120
4000	0.641424
4001	0.643344
4002	0.643664
4003	0.645184
4004	0.643616
4005	0.644736
4006	0.643488
4007	0.644512
4008	0.643664
4009	0.643184
4010	0.645104
4011	0.645840
4012	0.641696
4013	0.643088
4014	0.642592
4015	0.642128
4016	0.640752
4017	0.639776
4018	0.641360
4019	0.641520
4020	0.644160
4021	0.644160
4022	0.644480
4023	0.645424
4024	0.645120
4025	0.645296
4026	0.647968
4027	0.643584
4028	0.645792
4029	0.645520
4030	0.646448
4031	0.644112
4032	0.645712
4033	0.645472
4034	0.644800
4035	0.644672
4036	0.643168
4037	0.643888
4038	0.644768
4039	0.643872
4040	0.643120
4041	0.644336
4042	0.642272
4043	0.642400
4044	0.642592
4045	0.641488
4046	0.643728
4047	0.643568
4048	0.641568
4049	0.643040
4050	0.644128
4051	0.644112
4052	0.643472
4053	0.642384
4054	0.644720
4055	0.642752
4056	0.644944
4057	0.643840
4058	0.643200
4059	0.643584
4060	0.643792
4061	0.642832
4062	0.642560
4063	0.641696
4064	0.643840
4065	0.642480
4066	0.645216
4067	0.645104
4068	0.645680
4069	0.642560
4070	0.643600
4071	0.643872
4072	0.641072
4073	0.643616
4074	0.643888
4075	0.645376
4076	0.643792
4077	0.643760
4078	0.644512
4079	0.643824
4080	0.642544
4081	0.641616
4082	0.643664
4083	0.643968
4084	0.644224
4085	0.643984
4086	0.644832
4087	0.645056
4088	0.642576
4089	0.643536
4090	0.643040
4091	0.643184
4092	0.644688
4093	0.645360
4094	0.644624
4095	0.644688
4096	0.642928
4097	0.643008
4098	0.642144
4099	0.642512
4100	0.642976
4101	0.641376
4102	0.644688
4103	0.645024
4104	0.642624
4105	0.642976
4106	0.643952
4107	0.642096
4108	0.644576
4109	0.645472
4110	0.645600
4111	0.644736
4112	0.645360
4113	0.642704
4114	0.644064
4115	0.643632
4116	0.644320
4117	0.642544
4118	0.642784
4119	0.643120
4120	0.642560
4121	0.642272
4122	0.643680
4123	0.643920
4124	0.645168
4125	0.645584
4126	0.644368
4127	0.644304
4128	0.644256
4129	0.646704
4130	0.645584
4131	0.643872
4132	0.645328
4133	0.644112
4134	0.644112
4135	0.643584
4136	0.644000
4137	0.643232
4138	0.643648
4139	0.641152
4140	0.642288
4141	0.645248
4142	0.643664
4143	0.644592
4144	0.645664
4145	0.644368
4146	0.645360
4147	0.643072
4148	0.644944
4149	0.644208
4150	0.643184
4151	0.645680
4152	0.644400
4153	0.644384
4154	0.643424
4155	0.644496
4156	0.644304
4157	0.644736
4158	0.644640
4159	0.642912
4160	0.642912
4161	0.641984
4162	0.641984
4163	0.643248
4164	0.644880
4165	0.642896
4166	0.643968
4167	0.642880
4168	0.642656
4169	0.642672
4170	0.643152
4171	0.644128
4172	0.643424
4173	0.644640
4174	0.642976
4175	0.642960
4176	0.646256
4177	0.644336
4178	0.644384
4179	0.643792
4180	0.643024
4181	0.646848
4182	0.643312
4183	0.643216
4184	0.645376
4185	0.644864
4186	0.642864
4187	0.641872
4188	0.645856
4189	0.644752
4190	0.643488
4191	0.645440
4192	0.642240
4193	0.644672
4194	0.643472
4195	0.643792
4196	0.643488
4197	0.646272
4198	0.643936
4199	0.644720
4200	0.645072
4201	0.644112
4202	0.642304
4203	0.643440
4204	0.643216
4205	0.643152
4206	0.644352
4207	0.643040
4208	0.643728
4209	0.642560
4210	0.642944
4211	0.642112
4212	0.644080
4213	0.640928
4214	0.643120
4215	0.643696
4216	0.645456
4217	0.642640
4218	0.644208
4219	0.643328
4220	0.643328
4221	0.644992
4222	0.642848
4223	0.644720
4224	0.643984
4225	0.645760
4226	0.644096
4227	0.646224
4228	0.644080
4229	0.645424
4230	0.643904
4231	0.642672
4232	0.643952
4233	0.645280
4234	0.642640
4235	0.641888
4236	0.642480
4237	0.645008
4238	0.643328
4239	0.642160
4240	0.646832
4241	0.643696
4242	0.644544
4243	0.644720
4244	0.642976
4245	0.644128
4246	0.643664
4247	0.642592
4248	0.641552
4249	0.644096
4250	0.643552
4251	0.641856
4252	0.645040
4253	0.643936
4254	0.643888
4255	0.644288
4256	0.641584
4257	0.642432
4258	0.643744
4259	0.643056
4260	0.642912
4261	0.645616
4262	0.645024
4263	0.644160
4264	0.644000
4265	0.644656
4266	0.644448
4267	0.644288
4268	0.644928
4269	0.643200
4270	0.643584
4271	0.642544
4272	0.644192
4273	0.643568
4274	0.643072
4275	0.642272
4276	0.642000
4277	0.641440
4278	0.643696
4279	0.643968
4280	0.645520
4281	0.644864
4282	0.642064
4283	0.642048
4284	0.644992
4285	0.645168
4286	0.644752
4287	0.642576
4288	0.642304
4289	0.641648
4290	0.642032
4291	0.642448
4292	0.642480
4293	0.644432
4294	0.644576
4295	0.641760
4296	0.642272
4297	0.643104
4298	0.644416
4299	0.642832
4300	0.642480
4301	0.642608
4302	0.644464
4303	0.643072
4304	0.641392
4305	0.642464
4306	0.644080
4307	0.643008
4308	0.642208
4309	0.644576
4310	0.644544
4311	0.643520
4312	0.643888
4313	0.643536
4314	0.643232
4315	0.643232
4316	0.644656
4317	0.645728
4318	0.645088
4319	0.641280
4320	0.641840
4321	0.640752
4322	0.643344
4323	0.645072
4324	0.642528
4325	0.644592
4326	0.642192
4327	0.645024
4328	0.645504
4329	0.644176
4330	0.643968
4331	0.641584
4332	0.644448
4333	0.642544
4334	0.644032
4335	0.642784
4336	0.643456
4337	0.644816
4338	0.643552
4339	0.642528
4340	0.644432
4341	0.642384
4342	0.641104
4343	0.641248
4344	0.643760
4345	0.644256
4346	0.644928
4347	0.645328
4348	0.643536
4349	0.642800
4350	0.645776
4351	0.642880
4352	0.641856
4353	0.642992
4354	0.643120
4355	0.644560
4356	0.643632
4357	0.643376
4358	0.644112
4359	0.644896
4360	0.645296
4361	0.643888
4362	0.646208
4363	0.644000
4364	0.643712
4365	0.644816
4366	0.644416
4367	0.644480
4368	0.645088
4369	0.644880
4370	0.644208
4371	0.643184
4372	0.643728
4373	0.644976
4374	0.641792
4375	0.643152
4376	0.644800
4377	0.645424
4378	0.644032
4379	0.643696
4380	0.645040
4381	0.643088
4382	0.645520
4383	0.642768
4384	0.645392
4385	0.643024
4386	0.645440
4387	0.645440
4388	0.643552
4389	0.643440
4390	0.644784
4391	0.642416
4392	0.643040
4393	0.644576
4394	0.644208
4395	0.641392
4396	0.642656
4397	0.642656
4398	0.642576
4399	0.643456
4400	0.645552
4401	0.642592
4402	0.642912
4403	0.644016
4404	0.643296
4405	0.643280
4406	0.642752
4407	0.643888
4408	0.644928
4409	0.643312
4410	0.639552
4411	0.643840
4412	0.644896
4413	0.643632
4414	0.642528
4415	0.642272
4416	0.644864
4417	0.646592
4418	0.643504
4419	0.644192
4420	0.643856
4421	0.643664
4422	0.644896
4423	0.643872
4424	0.645776
4425	0.643968
4426	0.643504
4427	0.643584
4428	0.642544
4429	0.642368
4430	0.642752
4431	0.643232
4432	0.642096
4433	0.644000
4434	0.643632
4435	0.642352
4436	0.643440
4437	0.641360
4438	0.644240
4439	0.645984
4440	0.642608
4441	0.645184
4442	0.645744
4443	0.645984
4444	0.641392
4445	0.644784
4446	0.642272
4447	0.644016
4448	0.641200
4449	0.642096
4450	0.644080
4451	0.644864
4452	0.643072
4453	0.641856
4454	0.643472
4455	0.643632
4456	0.642400
4457	0.643136
4458	0.645344
4459	0.643472
4460	0.644368
4461	0.643760
4462	0.644080
4463	0.641296
4464	0.644976
4465	0.643488
4466	0.642352
4467	0.643536
4468	0.644480
4469	0.645360
4470	0.643824
4471	0.645040
4472	0.643968
4473	0.645552
4474	0.643280
4475	0.644144
4476	0.644928
4477	0.644496
4478	0.644352
4479	0.644528
4480	0.643088
4481	0.643664
4482	0.643536
4483	0.642576
4484	0.640592
4485	0.640576
4486	0.641840
4487	0.641808
4488	0.643120
4489	0.643312
4490	0.645712
4491	0.644816
4492	0.644704
4493	0.642144
4494	0.644032
4495	0.644592
4496	0.644496
4497	0.642512
4498	0.645328
4499	0.647136
4500	0.645248
4501	0.644912
4502	0.645328
4503	0.643856
4504	0.645200
4505	0.643920
4506	0.644080
4507	0.645152
4508	0.648048
4509	0.645904
4510	0.645872
4511	0.643120
4512	0.644592
4513	0.643328
4514	0.644480
4515	0.642064
4516	0.643056
4517	0.641648
4518	0.642144
4519	0.642448
4520	0.643872
4521	0.644512
4522	0.644864
4523	0.644496
4524	0.643312
4525	0.646128
4526	0.643712
4527	0.644384
4528	0.644048
4529	0.643888
4530	0.646480
4531	0.645168
4532	0.645968
4533	0.641728
4534	0.642640
4535	0.642336
4536	0.641920
4537	0.642400
4538	0.643616
4539	0.643712
4540	0.644368
4541	0.643504
4542	0.643280
4543	0.644544
4544	0.644336
4545	0.643392
4546	0.645392
4547	0.643872
4548	0.644704
4549	0.642560
4550	0.643248
4551	0.642112
4552	0.642512
4553	0.645328
4554	0.644896
4555	0.641600
4556	0.642832
4557	0.642688
4558	0.642208
4559	0.644960
4560	0.645024
4561	0.646128
4562	0.643584
4563	0.643776
4564	0.643920
4565	0.644320
4566	0.643552
4567	0.642288
4568	0.644992
4569	0.646192
4570	0.647040
4571	0.643232
4572	0.643120
4573	0.643536
4574	0.644848
4575	0.644016
4576	0.646592
4577	0.645552
4578	0.644464
4579	0.643664
4580	0.641408
4581	0.643296
4582	0.643232
4583	0.644368
4584	0.645024
4585	0.644544
4586	0.643872
4587	0.641936
4588	0.644176
4589	0.644464
4590	0.643360
4591	0.645280
4592	0.644656
4593	0.645984
4594	0.644880
4595	0.645216
4596	0.646928
4597	0.642544
4598	0.642832
4599	0.643312
4600	0.643552
4601	0.646112
4602	0.644464
4603	0.645920
4604	0.644160
4605	0.644496
4606	0.642928
4607	0.643072
4608	0.644848
4609	0.644528
4610	0.644832
4611	0.642864
4612	0.643920
4613	0.645344
4614	0.644224
4615	0.644576
4616	0.645536
4617	0.645808
4618	0.643744
4619	0.645712
4620	0.644336
4621	0.641936
4622	0.641152
4623	0.642576
4624	0.641888
4625	0.643056
4626	0.642848
4627	0.643680
4628	0.642320
4629	0.642384
4630	0.642656
4631	0.643376
4632	0.643136
4633	0.644592
4634	0.645952
4635	0.645072
4636	0.643040
4637	0.644320
4638	0.645040
4639	0.644688
4640	0.643600
4641	0.643152
4642	0.642448
4643	0.643808
4644	0.643776
4645	0.645264
4646	0.643056
4647	0.643200
4648	0.643264
4649	0.645696
4650	0.643536
4651	0.642272
4652	0.644800
4653	0.644768
4654	0.644496
4655	0.643872
4656	0.645296
4657	0.644496
4658	0.645344
4659	0.643600
4660	0.643040
4661	0.644912
4662	0.645232
4663	0.644576
4664	0.644928
4665	0.641488
4666	0.642608
4667	0.643808
4668	0.640912
4669	0.643216
4670	0.644176
4671	0.643360
4672	0.644928
4673	0.642784
4674	0.644016
4675	0.645120
4676	0.646176
4677	0.644656
4678	0.645104
4679	0.644080
4680	0.644336
4681	0.643392
4682	0.644048
4683	0.642512
4684	0.642912
4685	0.644656
4686	0.644080
4687	0.643808
4688	0.642736
4689	0.644208
4690	0.646208
4691	0.645824
4692	0.643936
4693	0.644192
4694	0.643184
4695	0.641504
4696	0.645040
4697	0.642960
4698	0.643984
4699	0.644224
4700	0.644688
4701	0.646320
4702	0.644048
4703	0.642448
4704	0.642352
4705	0.644144
4706	0.643696
4707	0.643584
4708	0.645024
4709	0.643488
4710	0.644160
4711	0.642576
4712	0.643328
4713	0.642928
4714	0.643280
4715	0.641936
4716	0.642752
4717	0.644320
4718	0.646112
4719	0.644624
4720	0.642336
4721	0.643280
4722	0.642576
4723	0.642416
4724	0.643504
4725	0.643136
4726	0.642176
4727	0.643936
4728	0.642336
4729	0.644160
4730	0.643552
4731	0.642656
4732	0.644944
4733	0.645056
4734	0.643664
4735	0.642032
4736	0.642576
4737	0.644224
4738	0.643616
4739	0.644704
4740	0.641600
4741	0.644016
4742	0.642288
4743	0.644944
4744	0.644976
4745	0.645664
4746	0.644672
4747	0.644864
4748	0.648864
4749	0.646352
4750	0.644688
4751	0.644400
4752	0.642608
4753	0.645776
4754	0.647504
4755	0.644480
4756	0.645184
4757	0.644160
4758	0.644512
4759	0.644112
4760	0.642944
4761	0.644032
4762	0.645088
4763	0.644816
4764	0.643216
4765	0.641952
4766	0.644480
4767	0.643664
4768	0.646352
4769	0.643552
4770	0.643168
4771	0.644608
4772	0.642032
4773	0.643040
4774	0.642288
4775	0.644144
4776	0.643984
4777	0.644144
4778	0.643632
4779	0.644528
4780	0.645424
4781	0.644976
4782	0.643408
4783	0.644992
4784	0.644864
4785	0.642480
4786	0.644656
4787	0.643168
4788	0.642752
4789	0.642672
4790	0.643280
4791	0.644864
4792	0.643168
4793	0.643664
4794	0.643312
4795	0.643664
4796	0.644912
4797	0.643328
4798	0.642512
4799	0.643824
4800	0.643248
4801	0.644400
4802	0.643920
4803	0.644960
4804	0.645104
4805	0.644160
4806	0.643456
4807	0.642608
4808	0.642976
4809	0.644064
4810	0.644320
4811	0.643312
4812	0.643856
4813	0.645264
4814	0.644128
4815	0.643600
4816	0.645488
4817	0.645456
4818	0.644112
4819	0.644528
4820	0.642704
4821	0.642640
4822	0.643184
4823	0.643472
4824	0.642128
4825	0.643376
4826	0.643120
4827	0.645296
4828	0.642944
4829	0.643456
4830	0.644560
4831	0.644640
4832	0.643408
4833	0.643840
4834	0.643600
4835	0.643024
4836	0.643728
4837	0.644688
4838	0.643248
4839	0.645344
4840	0.644880
4841	0.644960
4842	0.647008
4843	0.645280
4844	0.644816
4845	0.645392
4846	0.643728
4847	0.643616
4848	0.644816
4849	0.644064
4850	0.644256
4851	0.646992
4852	0.645232
4853	0.644400
4854	0.644160
4855	0.644128
4856	0.642912
4857	0.644368
4858	0.644672
4859	0.645712
4860	0.643920
4861	0.644960
4862	0.644752
4863	0.641376
4864	0.641696
4865	0.641728
4866	0.642544
4867	0.646176
4868	0.643152
4869	0.643232
4870	0.644224
4871	0.644144
4872	0.643376
4873	0.642736
4874	0.642416
4875	0.641952
4876	0.642240
4877	0.644448
4878	0.646192
4879	0.645120
4880	0.645856
4881	0.645312
4882	0.643712
4883	0.645184
4884	0.644992
4885	0.645632
4886	0.644912
4887	0.644848
4888	0.645328
4889	0.644928
4890	0.643152
4891	0.643536
4892	0.643744
4893	0.643136
4894	0.642064
4895	0.643984
4896	0.643136
4897	0.644976
4898	0.645872
4899	0.645632
4900	0.643984
4901	0.642720
4902	0.644256
4903	0.644288
4904	0.642864
4905	0.646256
4906	0.645984
4907	0.644880
4908	0.646368
4909	0.646624
4910	0.644128
4911	0.644464
4912	0.644464
4913	0.645360
4914	0.645104
4915	0.646064
4916	0.644656
4917	0.645280
4918	0.644288
4919	0.644304
4920	0.645168
4921	0.644240
4922	0.644384
4923	0.643808
4924	0.645200
4925	0.645408
4926	0.646624
4927	0.643616
4928	0.644560
4929	0.645776
4930	0.644048
4931	0.642672
4932	0.643504
4933	0.642912
4934	0.642080
4935	0.644080
4936	0.643760
4937	0.643024
4938	0.642816
4939	0.642160
4940	0.640160
4941	0.643168
4942	0.642944
4943	0.643728
4944	0.644720
4945	0.644048
4946	0.645440
4947	0.643808
4948	0.642432
4949	0.643840
4950	0.643264
4951	0.645008
4952	0.644736
4953	0.641536
4954	0.641552
4955	0.643600
4956	0.642816
4957	0.644000
4958	0.644800
4959	0.645088
4960	0.644624
4961	0.643504
4962	0.642528
4963	0.642256
4964	0.643552
4965	0.642816
4966	0.641472
4967	0.644608
4968	0.641824
4969	0.642080
4970	0.644272
4971	0.643920
4972	0.643136
4973	0.644048
4974	0.645088
4975	0.644944
4976	0.642096
4977	0.644256
4978	0.645808
4979	0.643296
4980	0.643680
4981	0.643520
4982	0.644896
4983	0.644784
4984	0.644896
4985	0.641936
4986	0.644128
4987	0.642528
4988	0.642304
4989	0.641536
4990	0.644896
4991	0.644160
4992	0.644656
4993	0.645024
4994	0.644768
4995	0.642928
4996	0.641584
4997	0.641776
4998	0.642896
4999	0.646256
5000	0.644464
