1	0.000016
2	0.000032
3	0.000048
4	0.000048
5	0.000048
6	0.000048
7	0.000048
8	0.000048
9	0.000064
10	0.000080
11	0.000096
12	0.000112
13	0.000112
14	0.000112
15	0.000112
16	0.000096
17	0.000096
18	0.000112
19	0.000112
20	0.000112
21	0.000128
22	0.000144
23	0.000144
24	0.000144
25	0.000160
26	0.000176
27	0.000176
28	0.000176
29	0.000176
30	0.000176
31	0.000176
32	0.000176
33	0.000160
34	0.000192
35	0.000208
36	0.000224
37	0.000240
38	0.000256
39	0.000256
40	0.000256
41	0.000256
42	0.000272
43	0.000272
44	0.000272
45	0.000272
46	0.000272
47	0.000272
48	0.000288
49	0.000304
50	0.000320
51	0.000336
52	0.000336
53	0.000336
54	0.000336
55	0.000352
56	0.000352
57	0.000352
58	0.000352
59	0.000368
60	0.000368
61	0.000384
62	0.000400
63	0.000400
64	0.000400
65	0.000416
66	0.000416
67	0.000416
68	0.000416
69	0.000432
70	0.000464
71	0.000464
72	0.000464
73	0.000496
74	0.000496
75	0.000480
76	0.000480
77	0.000496
78	0.000496
79	0.000496
80	0.000512
81	0.000528
82	0.000496
83	0.000480
84	0.000512
85	0.000512
86	0.000528
87	0.000560
88	0.000576
89	0.000576
90	0.000560
91	0.000576
92	0.000576
93	0.000576
94	0.000592
95	0.000608
96	0.000624
97	0.000640
98	0.000656
99	0.000672
100	0.000656
101	0.000656
102	0.000640
103	0.000656
104	0.000672
105	0.000688
106	0.000704
107	0.000736
108	0.000736
109	0.000768
110	0.000768
111	0.000768
112	0.000768
113	0.000768
114	0.000784
115	0.000800
116	0.000816
117	0.000832
118	0.000832
119	0.000832
120	0.000816
121	0.000816
122	0.000832
123	0.000832
124	0.000816
125	0.000832
126	0.000832
127	0.000816
128	0.000848
129	0.000864
130	0.000864
131	0.000864
132	0.000880
133	0.000880
134	0.000848
135	0.000832
136	0.000880
137	0.000864
138	0.000848
139	0.000880
140	0.000896
141	0.000944
142	0.000960
143	0.000960
144	0.000960
145	0.000960
146	0.000960
147	0.000976
148	0.000992
149	0.000976
150	0.000992
151	0.000992
152	0.000976
153	0.000976
154	0.000976
155	0.000992
156	0.001008
157	0.001008
158	0.001040
159	0.001024
160	0.001024
161	0.001024
162	0.001024
163	0.001040
164	0.001056
165	0.001088
166	0.001104
167	0.001120
168	0.001104
169	0.001120
170	0.001120
171	0.001120
172	0.001136
173	0.001152
174	0.001168
175	0.001136
176	0.001136
177	0.001168
178	0.001216
179	0.001200
180	0.001232
181	0.001216
182	0.001200
183	0.001184
184	0.001184
185	0.001216
186	0.001232
187	0.001232
188	0.001232
189	0.001232
190	0.001216
191	0.001248
192	0.001248
193	0.001280
194	0.001296
195	0.001312
196	0.001312
197	0.001328
198	0.001344
199	0.001344
200	0.001328
201	0.001344
202	0.001328
203	0.001312
204	0.001344
205	0.001344
206	0.001344
207	0.001344
208	0.001360
209	0.001360
210	0.001360
211	0.001376
212	0.001376
213	0.001408
214	0.001408
215	0.001408
216	0.001424
217	0.001408
218	0.001424
219	0.001408
220	0.001408
221	0.001392
222	0.001392
223	0.001392
224	0.001392
225	0.001408
226	0.001376
227	0.001376
228	0.001408
229	0.001440
230	0.001456
231	0.001472
232	0.001488
233	0.001472
234	0.001424
235	0.001472
236	0.001424
237	0.001472
238	0.001472
239	0.001456
240	0.001472
241	0.001472
242	0.001472
243	0.001488
244	0.001520
245	0.001552
246	0.001568
247	0.001600
248	0.001616
249	0.001632
250	0.001616
251	0.001568
252	0.001616
253	0.001616
254	0.001616
255	0.001632
256	0.001616
257	0.001600
258	0.001584
259	0.001584
260	0.001600
261	0.001568
262	0.001600
263	0.001616
264	0.001600
265	0.001616
266	0.001632
267	0.001632
268	0.001632
269	0.001632
270	0.001648
271	0.001648
272	0.001648
273	0.001664
274	0.001664
275	0.001680
276	0.001664
277	0.001648
278	0.001648
279	0.001680
280	0.001728
281	0.001744
282	0.001744
283	0.001760
284	0.001776
285	0.001760
286	0.001760
287	0.001776
288	0.001776
289	0.001776
290	0.001760
291	0.001760
292	0.001744
293	0.001776
294	0.001792
295	0.001824
296	0.001840
297	0.001808
298	0.001840
299	0.001824
300	0.001824
301	0.001824
302	0.001840
303	0.001840
304	0.001840
305	0.001856
306	0.001888
307	0.001888
308	0.001920
309	0.001920
310	0.001936
311	0.001936
312	0.001920
313	0.001920
314	0.001968
315	0.002016
316	0.002032
317	0.002064
318	0.002032
319	0.002048
320	0.002032
321	0.002064
322	0.002080
323	0.002080
324	0.002064
325	0.002064
326	0.002080
327	0.002096
328	0.002096
329	0.002080
330	0.002096
331	0.002096
332	0.002096
333	0.002080
334	0.002048
335	0.002048
336	0.002032
337	0.002048
338	0.002048
339	0.002080
340	0.002080
341	0.002064
342	0.002064
343	0.002064
344	0.002096
345	0.002096
346	0.002096
347	0.002112
348	0.002112
349	0.002128
350	0.002144
351	0.002128
352	0.002144
353	0.002176
354	0.002176
355	0.002144
356	0.002192
357	0.002192
358	0.002176
359	0.002208
360	0.002176
361	0.002176
362	0.002160
363	0.002160
364	0.002144
365	0.002144
366	0.002192
367	0.002224
368	0.002208
369	0.002192
370	0.002192
371	0.002272
372	0.002256
373	0.002256
374	0.002256
375	0.002240
376	0.002256
377	0.002256
378	0.002240
379	0.002256
380	0.002208
381	0.002272
382	0.002304
383	0.002304
384	0.002288
385	0.002304
386	0.002272
387	0.002256
388	0.002272
389	0.002304
390	0.002304
391	0.002304
392	0.002352
393	0.002384
394	0.002384
395	0.002384
396	0.002416
397	0.002400
398	0.002416
399	0.002432
400	0.002432
401	0.002496
402	0.002448
403	0.002448
404	0.002480
405	0.002512
406	0.002528
407	0.002528
408	0.002544
409	0.002528
410	0.002560
411	0.002560
412	0.002560
413	0.002528
414	0.002544
415	0.002560
416	0.002560
417	0.002560
418	0.002560
419	0.002576
420	0.002592
421	0.002592
422	0.002608
423	0.002608
424	0.002608
425	0.002608
426	0.002560
427	0.002576
428	0.002592
429	0.002608
430	0.002624
431	0.002624
432	0.002624
433	0.002656
434	0.002640
435	0.002656
436	0.002640
437	0.002624
438	0.002624
439	0.002624
440	0.002592
441	0.002624
442	0.002624
443	0.002624
444	0.002672
445	0.002688
446	0.002704
447	0.002688
448	0.002704
449	0.002720
450	0.002720
451	0.002704
452	0.002720
453	0.002736
454	0.002736
455	0.002736
456	0.002752
457	0.002752
458	0.002736
459	0.002720
460	0.002736
461	0.002752
462	0.002736
463	0.002720
464	0.002704
465	0.002752
466	0.002752
467	0.002736
468	0.002768
469	0.002768
470	0.002784
471	0.002768
472	0.002736
473	0.002720
474	0.002752
475	0.002784
476	0.002800
477	0.002816
478	0.002832
479	0.002848
480	0.002864
481	0.002880
482	0.002864
483	0.002832
484	0.002864
485	0.002832
486	0.002864
487	0.002864
488	0.002848
489	0.002848
490	0.002880
491	0.002880
492	0.002832
493	0.002848
494	0.002848
495	0.002848
496	0.002832
497	0.002816
498	0.002816
499	0.002800
500	0.002832
501	0.002896
502	0.002864
503	0.002912
504	0.002880
505	0.002864
506	0.002912
507	0.002928
508	0.002912
509	0.002928
510	0.002928
511	0.002896
512	0.002896
513	0.002864
514	0.002848
515	0.002864
516	0.002832
517	0.002864
518	0.002864
519	0.002848
520	0.002848
521	0.002816
522	0.002832
523	0.002832
524	0.002816
525	0.002768
526	0.002816
527	0.002832
528	0.002832
529	0.002864
530	0.002864
531	0.002864
532	0.002864
533	0.002864
534	0.002928
535	0.002928
536	0.002912
537	0.002880
538	0.002912
539	0.002896
540	0.002896
541	0.002912
542	0.002928
543	0.002928
544	0.002928
545	0.002912
546	0.002912
547	0.002912
548	0.002880
549	0.002864
550	0.002848
551	0.002880
552	0.002912
553	0.002896
554	0.002912
555	0.002928
556	0.002912
557	0.002880
558	0.002912
559	0.002928
560	0.002896
561	0.002912
562	0.002912
563	0.002928
564	0.002896
565	0.002896
566	0.002912
567	0.002912
568	0.002928
569	0.002944
570	0.002928
571	0.002944
572	0.002912
573	0.002912
574	0.002928
575	0.002928
576	0.002912
577	0.002944
578	0.002912
579	0.002912
580	0.002912
581	0.002944
582	0.002880
583	0.002912
584	0.002928
585	0.002928
586	0.002928
587	0.002928
588	0.002880
589	0.002896
590	0.002928
591	0.002912
592	0.002896
593	0.002912
594	0.002896
595	0.002944
596	0.002912
597	0.002912
598	0.002928
599	0.002912
600	0.002880
601	0.002928
602	0.002928
603	0.002944
604	0.002928
605	0.002912
606	0.002912
607	0.002928
608	0.002896
609	0.002928
610	0.002944
611	0.002960
612	0.002928
613	0.002944
614	0.002928
615	0.002928
616	0.002912
617	0.002944
618	0.002944
619	0.002944
620	0.002992
621	0.002944
622	0.002992
623	0.002976
624	0.002976
625	0.002976
626	0.002960
627	0.002992
628	0.002992
629	0.002976
630	0.002960
631	0.002976
632	0.002960
633	0.002960
634	0.002944
635	0.002944
636	0.002960
637	0.002976
638	0.002976
639	0.002960
640	0.002944
641	0.002928
642	0.002928
643	0.002944
644	0.002928
645	0.002928
646	0.002912
647	0.002912
648	0.002912
649	0.002944
650	0.002928
651	0.002928
652	0.002928
653	0.002944
654	0.002928
655	0.002928
656	0.002944
657	0.002928
658	0.002960
659	0.002960
660	0.002960
661	0.002976
662	0.002976
663	0.002960
664	0.002976
665	0.002944
666	0.002928
667	0.002912
668	0.002912
669	0.002928
670	0.002944
671	0.002960
672	0.002960
673	0.002960
674	0.002944
675	0.002944
676	0.002960
677	0.002944
678	0.002912
679	0.002912
680	0.002944
681	0.002944
682	0.002896
683	0.002896
684	0.002880
685	0.002880
686	0.002880
687	0.002880
688	0.002912
689	0.002912
690	0.002912
691	0.002912
692	0.002912
693	0.002928
694	0.002912
695	0.002928
696	0.002912
697	0.002896
698	0.002896
699	0.002912
700	0.002928
701	0.002896
702	0.002912
703	0.002928
704	0.002960
705	0.002944
706	0.002912
707	0.002912
708	0.002864
709	0.002880
710	0.002896
711	0.002880
712	0.002928
713	0.002928
714	0.002928
715	0.002928
716	0.002944
717	0.002928
718	0.002912
719	0.002928
720	0.002928
721	0.002944
722	0.002944
723	0.002912
724	0.002928
725	0.002896
726	0.002912
727	0.002880
728	0.002880
729	0.002880
730	0.002912
731	0.002896
732	0.002912
733	0.002928
734	0.002944
735	0.002928
736	0.002928
737	0.002928
738	0.002928
739	0.002928
740	0.002928
741	0.002928
742	0.002880
743	0.002912
744	0.002912
745	0.002880
746	0.002896
747	0.002880
748	0.002912
749	0.002864
750	0.002912
751	0.002880
752	0.002880
753	0.002896
754	0.002912
755	0.002896
756	0.002912
757	0.002896
758	0.002880
759	0.002864
760	0.002864
761	0.002832
762	0.002880
763	0.002864
764	0.002864
765	0.002880
766	0.002880
767	0.002864
768	0.002848
769	0.002864
770	0.002880
771	0.002880
772	0.002896
773	0.002928
774	0.002912
775	0.002912
776	0.002896
777	0.002880
778	0.002896
779	0.002880
780	0.002880
781	0.002848
782	0.002864
783	0.002864
784	0.002848
785	0.002864
786	0.002832
787	0.002864
788	0.002864
789	0.002864
790	0.002880
791	0.002896
792	0.002880
793	0.002880
794	0.002880
795	0.002848
796	0.002864
797	0.002896
798	0.002896
799	0.002880
800	0.002880
801	0.002880
802	0.002880
803	0.002880
804	0.002880
805	0.002880
806	0.002880
807	0.002880
808	0.002896
809	0.002896
810	0.002880
811	0.002880
812	0.002880
813	0.002896
814	0.002896
815	0.002896
816	0.002880
817	0.002864
818	0.002880
819	0.002880
820	0.002864
821	0.002864
822	0.002864
823	0.002880
824	0.002880
825	0.002848
826	0.002864
827	0.002848
828	0.002848
829	0.002848
830	0.002832
831	0.002864
832	0.002864
833	0.002864
834	0.002864
835	0.002864
836	0.002864
837	0.002848
838	0.002880
839	0.002896
840	0.002912
841	0.002928
842	0.002928
843	0.002928
844	0.002880
845	0.002864
846	0.002896
847	0.002896
848	0.002880
849	0.002896
850	0.002912
851	0.002864
852	0.002864
853	0.002880
854	0.002912
855	0.002928
856	0.002928
857	0.002944
858	0.002960
859	0.002960
860	0.002928
861	0.002944
862	0.002928
863	0.002928
864	0.002912
865	0.002928
866	0.002928
867	0.002928
868	0.002928
869	0.002928
870	0.002912
871	0.002896
872	0.002896
873	0.002912
874	0.002928
875	0.002944
876	0.002944
877	0.002944
878	0.002928
879	0.002928
880	0.002912
881	0.002912
882	0.002912
883	0.002896
884	0.002896
885	0.002896
886	0.002896
887	0.002880
888	0.002880
889	0.002896
890	0.002896
891	0.002912
892	0.002912
893	0.002928
894	0.002928
895	0.002912
896	0.002896
897	0.002912
898	0.002912
899	0.002912
900	0.002896
901	0.002880
902	0.002880
903	0.002864
904	0.002896
905	0.002880
906	0.002896
907	0.002896
908	0.002880
909	0.002896
910	0.002912
911	0.002912
912	0.002896
913	0.002896
914	0.002896
915	0.002896
916	0.002912
917	0.002912
918	0.002912
919	0.002912
920	0.002928
921	0.002928
922	0.002880
923	0.002880
924	0.002864
925	0.002896
926	0.002912
927	0.002912
928	0.002912
929	0.002896
930	0.002896
931	0.002880
932	0.002896
933	0.002896
934	0.002896
935	0.002896
936	0.002896
937	0.002912
938	0.002912
939	0.002848
940	0.002864
941	0.002848
942	0.002864
943	0.002896
944	0.002864
945	0.002864
946	0.002848
947	0.002864
948	0.002880
949	0.002880
950	0.002880
951	0.002880
952	0.002896
953	0.002912
954	0.002896
955	0.002864
956	0.002864
957	0.002880
958	0.002880
959	0.002880
960	0.002912
961	0.002912
962	0.002912
963	0.002880
964	0.002864
965	0.002864
966	0.002848
967	0.002832
968	0.002848
969	0.002864
970	0.002896
971	0.002912
972	0.002896
973	0.002864
974	0.002864
975	0.002864
976	0.002880
977	0.002880
978	0.002896
979	0.002896
980	0.002896
981	0.002896
982	0.002896
983	0.002880
984	0.002864
985	0.002864
986	0.002864
987	0.002896
988	0.002880
989	0.002880
990	0.002880
991	0.002864
992	0.002864
993	0.002880
994	0.002912
995	0.002912
996	0.002896
997	0.002896
998	0.002864
999	0.002848
1000	0.002880
