1	0.001816
2	0.002380
3	0.005980
4	0.007856
5	0.009476
6	0.012456
7	0.014500
8	0.014604
9	0.014908
10	0.015196
11	0.016396
12	0.018012
13	0.019424
14	0.024504
15	0.027068
16	0.026352
17	0.028236
18	0.032000
19	0.029348
20	0.032188
21	0.034516
22	0.038020
23	0.041268
24	0.046724
25	0.048420
26	0.051340
27	0.047452
28	0.052928
29	0.052780
30	0.054908
31	0.057372
32	0.061160
33	0.068308
34	0.075584
35	0.077628
36	0.081076
37	0.083640
38	0.087268
39	0.090812
40	0.095252
41	0.098012
42	0.099200
43	0.099384
44	0.098344
45	0.103280
46	0.111076
47	0.115452
48	0.118376
49	0.119184
50	0.117460
51	0.117936
52	0.123664
53	0.124768
54	0.129996
55	0.135436
56	0.139000
57	0.143408
58	0.148888
59	0.149876
60	0.159272
61	0.167504
62	0.174308
63	0.183048
64	0.187356
65	0.186248
66	0.191772
67	0.196372
68	0.194244
69	0.189500
70	0.189504
71	0.200100
72	0.196424
73	0.202080
74	0.205096
75	0.200444
76	0.207828
77	0.218632
78	0.221136
79	0.225736
80	0.227048
81	0.218980
82	0.227920
83	0.230272
84	0.237624
85	0.242944
86	0.242948
87	0.227460
88	0.237956
89	0.242040
90	0.242096
91	0.241424
92	0.241324
93	0.230204
94	0.226272
95	0.236648
96	0.238804
97	0.239672
98	0.240192
99	0.245356
100	0.249664
101	0.241060
102	0.237916
103	0.242152
104	0.249252
105	0.249792
106	0.250740
107	0.256832
108	0.261632
109	0.261796
110	0.245488
111	0.253312
112	0.248588
113	0.249848
114	0.258844
115	0.262464
116	0.266752
117	0.267652
118	0.270656
119	0.280136
120	0.277244
121	0.275012
122	0.272816
123	0.274508
124	0.276280
125	0.279644
126	0.278724
127	0.287084
128	0.298480
129	0.307728
130	0.309740
131	0.302880
132	0.315344
133	0.311036
134	0.312684
135	0.310292
136	0.312816
137	0.315380
138	0.310256
139	0.314592
140	0.315484
141	0.313392
142	0.304916
143	0.311200
144	0.297688
145	0.294104
146	0.308056
147	0.307416
148	0.308488
149	0.318520
150	0.327040
151	0.337292
152	0.337856
153	0.336540
154	0.345188
155	0.343488
156	0.334952
157	0.334916
158	0.337332
159	0.332132
160	0.322496
161	0.319636
162	0.323980
163	0.321136
164	0.314076
165	0.320144
166	0.320736
167	0.306784
168	0.318420
169	0.315356
170	0.315212
171	0.320728
172	0.321816
173	0.321584
174	0.312824
175	0.319176
176	0.323844
177	0.322772
178	0.321044
179	0.324596
180	0.319152
181	0.322420
182	0.324436
183	0.336432
184	0.341740
185	0.343464
186	0.354496
187	0.353396
188	0.344408
189	0.346168
190	0.338056
191	0.342320
192	0.349600
193	0.351368
194	0.349460
195	0.342732
196	0.347768
197	0.355676
198	0.347016
199	0.353608
200	0.354820
201	0.347256
202	0.346720
203	0.354864
204	0.358628
205	0.369704
206	0.367456
207	0.367160
208	0.360048
209	0.358092
210	0.364784
211	0.369436
212	0.370088
213	0.368328
214	0.376124
215	0.382568
216	0.372728
217	0.372588
218	0.369992
219	0.367124
220	0.365160
221	0.369288
222	0.366176
223	0.367504
224	0.366496
225	0.361160
226	0.365112
227	0.350616
228	0.349136
229	0.362948
230	0.367460
231	0.366024
232	0.368092
233	0.358616
234	0.353864
235	0.349136
236	0.344408
237	0.357792
238	0.358572
239	0.354124
240	0.352248
241	0.353100
242	0.367960
243	0.367360
244	0.379568
245	0.370236
246	0.367304
247	0.378608
248	0.383012
249	0.387752
250	0.398124
251	0.395632
252	0.393356
253	0.399852
254	0.394776
255	0.398572
256	0.393140
257	0.388868
258	0.384816
259	0.387912
260	0.395204
261	0.395788
262	0.395648
263	0.399716
264	0.404700
265	0.397592
266	0.404784
267	0.396964
268	0.392764
269	0.392460
270	0.384732
271	0.383888
272	0.385312
273	0.396012
274	0.415568
275	0.418364
276	0.420020
277	0.413104
278	0.407944
279	0.412124
280	0.414132
281	0.417832
282	0.422188
283	0.427620
284	0.424124
285	0.423064
286	0.425300
287	0.430060
288	0.434452
289	0.452756
290	0.447980
291	0.458692
292	0.456000
293	0.455200
294	0.456076
295	0.453936
296	0.472536
297	0.472448
298	0.465364
299	0.464748
300	0.457304
301	0.457264
302	0.461112
303	0.456072
304	0.455164
305	0.454672
306	0.456612
307	0.459536
308	0.464328
309	0.474148
310	0.465624
311	0.470040
312	0.473816
313	0.473800
314	0.475880
315	0.476836
316	0.478956
317	0.472384
318	0.474360
319	0.477632
320	0.480892
321	0.476376
322	0.475848
323	0.475960
324	0.480348
325	0.476408
326	0.474884
327	0.477048
328	0.479664
329	0.488880
330	0.488524
331	0.494660
332	0.495128
333	0.497472
334	0.499404
335	0.500872
336	0.510904
337	0.514548
338	0.510792
339	0.520552
340	0.529736
341	0.525240
342	0.523388
343	0.519056
344	0.523400
345	0.528520
346	0.519560
347	0.523228
348	0.513420
349	0.501360
350	0.491744
351	0.499432
352	0.503204
353	0.516348
354	0.504160
355	0.501416
356	0.505424
357	0.496136
358	0.491860
359	0.489000
360	0.494772
361	0.494352
362	0.493092
363	0.494260
364	0.503800
365	0.505380
366	0.513068
367	0.512748
368	0.520136
369	0.520964
370	0.523012
371	0.517080
372	0.528440
373	0.538816
374	0.550836
375	0.542668
376	0.543568
377	0.536884
378	0.531208
379	0.542224
380	0.535164
381	0.545760
382	0.538408
383	0.542984
384	0.543540
385	0.547312
386	0.535008
387	0.545388
388	0.564008
389	0.559952
390	0.555424
391	0.555140
392	0.554184
393	0.562948
394	0.568424
395	0.570796
396	0.568228
397	0.567692
398	0.560364
399	0.560988
400	0.557200
401	0.560304
402	0.566148
403	0.561648
404	0.567944
405	0.567988
406	0.565312
407	0.563752
408	0.568056
409	0.570204
410	0.579976
411	0.566184
412	0.572712
413	0.566628
414	0.561804
415	0.569364
416	0.564128
417	0.568536
418	0.563244
419	0.549376
420	0.548816
421	0.553048
422	0.560316
423	0.555800
424	0.559744
425	0.561244
426	0.551172
427	0.548384
428	0.553876
429	0.549216
430	0.555840
431	0.539748
432	0.533120
433	0.531612
434	0.520576
435	0.524432
436	0.522956
437	0.517388
438	0.523964
439	0.524096
440	0.519116
441	0.521236
442	0.527328
443	0.528884
444	0.526672
445	0.540304
446	0.542244
447	0.560736
448	0.558908
449	0.549068
450	0.560240
451	0.567452
452	0.560960
453	0.562000
454	0.565404
455	0.569800
456	0.570324
457	0.574136
458	0.579796
459	0.572992
460	0.578928
461	0.585032
462	0.589500
463	0.585340
464	0.576664
465	0.589620
466	0.587952
467	0.590232
468	0.589504
469	0.600424
470	0.595952
471	0.592540
472	0.603648
473	0.609252
474	0.613912
475	0.621128
476	0.623144
477	0.613764
478	0.618636
479	0.617632
480	0.629844
481	0.617056
482	0.610636
483	0.610924
484	0.614468
485	0.610280
486	0.610824
487	0.609616
488	0.608324
489	0.600936
490	0.613208
491	0.609944
492	0.604008
493	0.597644
494	0.601756
495	0.601656
496	0.615952
497	0.617268
498	0.616920
499	0.616192
500	0.623052
501	0.633436
502	0.632724
503	0.647056
504	0.648428
505	0.647596
506	0.644436
507	0.648012
508	0.647920
509	0.650132
510	0.647488
511	0.643908
512	0.641764
513	0.655360
514	0.655560
515	0.656220
516	0.648776
517	0.653524
518	0.636676
519	0.638688
520	0.644172
521	0.652876
522	0.656264
523	0.652140
524	0.652716
525	0.642696
526	0.630248
527	0.636684
528	0.643708
529	0.643096
530	0.659904
531	0.650984
532	0.642452
533	0.638776
534	0.642656
535	0.647900
536	0.644772
537	0.646836
538	0.665596
539	0.673780
540	0.676676
541	0.665592
542	0.665048
543	0.669964
544	0.668976
545	0.665376
546	0.661112
547	0.659724
548	0.656176
549	0.654664
550	0.645644
551	0.641672
552	0.639612
553	0.642320
554	0.649220
555	0.657984
556	0.649788
557	0.652852
558	0.658680
559	0.651948
560	0.656400
561	0.654116
562	0.659720
563	0.656340
564	0.660476
565	0.662268
566	0.664428
567	0.666296
568	0.656648
569	0.663784
570	0.671112
571	0.680828
572	0.687056
573	0.678356
574	0.681328
575	0.676980
576	0.672848
577	0.670312
578	0.660184
579	0.664084
580	0.667844
581	0.672520
582	0.686048
583	0.678424
584	0.668456
585	0.662740
586	0.678332
587	0.682736
588	0.664032
589	0.665120
590	0.658616
591	0.657416
592	0.655296
593	0.654724
594	0.645940
595	0.646060
596	0.648812
597	0.640272
598	0.655368
599	0.646544
600	0.643148
601	0.645620
602	0.641436
603	0.650504
604	0.653472
605	0.660116
606	0.654424
607	0.656860
608	0.675492
609	0.681968
610	0.678544
611	0.674368
612	0.672776
613	0.676064
614	0.674368
615	0.670708
616	0.664944
617	0.667444
618	0.668792
619	0.683028
620	0.669532
621	0.670644
622	0.667284
623	0.664980
624	0.655420
625	0.672400
626	0.674832
627	0.680924
628	0.688276
629	0.695316
630	0.690392
631	0.699940
632	0.697232
633	0.706556
634	0.709248
635	0.716536
636	0.708688
637	0.714824
638	0.710440
639	0.717052
640	0.718140
641	0.710324
642	0.707944
643	0.713120
644	0.715416
645	0.716768
646	0.705872
647	0.719452
648	0.723440
649	0.728400
650	0.722536
651	0.710892
652	0.719636
653	0.718540
654	0.723556
655	0.726476
656	0.721884
657	0.732300
658	0.726752
659	0.722636
660	0.724040
661	0.727508
662	0.724788
663	0.723372
664	0.725444
665	0.727608
666	0.712988
667	0.710768
668	0.723144
669	0.724248
670	0.726664
671	0.723432
672	0.734332
673	0.732304
674	0.721840
675	0.714584
676	0.708872
677	0.699108
678	0.701208
679	0.706140
680	0.718356
681	0.716196
682	0.721112
683	0.732384
684	0.730052
685	0.732540
686	0.733436
687	0.739604
688	0.739448
689	0.725316
690	0.728148
691	0.725572
692	0.726008
693	0.733292
694	0.736668
695	0.740532
696	0.734920
697	0.734328
698	0.742220
699	0.731740
700	0.735368
701	0.728608
702	0.737968
703	0.739516
704	0.741464
705	0.741352
706	0.739404
707	0.738720
708	0.738756
709	0.729052
710	0.741456
711	0.745540
712	0.739636
713	0.747832
714	0.731836
715	0.727812
716	0.734008
717	0.737648
718	0.734856
719	0.729692
720	0.722092
721	0.733704
722	0.728616
723	0.733944
724	0.737144
725	0.745532
726	0.752632
727	0.741188
728	0.738696
729	0.742400
730	0.738556
731	0.736012
732	0.727520
733	0.731600
734	0.732704
735	0.741384
736	0.732152
737	0.735780
738	0.744484
739	0.743732
740	0.737172
741	0.739788
742	0.732064
743	0.743300
744	0.743088
745	0.746664
746	0.747868
747	0.745500
748	0.740224
749	0.743348
750	0.735860
751	0.742188
752	0.743928
753	0.744652
754	0.739216
755	0.746240
756	0.744780
757	0.740036
758	0.728580
759	0.729644
760	0.739348
761	0.732732
762	0.740916
763	0.742284
764	0.742532
765	0.738324
766	0.727952
767	0.735744
768	0.736664
769	0.732648
770	0.736392
771	0.741920
772	0.734020
773	0.722376
774	0.732308
775	0.727144
776	0.737856
777	0.734908
778	0.743700
779	0.749788
780	0.745480
781	0.746296
782	0.743124
783	0.732140
784	0.731160
785	0.737380
786	0.746080
787	0.730456
788	0.743232
789	0.739988
790	0.740964
791	0.742924
792	0.741752
793	0.741432
794	0.738688
795	0.742668
796	0.748804
797	0.737988
798	0.735068
799	0.734220
800	0.731972
801	0.740460
802	0.740900
803	0.739748
804	0.730760
805	0.740588
806	0.735632
807	0.741184
808	0.743892
809	0.742636
810	0.742416
811	0.740516
812	0.741596
813	0.739216
814	0.741660
815	0.736096
816	0.746056
817	0.755512
818	0.749924
819	0.751648
820	0.745996
821	0.741720
822	0.730244
823	0.721540
824	0.731732
825	0.739264
826	0.742980
827	0.730552
828	0.724740
829	0.733096
830	0.733564
831	0.730500
832	0.729572
833	0.733316
834	0.733604
835	0.732596
836	0.731752
837	0.723292
838	0.725840
839	0.721248
840	0.721024
841	0.723480
842	0.734608
843	0.732924
844	0.734356
845	0.729120
846	0.741864
847	0.739284
848	0.735248
849	0.736612
850	0.747868
851	0.746308
852	0.741804
853	0.742152
854	0.743448
855	0.748048
856	0.748344
857	0.745952
858	0.741420
859	0.747284
860	0.752412
861	0.747524
862	0.745716
863	0.752040
864	0.758716
865	0.749340
866	0.748172
867	0.743704
868	0.747284
869	0.748788
870	0.744552
871	0.744840
872	0.745024
873	0.744020
874	0.744904
875	0.747900
876	0.753676
877	0.756156
878	0.755960
879	0.748928
880	0.754556
881	0.760020
882	0.758308
883	0.750092
884	0.741900
885	0.739852
886	0.739100
887	0.743388
888	0.752852
889	0.745052
890	0.741088
891	0.747768
892	0.751252
893	0.751548
894	0.749912
895	0.753272
896	0.754000
897	0.752568
898	0.752252
899	0.753084
900	0.749796
901	0.746976
902	0.743160
903	0.749716
904	0.756012
905	0.749656
906	0.746776
907	0.748460
908	0.752472
909	0.758164
910	0.746072
911	0.738812
912	0.747404
913	0.750504
914	0.741336
915	0.742024
916	0.752164
917	0.756840
918	0.755856
919	0.749580
920	0.749352
921	0.749868
922	0.744796
923	0.748764
924	0.752052
925	0.752872
926	0.750684
927	0.755484
928	0.759024
929	0.757192
930	0.761232
931	0.761752
932	0.752796
933	0.747952
934	0.754032
935	0.760272
936	0.761476
937	0.754856
938	0.755536
939	0.750664
940	0.745508
941	0.754192
942	0.753052
943	0.751176
944	0.745064
945	0.749192
946	0.751632
947	0.751632
948	0.748940
949	0.757404
950	0.755928
951	0.755080
952	0.749728
953	0.758712
954	0.763924
955	0.762256
956	0.761348
957	0.755344
958	0.748608
959	0.752996
960	0.753912
961	0.749140
962	0.748788
963	0.749712
964	0.755336
965	0.756296
966	0.760244
967	0.752632
968	0.755676
969	0.762180
970	0.760264
971	0.752668
972	0.760352
973	0.754272
974	0.756104
975	0.755840
976	0.756492
977	0.759080
978	0.753528
979	0.750376
980	0.754160
981	0.753856
982	0.753820
983	0.750900
984	0.748872
985	0.752508
986	0.755484
987	0.758012
988	0.751204
989	0.758152
990	0.755312
991	0.758640
992	0.757244
993	0.762460
994	0.748152
995	0.756348
996	0.752220
997	0.743212
998	0.745948
999	0.751952
1000	0.758704
1001	0.757804
1002	0.766000
1003	0.756720
1004	0.752516
1005	0.751264
1006	0.757272
1007	0.756880
1008	0.756696
1009	0.758312
1010	0.753252
1011	0.751360
1012	0.766872
1013	0.756860
1014	0.756360
1015	0.748712
1016	0.745648
1017	0.758816
1018	0.759424
1019	0.755708
1020	0.749484
1021	0.760316
1022	0.756376
1023	0.757504
1024	0.758772
1025	0.759364
1026	0.750264
1027	0.756724
1028	0.757432
1029	0.754568
1030	0.751556
1031	0.756120
1032	0.763364
1033	0.764332
1034	0.764628
1035	0.755012
1036	0.762376
1037	0.767448
1038	0.761652
1039	0.753748
1040	0.753524
1041	0.756564
1042	0.754156
1043	0.759764
1044	0.759928
1045	0.757048
1046	0.756904
1047	0.759672
1048	0.761072
1049	0.756540
1050	0.760460
1051	0.761304
1052	0.751820
1053	0.752044
1054	0.753840
1055	0.754448
1056	0.763876
1057	0.759688
1058	0.759248
1059	0.753324
1060	0.759216
1061	0.761996
1062	0.753576
1063	0.757532
1064	0.755560
1065	0.759588
1066	0.758336
1067	0.757400
1068	0.754148
1069	0.756436
1070	0.751164
1071	0.754148
1072	0.750088
1073	0.761044
1074	0.761016
1075	0.761184
1076	0.761688
1077	0.756840
1078	0.756184
1079	0.746500
1080	0.756244
1081	0.755604
1082	0.756692
1083	0.753788
1084	0.755136
1085	0.746416
1086	0.749804
1087	0.751088
1088	0.756348
1089	0.755908
1090	0.760944
1091	0.759524
1092	0.754536
1093	0.747548
1094	0.745196
1095	0.749908
1096	0.755264
1097	0.747592
1098	0.761284
1099	0.765540
1100	0.761356
1101	0.750636
1102	0.754504
1103	0.755968
1104	0.752912
1105	0.758252
1106	0.763528
1107	0.765432
1108	0.758280
1109	0.749700
1110	0.753168
1111	0.755288
1112	0.753540
1113	0.762540
1114	0.758508
1115	0.756688
1116	0.753648
1117	0.753956
1118	0.754492
1119	0.762216
1120	0.751644
1121	0.761016
1122	0.763024
1123	0.760168
1124	0.763028
1125	0.746936
1126	0.754856
1127	0.759780
1128	0.762444
1129	0.759268
1130	0.751952
1131	0.755052
1132	0.757412
1133	0.757244
1134	0.755232
1135	0.750564
1136	0.754236
1137	0.751120
1138	0.754020
1139	0.755356
1140	0.758264
1141	0.760804
1142	0.759196
1143	0.760640
1144	0.761156
1145	0.752444
1146	0.758832
1147	0.754404
1148	0.754496
1149	0.750452
1150	0.752260
1151	0.755344
1152	0.762976
1153	0.757852
1154	0.758764
1155	0.755136
1156	0.758432
1157	0.766960
1158	0.760676
1159	0.759956
1160	0.760028
1161	0.755164
1162	0.763756
1163	0.761404
1164	0.758204
1165	0.755296
1166	0.762476
1167	0.753400
1168	0.760072
1169	0.766256
1170	0.750444
1171	0.751004
1172	0.743460
1173	0.753488
1174	0.759828
1175	0.756156
1176	0.754964
1177	0.756928
1178	0.755436
1179	0.755836
1180	0.758100
1181	0.758308
1182	0.747228
1183	0.753532
1184	0.758736
1185	0.753976
1186	0.754380
1187	0.761384
1188	0.760184
1189	0.752396
1190	0.748412
1191	0.754840
1192	0.758912
1193	0.755440
1194	0.763692
1195	0.757888
1196	0.762364
1197	0.765888
1198	0.758704
1199	0.756360
1200	0.758204
1201	0.761004
1202	0.756920
1203	0.754884
1204	0.764808
1205	0.760392
1206	0.757660
1207	0.752360
1208	0.760464
1209	0.753408
1210	0.744600
1211	0.756688
1212	0.760192
1213	0.755212
1214	0.752176
1215	0.746968
1216	0.754252
1217	0.751188
1218	0.758484
1219	0.756672
1220	0.756128
1221	0.755428
1222	0.761872
1223	0.763448
1224	0.758708
1225	0.757572
1226	0.758208
1227	0.759960
1228	0.754248
1229	0.750524
1230	0.756088
1231	0.758584
1232	0.747476
1233	0.751316
1234	0.762396
1235	0.760760
1236	0.762412
1237	0.754140
1238	0.753488
1239	0.756136
1240	0.762068
1241	0.755792
1242	0.751032
1243	0.764960
1244	0.752156
1245	0.752716
1246	0.756104
1247	0.764332
1248	0.751240
1249	0.754816
1250	0.757056
1251	0.761860
1252	0.759480
1253	0.752428
1254	0.753692
1255	0.749140
1256	0.746412
1257	0.749656
1258	0.747372
1259	0.750820
1260	0.755732
1261	0.755888
1262	0.760924
1263	0.753956
1264	0.756648
1265	0.765288
1266	0.763032
1267	0.764800
1268	0.757192
1269	0.752932
1270	0.752512
1271	0.757100
1272	0.750508
1273	0.755700
1274	0.752152
1275	0.763904
1276	0.762084
1277	0.764668
1278	0.764200
1279	0.759560
1280	0.755056
1281	0.758848
1282	0.749468
1283	0.755584
1284	0.755252
1285	0.762296
1286	0.751864
1287	0.756676
1288	0.757936
1289	0.763724
1290	0.753724
1291	0.751480
1292	0.746448
1293	0.755516
1294	0.757280
1295	0.762764
1296	0.748688
1297	0.760064
1298	0.760040
1299	0.759944
1300	0.758504
1301	0.760312
1302	0.761000
1303	0.760992
1304	0.754916
1305	0.759272
1306	0.757364
1307	0.763144
1308	0.757240
1309	0.757652
1310	0.759044
1311	0.751860
1312	0.753004
1313	0.756552
1314	0.756112
1315	0.755624
1316	0.748548
1317	0.757192
1318	0.759708
1319	0.751152
1320	0.752112
1321	0.750804
1322	0.759172
1323	0.758692
1324	0.751140
1325	0.749688
1326	0.751380
1327	0.764980
1328	0.758676
1329	0.751604
1330	0.756152
1331	0.757852
1332	0.757524
1333	0.752324
1334	0.753552
1335	0.754624
1336	0.756276
1337	0.753436
1338	0.759008
1339	0.748636
1340	0.756124
1341	0.760240
1342	0.757056
1343	0.761768
1344	0.759076
1345	0.759956
1346	0.756292
1347	0.759936
1348	0.761388
1349	0.755120
1350	0.753588
1351	0.753572
1352	0.768576
1353	0.763420
1354	0.757824
1355	0.754964
1356	0.754632
1357	0.756920
1358	0.752888
1359	0.746352
1360	0.747992
1361	0.756244
1362	0.755916
1363	0.756620
1364	0.752396
1365	0.754800
1366	0.747424
1367	0.755628
1368	0.757748
1369	0.757232
1370	0.755560
1371	0.759032
1372	0.759868
1373	0.754460
1374	0.754188
1375	0.752320
1376	0.756388
1377	0.756236
1378	0.749720
1379	0.752764
1380	0.759692
1381	0.759292
1382	0.754140
1383	0.759784
1384	0.763012
1385	0.755124
1386	0.756040
1387	0.757800
1388	0.758220
1389	0.756084
1390	0.757576
1391	0.758740
1392	0.754684
1393	0.749208
1394	0.747372
1395	0.753748
1396	0.759096
1397	0.749912
1398	0.759736
1399	0.754156
1400	0.752740
1401	0.750240
1402	0.754784
1403	0.755836
1404	0.753304
1405	0.758628
1406	0.755236
1407	0.758860
1408	0.756216
1409	0.755552
1410	0.753604
1411	0.750876
1412	0.755484
1413	0.759264
1414	0.753864
1415	0.758196
1416	0.758752
1417	0.754064
1418	0.759060
1419	0.765148
1420	0.759012
1421	0.755480
1422	0.763304
1423	0.761576
1424	0.758632
1425	0.754148
1426	0.751484
1427	0.749316
1428	0.751320
1429	0.750284
1430	0.754012
1431	0.749780
1432	0.754776
1433	0.752260
1434	0.755028
1435	0.756740
1436	0.750780
1437	0.748608
1438	0.748752
1439	0.750196
1440	0.757012
1441	0.757832
1442	0.755668
1443	0.755384
1444	0.753672
1445	0.756800
1446	0.755836
1447	0.756804
1448	0.760644
1449	0.750672
1450	0.756552
1451	0.757644
1452	0.748288
1453	0.755216
1454	0.753624
1455	0.758936
1456	0.759288
1457	0.756728
1458	0.758420
1459	0.754728
1460	0.752920
1461	0.756352
1462	0.760748
1463	0.752056
1464	0.752764
1465	0.761028
1466	0.762400
1467	0.754028
1468	0.758008
1469	0.757044
1470	0.753704
1471	0.752208
1472	0.752592
1473	0.757448
1474	0.759404
1475	0.755892
1476	0.747304
1477	0.749036
1478	0.763048
1479	0.762172
1480	0.761408
1481	0.758988
1482	0.760768
1483	0.759612
1484	0.759308
1485	0.758568
1486	0.749676
1487	0.756012
1488	0.757364
1489	0.750908
1490	0.753872
1491	0.761288
1492	0.759552
1493	0.752080
1494	0.749972
1495	0.752680
1496	0.760528
1497	0.760500
1498	0.752476
1499	0.754396
1500	0.753016
1501	0.756140
1502	0.742784
1503	0.754828
1504	0.759404
1505	0.758624
1506	0.753056
1507	0.752032
1508	0.756792
1509	0.761112
1510	0.758416
1511	0.754596
1512	0.756848
1513	0.746932
1514	0.755512
1515	0.753696
1516	0.756364
1517	0.755792
1518	0.757080
1519	0.760364
1520	0.759988
1521	0.757648
1522	0.751380
1523	0.757976
1524	0.762644
1525	0.757220
1526	0.753644
1527	0.757584
1528	0.756244
1529	0.764064
1530	0.755656
1531	0.759944
1532	0.760320
1533	0.752396
1534	0.762216
1535	0.755396
1536	0.760564
1537	0.760904
1538	0.763692
1539	0.754804
1540	0.763208
1541	0.751948
1542	0.752592
1543	0.754344
1544	0.749364
1545	0.759172
1546	0.753580
1547	0.748140
1548	0.751164
1549	0.753304
1550	0.760356
1551	0.764848
1552	0.759700
1553	0.759660
1554	0.756052
1555	0.752668
1556	0.760948
1557	0.761100
1558	0.755092
1559	0.752604
1560	0.757248
1561	0.756020
1562	0.760840
1563	0.755388
1564	0.756184
1565	0.746032
1566	0.747988
1567	0.748820
1568	0.756740
1569	0.754168
1570	0.751036
1571	0.754648
1572	0.754756
1573	0.756784
1574	0.751332
1575	0.757712
1576	0.753800
1577	0.755044
1578	0.750020
1579	0.759368
1580	0.755572
1581	0.759464
1582	0.755380
1583	0.758792
1584	0.755588
1585	0.755472
1586	0.759412
1587	0.757404
1588	0.755904
1589	0.758548
1590	0.755352
1591	0.763336
1592	0.758452
1593	0.754716
1594	0.751840
1595	0.756872
1596	0.755916
1597	0.755256
1598	0.762308
1599	0.753572
1600	0.755720
1601	0.764148
1602	0.755192
1603	0.748068
1604	0.759196
1605	0.752880
1606	0.756404
1607	0.754444
1608	0.751920
1609	0.756568
1610	0.755976
1611	0.754156
1612	0.755020
1613	0.760540
1614	0.760076
1615	0.755292
1616	0.755520
1617	0.757372
1618	0.759848
1619	0.757300
1620	0.762252
1621	0.759200
1622	0.748424
1623	0.751548
1624	0.755572
1625	0.762276
1626	0.762148
1627	0.766320
1628	0.765636
1629	0.760012
1630	0.764700
1631	0.764136
1632	0.757096
1633	0.757524
1634	0.757580
1635	0.759356
1636	0.758776
1637	0.757280
1638	0.758092
1639	0.761632
1640	0.759988
1641	0.760364
1642	0.762740
1643	0.761984
1644	0.758892
1645	0.760292
1646	0.762960
1647	0.755564
1648	0.756624
1649	0.763284
1650	0.764220
1651	0.763512
1652	0.761264
1653	0.762736
1654	0.767212
1655	0.757876
1656	0.763152
1657	0.763460
1658	0.751040
1659	0.753128
1660	0.756032
1661	0.751780
1662	0.753564
1663	0.755440
1664	0.758248
1665	0.758424
1666	0.761424
1667	0.745944
1668	0.758088
1669	0.754108
1670	0.756596
1671	0.750884
1672	0.755688
1673	0.758840
1674	0.755248
1675	0.755400
1676	0.759544
1677	0.750352
1678	0.759188
1679	0.746104
1680	0.752280
1681	0.756356
1682	0.756708
1683	0.752224
1684	0.762304
1685	0.757516
1686	0.757640
1687	0.750460
1688	0.756012
1689	0.761108
1690	0.752536
1691	0.760040
1692	0.754760
1693	0.757488
1694	0.756344
1695	0.763428
1696	0.763336
1697	0.758544
1698	0.749412
1699	0.748452
1700	0.744940
1701	0.763424
1702	0.762700
1703	0.762164
1704	0.759700
1705	0.768028
1706	0.760880
1707	0.750336
1708	0.755584
1709	0.752916
1710	0.760764
1711	0.757924
1712	0.765060
1713	0.760232
1714	0.759092
1715	0.755080
1716	0.752164
1717	0.759996
1718	0.761384
1719	0.757212
1720	0.762688
1721	0.756828
1722	0.757360
1723	0.770844
1724	0.761588
1725	0.756072
1726	0.756540
1727	0.758640
1728	0.758028
1729	0.761800
1730	0.756356
1731	0.756388
1732	0.759188
1733	0.762700
1734	0.767920
1735	0.758428
1736	0.758012
1737	0.756288
1738	0.755572
1739	0.761996
1740	0.756436
1741	0.749176
1742	0.757368
1743	0.757668
1744	0.756360
1745	0.759936
1746	0.761600
1747	0.760696
1748	0.765096
1749	0.764828
1750	0.762504
1751	0.755920
1752	0.755160
1753	0.762020
1754	0.766424
1755	0.758772
1756	0.756916
1757	0.755064
1758	0.753172
1759	0.754168
1760	0.767024
1761	0.758652
1762	0.765068
1763	0.756480
1764	0.752736
1765	0.753752
1766	0.755216
1767	0.759992
1768	0.764608
1769	0.762468
1770	0.757884
1771	0.751932
1772	0.756432
1773	0.757280
1774	0.757984
1775	0.758780
1776	0.762052
1777	0.760228
1778	0.756516
1779	0.752516
1780	0.760080
1781	0.759288
1782	0.756732
1783	0.752880
1784	0.750980
1785	0.753536
1786	0.752756
1787	0.761308
1788	0.760948
1789	0.758420
1790	0.762332
1791	0.765352
1792	0.755312
1793	0.760900
1794	0.762572
1795	0.760000
1796	0.751504
1797	0.753972
1798	0.761856
1799	0.755932
1800	0.756916
1801	0.756676
1802	0.761328
1803	0.755020
1804	0.749580
1805	0.762020
1806	0.759188
1807	0.756984
1808	0.753624
1809	0.755824
1810	0.759476
1811	0.759412
1812	0.758900
1813	0.758996
1814	0.755280
1815	0.756420
1816	0.751740
1817	0.755724
1818	0.757308
1819	0.757164
1820	0.752364
1821	0.756684
1822	0.755432
1823	0.763156
1824	0.757856
1825	0.757460
1826	0.759060
1827	0.757500
1828	0.754164
1829	0.751636
1830	0.756980
1831	0.751908
1832	0.752920
1833	0.758644
1834	0.751608
1835	0.758300
1836	0.750988
1837	0.753728
1838	0.757716
1839	0.755568
1840	0.760188
1841	0.754764
1842	0.750388
1843	0.756328
1844	0.755020
1845	0.758640
1846	0.755788
1847	0.745112
1848	0.749216
1849	0.755844
1850	0.743456
1851	0.750604
1852	0.757996
1853	0.759076
1854	0.757248
1855	0.763892
1856	0.757348
1857	0.758656
1858	0.757820
1859	0.756084
1860	0.757776
1861	0.755268
1862	0.765384
1863	0.762684
1864	0.755992
1865	0.756604
1866	0.755244
1867	0.753240
1868	0.747200
1869	0.758360
1870	0.750876
1871	0.753196
1872	0.751808
1873	0.754936
1874	0.754724
1875	0.760188
1876	0.758104
1877	0.758060
1878	0.755740
1879	0.752412
1880	0.755220
1881	0.754348
1882	0.752768
1883	0.751068
1884	0.757964
1885	0.759324
1886	0.751264
1887	0.754036
1888	0.761448
1889	0.760732
1890	0.750684
1891	0.756020
1892	0.757436
1893	0.749500
1894	0.752172
1895	0.754472
1896	0.751840
1897	0.750704
1898	0.751100
1899	0.745456
1900	0.742652
1901	0.739996
1902	0.741976
1903	0.756768
1904	0.753372
1905	0.759088
1906	0.759100
1907	0.762708
1908	0.760916
1909	0.758724
1910	0.753460
1911	0.750000
1912	0.755140
1913	0.748740
1914	0.758880
1915	0.758712
1916	0.758576
1917	0.750392
1918	0.756584
1919	0.758656
1920	0.753788
1921	0.747144
1922	0.753696
1923	0.760344
1924	0.761920
1925	0.759356
1926	0.761140
1927	0.760672
1928	0.760128
1929	0.756088
1930	0.755356
1931	0.750332
1932	0.754512
1933	0.760700
1934	0.756292
1935	0.749856
1936	0.759184
1937	0.751936
1938	0.754684
1939	0.760652
1940	0.762228
1941	0.758292
1942	0.755256
1943	0.749968
1944	0.750048
1945	0.756848
1946	0.753656
1947	0.756288
1948	0.751064
1949	0.755388
1950	0.755260
1951	0.756368
1952	0.750896
1953	0.755472
1954	0.753368
1955	0.754232
1956	0.758064
1957	0.753492
1958	0.750680
1959	0.747560
1960	0.753236
1961	0.761368
1962	0.766604
1963	0.758856
1964	0.753376
1965	0.751936
1966	0.754776
1967	0.754524
1968	0.751208
1969	0.758892
1970	0.763076
1971	0.753736
1972	0.757864
1973	0.753640
1974	0.757724
1975	0.756416
1976	0.751188
1977	0.758888
1978	0.759416
1979	0.758096
1980	0.760160
1981	0.763816
1982	0.758632
1983	0.752980
1984	0.756984
1985	0.752648
1986	0.753708
1987	0.749876
1988	0.751128
1989	0.752708
1990	0.755048
1991	0.756236
1992	0.758160
1993	0.755836
1994	0.760908
1995	0.756744
1996	0.752080
1997	0.759456
1998	0.757284
1999	0.757372
2000	0.756916
