1	0.046650
2	0.071975
3	0.083100
4	0.135850
5	0.149575
6	0.165700
7	0.169525
8	0.219825
9	0.264900
10	0.250775
11	0.297600
12	0.376050
13	0.380175
14	0.323275
15	0.387100
16	0.374925
17	0.406025
18	0.474650
19	0.518125
20	0.514000
21	0.549125
22	0.544100
23	0.591425
24	0.591425
25	0.593900
26	0.518550
27	0.563225
28	0.663600
29	0.587025
30	0.550525
31	0.589975
32	0.564100
33	0.662450
34	0.688225
35	0.639250
36	0.650425
37	0.662425
38	0.664025
39	0.660125
40	0.682350
41	0.667875
42	0.670650
43	0.657175
44	0.658125
45	0.713725
46	0.711000
47	0.701775
48	0.654175
49	0.683725
50	0.652200
51	0.671450
52	0.685650
53	0.668300
54	0.693900
55	0.702725
56	0.653025
57	0.697200
58	0.692075
59	0.688250
60	0.685575
61	0.674375
62	0.676550
63	0.677925
64	0.673950
65	0.716750
66	0.684375
67	0.671500
68	0.702150
69	0.646400
70	0.705725
71	0.687200
72	0.684850
73	0.718025
74	0.701350
75	0.701100
76	0.678075
77	0.680750
78	0.700450
79	0.686900
80	0.658775
81	0.682250
82	0.682200
83	0.688000
84	0.685425
85	0.635125
86	0.663450
87	0.683300
88	0.654075
89	0.643700
90	0.687775
91	0.671200
92	0.705550
93	0.629525
94	0.723800
95	0.684975
96	0.686600
97	0.703425
98	0.653425
99	0.696900
100	0.636025
101	0.684075
102	0.694425
103	0.662375
104	0.693775
105	0.659600
106	0.686400
107	0.710700
108	0.699525
109	0.673100
110	0.715550
111	0.667350
112	0.657175
113	0.718825
114	0.728050
115	0.670300
116	0.698275
117	0.698350
118	0.669325
119	0.709000
120	0.681450
121	0.707475
122	0.725150
123	0.671800
124	0.711550
125	0.709500
126	0.689950
127	0.660425
128	0.679625
129	0.683450
130	0.700800
131	0.691475
132	0.668875
133	0.687050
134	0.718625
135	0.693125
136	0.694850
137	0.734900
138	0.696550
139	0.685600
140	0.701075
141	0.723575
142	0.718450
143	0.721900
144	0.713175
145	0.689575
146	0.677350
147	0.704525
148	0.692175
149	0.663275
150	0.679200
151	0.677050
152	0.717875
153	0.663350
154	0.716900
155	0.720500
156	0.676450
157	0.702950
158	0.717125
159	0.652625
160	0.705225
161	0.718475
162	0.721050
163	0.683550
164	0.669900
165	0.675375
166	0.667900
167	0.702025
168	0.652500
169	0.678725
170	0.707350
171	0.655350
172	0.686175
173	0.725225
174	0.691300
175	0.656800
176	0.653700
177	0.693700
178	0.723800
179	0.684900
180	0.669800
181	0.708350
182	0.657875
183	0.696600
184	0.703650
185	0.702275
186	0.675375
187	0.708575
188	0.676600
189	0.657075
190	0.706150
191	0.704875
192	0.714100
193	0.700875
194	0.663525
195	0.666600
196	0.698175
197	0.695625
198	0.707950
199	0.674350
200	0.690650
201	0.697600
202	0.660925
203	0.693700
204	0.678150
205	0.665450
206	0.666275
207	0.675775
208	0.657300
209	0.691025
210	0.664750
211	0.727750
212	0.663650
213	0.658075
214	0.673325
215	0.686075
216	0.687425
217	0.699350
218	0.681700
219	0.705175
220	0.673050
221	0.702925
222	0.681800
223	0.643700
224	0.691450
225	0.696800
226	0.726100
227	0.715925
228	0.676550
229	0.703525
230	0.650825
231	0.690075
232	0.693750
233	0.712225
234	0.698150
235	0.678500
236	0.678850
237	0.665175
238	0.646325
239	0.664200
240	0.698300
241	0.629950
242	0.724325
243	0.682075
244	0.713825
245	0.705275
246	0.659750
247	0.700800
248	0.675575
249	0.683525
250	0.715250
251	0.679575
252	0.674275
253	0.705400
254	0.724700
255	0.673675
256	0.691675
257	0.668525
258	0.720125
259	0.648025
260	0.680025
261	0.701675
262	0.680925
263	0.675000
264	0.704025
265	0.708750
266	0.703625
267	0.668425
268	0.705500
269	0.700475
270	0.703800
271	0.720425
272	0.694525
273	0.709775
274	0.661250
275	0.718950
276	0.708100
277	0.662025
278	0.665450
279	0.692275
280	0.692900
281	0.694025
282	0.715675
283	0.719025
284	0.668675
285	0.713250
286	0.666375
287	0.684175
288	0.700450
289	0.673625
290	0.684250
291	0.686050
292	0.671825
293	0.706000
294	0.714625
295	0.672050
296	0.707975
297	0.711900
298	0.711825
299	0.698850
300	0.677475
301	0.706400
302	0.670275
303	0.684400
304	0.690425
305	0.686950
306	0.684875
307	0.675175
308	0.715800
309	0.685825
310	0.705325
311	0.717675
312	0.667175
313	0.676425
314	0.679950
315	0.701950
316	0.712725
317	0.683000
318	0.677475
319	0.706725
320	0.700400
321	0.746375
322	0.717100
323	0.682425
324	0.731250
325	0.648000
326	0.702200
327	0.642650
328	0.715650
329	0.700525
330	0.709050
331	0.689000
332	0.704775
333	0.662900
334	0.665950
335	0.679000
336	0.679425
337	0.716350
338	0.712700
339	0.696100
340	0.721550
341	0.690725
342	0.701625
343	0.695050
344	0.699725
345	0.707775
346	0.685950
347	0.688525
348	0.700325
349	0.680650
350	0.711025
351	0.687350
352	0.715300
353	0.687850
354	0.699250
355	0.720875
356	0.716400
357	0.695350
358	0.676175
359	0.668450
360	0.699425
361	0.689975
362	0.706975
363	0.673550
364	0.698075
365	0.693225
366	0.675125
367	0.714925
368	0.665075
369	0.691775
370	0.719975
371	0.719275
372	0.681800
373	0.692975
374	0.693700
375	0.697625
376	0.662850
377	0.656550
378	0.679300
379	0.714575
380	0.688900
381	0.673350
382	0.683975
383	0.688475
384	0.680525
385	0.708150
386	0.682900
387	0.672850
388	0.720850
389	0.669950
390	0.724025
391	0.730275
392	0.701800
393	0.712700
394	0.697700
395	0.704250
396	0.735025
397	0.666025
398	0.705475
399	0.702800
400	0.734250
401	0.698850
402	0.690950
403	0.708225
404	0.718675
405	0.683100
406	0.712925
407	0.697350
408	0.697750
409	0.701950
410	0.711275
411	0.698175
412	0.671525
413	0.695750
414	0.694700
415	0.704300
416	0.720350
417	0.669000
418	0.661950
419	0.715175
420	0.705925
421	0.667775
422	0.696800
423	0.679250
424	0.649500
425	0.671300
426	0.693400
427	0.665025
428	0.704150
429	0.707800
430	0.693775
431	0.694150
432	0.633325
433	0.687575
434	0.696400
435	0.698775
436	0.683075
437	0.676875
438	0.724000
439	0.674100
440	0.703175
441	0.702400
442	0.738175
443	0.670825
444	0.682675
445	0.726175
446	0.685000
447	0.703550
448	0.739675
449	0.705100
450	0.696575
451	0.679775
452	0.685275
453	0.704675
454	0.688275
455	0.710250
456	0.687025
457	0.687825
458	0.681675
459	0.664125
460	0.673025
461	0.673225
462	0.718825
463	0.704050
464	0.652900
465	0.695575
466	0.709650
467	0.710475
468	0.709675
469	0.693675
470	0.657250
471	0.650325
472	0.667650
473	0.703725
474	0.677625
475	0.720225
476	0.701975
477	0.683550
478	0.672425
479	0.697900
480	0.730250
481	0.711225
482	0.687400
483	0.670850
484	0.702225
485	0.653300
486	0.674500
487	0.696600
488	0.652875
489	0.719525
490	0.680100
491	0.681400
492	0.705975
493	0.671925
494	0.698425
495	0.704325
496	0.726500
497	0.716975
498	0.655400
499	0.658700
500	0.652825
501	0.661525
502	0.667000
503	0.683000
504	0.651825
505	0.638525
506	0.663300
507	0.669050
508	0.661100
509	0.671025
510	0.642575
511	0.675225
512	0.687725
513	0.631450
514	0.639900
515	0.637500
516	0.655050
517	0.637375
518	0.650800
519	0.640150
520	0.660800
521	0.621125
522	0.667525
523	0.677900
524	0.662725
525	0.676425
526	0.681050
527	0.648950
528	0.654375
529	0.633125
530	0.630125
531	0.667475
532	0.668375
533	0.624350
534	0.707075
535	0.656000
536	0.641675
537	0.621525
538	0.654200
539	0.657675
540	0.686675
541	0.668775
542	0.659950
543	0.638425
544	0.642125
545	0.673400
546	0.663550
547	0.640850
548	0.667200
549	0.669075
550	0.664125
551	0.657775
552	0.659975
553	0.661300
554	0.656700
555	0.662950
556	0.680925
557	0.631650
558	0.652975
559	0.657525
560	0.640400
561	0.690175
562	0.669000
563	0.640300
564	0.640400
565	0.639300
566	0.626500
567	0.653925
568	0.673525
569	0.670550
570	0.654275
571	0.653775
572	0.671575
573	0.651875
574	0.674350
575	0.658500
576	0.667400
577	0.678650
578	0.615500
579	0.637775
580	0.648850
581	0.637550
582	0.653050
583	0.670075
584	0.676600
585	0.657550
586	0.651175
587	0.691525
588	0.662275
589	0.631250
590	0.643150
591	0.637175
592	0.622225
593	0.643075
594	0.654475
595	0.661975
596	0.647475
597	0.640150
598	0.605675
599	0.646525
600	0.686050
601	0.712025
602	0.689175
603	0.687000
604	0.692300
605	0.654775
606	0.639750
607	0.728175
608	0.672800
609	0.681550
610	0.672875
611	0.673100
612	0.652575
613	0.674600
614	0.677375
615	0.685600
616	0.711175
617	0.666400
618	0.717700
619	0.695750
620	0.691775
621	0.689875
622	0.691750
623	0.643075
624	0.675075
625	0.676800
626	0.701450
627	0.686125
628	0.669500
629	0.674950
630	0.667575
631	0.695025
632	0.678600
633	0.678325
634	0.681500
635	0.647175
636	0.719625
637	0.653850
638	0.698550
639	0.685400
640	0.676325
641	0.710050
642	0.677175
643	0.687650
644	0.701500
645	0.684775
646	0.741525
647	0.702075
648	0.689875
649	0.690875
650	0.721325
651	0.699600
652	0.689825
653	0.673525
654	0.685475
655	0.678975
656	0.637900
657	0.685925
658	0.706775
659	0.699550
660	0.699925
661	0.671075
662	0.674075
663	0.715025
664	0.691575
665	0.676300
666	0.684550
667	0.715000
668	0.712250
669	0.668775
670	0.705225
671	0.682400
672	0.727600
673	0.698875
674	0.694125
675	0.677875
676	0.661025
677	0.693250
678	0.688450
679	0.725800
680	0.660150
681	0.654325
682	0.653450
683	0.686975
684	0.680825
685	0.705675
686	0.714700
687	0.669925
688	0.707650
689	0.694975
690	0.671325
691	0.699350
692	0.728525
693	0.708750
694	0.689600
695	0.716900
696	0.676525
697	0.688950
698	0.678050
699	0.652500
700	0.686875
701	0.655600
702	0.694925
703	0.685650
704	0.704425
705	0.705225
706	0.659800
707	0.707000
708	0.708300
709	0.685250
710	0.701175
711	0.640250
712	0.673625
713	0.672225
714	0.643000
715	0.690050
716	0.656175
717	0.665950
718	0.675850
719	0.705075
720	0.664225
721	0.683750
722	0.702475
723	0.698050
724	0.667400
725	0.670475
726	0.712125
727	0.710650
728	0.679500
729	0.654225
730	0.681950
731	0.667550
732	0.710025
733	0.702425
734	0.665175
735	0.666200
736	0.668450
737	0.660525
738	0.701425
739	0.692075
740	0.671350
741	0.677025
742	0.721225
743	0.659125
744	0.670075
745	0.666000
746	0.731925
747	0.688550
748	0.697350
749	0.667725
750	0.700650
751	0.687525
752	0.707550
753	0.693800
754	0.673550
755	0.702650
756	0.694700
757	0.664225
758	0.677050
759	0.678800
760	0.677675
761	0.664175
762	0.692875
763	0.677225
764	0.690300
765	0.682550
766	0.681575
767	0.656375
768	0.638300
769	0.695700
770	0.666750
771	0.653775
772	0.666425
773	0.698950
774	0.711950
775	0.691400
776	0.654250
777	0.663750
778	0.682850
779	0.676750
780	0.681875
781	0.680200
782	0.700325
783	0.664900
784	0.713725
785	0.683950
786	0.657650
787	0.691725
788	0.663725
789	0.667225
790	0.689800
791	0.675050
792	0.713850
793	0.677800
794	0.690550
795	0.672400
796	0.695200
797	0.691350
798	0.697575
799	0.697775
800	0.688425
801	0.660550
802	0.675800
803	0.668825
804	0.695275
805	0.665950
806	0.705325
807	0.689850
808	0.675400
809	0.662425
810	0.688600
811	0.700675
812	0.682550
813	0.705150
814	0.698425
815	0.710625
816	0.670100
817	0.663400
818	0.678150
819	0.710350
820	0.685075
821	0.677825
822	0.699025
823	0.722625
824	0.703600
825	0.649600
826	0.707450
827	0.706675
828	0.703675
829	0.702325
830	0.725050
831	0.699150
832	0.697475
833	0.655725
834	0.661350
835	0.699850
836	0.723375
837	0.668725
838	0.697775
839	0.678500
840	0.698425
841	0.690325
842	0.674675
843	0.662900
844	0.703325
845	0.690150
846	0.675775
847	0.680475
848	0.684775
849	0.656975
850	0.670800
851	0.689400
852	0.677575
853	0.690875
854	0.699150
855	0.693075
856	0.719250
857	0.661025
858	0.680100
859	0.708225
860	0.700675
861	0.660900
862	0.684125
863	0.706350
864	0.696850
865	0.682750
866	0.663725
867	0.678050
868	0.695900
869	0.672350
870	0.721975
871	0.696250
872	0.672450
873	0.701075
874	0.660150
875	0.683150
876	0.680325
877	0.670975
878	0.675025
879	0.668825
880	0.709600
881	0.676925
882	0.705775
883	0.717725
884	0.666850
885	0.685425
886	0.676200
887	0.672125
888	0.695600
889	0.700500
890	0.706250
891	0.665125
892	0.679600
893	0.692525
894	0.693250
895	0.690875
896	0.707150
897	0.677875
898	0.687550
899	0.696050
900	0.622650
901	0.642325
902	0.655150
903	0.692325
904	0.677675
905	0.681325
906	0.671200
907	0.684550
908	0.664475
909	0.677025
910	0.691800
911	0.674025
912	0.674875
913	0.689450
914	0.661725
915	0.676575
916	0.707850
917	0.701225
918	0.669325
919	0.680175
920	0.685875
921	0.702425
922	0.684400
923	0.673850
924	0.681725
925	0.704425
926	0.715550
927	0.671675
928	0.680100
929	0.658300
930	0.707075
931	0.720325
932	0.672175
933	0.700225
934	0.721625
935	0.700825
936	0.683350
937	0.645675
938	0.679675
939	0.681350
940	0.697675
941	0.697000
942	0.711150
943	0.707625
944	0.641575
945	0.681300
946	0.675550
947	0.699225
948	0.700225
949	0.686450
950	0.694475
951	0.710175
952	0.654850
953	0.676650
954	0.713075
955	0.693350
956	0.700550
957	0.701875
958	0.705400
959	0.687200
960	0.655950
961	0.683425
962	0.689025
963	0.697200
964	0.720000
965	0.691600
966	0.675975
967	0.707500
968	0.690000
969	0.684575
970	0.687500
971	0.700900
972	0.708250
973	0.719300
974	0.698050
975	0.719550
976	0.682075
977	0.704100
978	0.706425
979	0.681800
980	0.664050
981	0.686600
982	0.730450
983	0.712975
984	0.698525
985	0.687775
986	0.682275
987	0.687900
988	0.718425
989	0.694050
990	0.725300
991	0.685625
992	0.713250
993	0.696900
994	0.691225
995	0.706625
996	0.725400
997	0.743550
998	0.727275
999	0.712850
1000	0.677925
1001	0.698300
1002	0.702800
1003	0.687050
1004	0.679700
1005	0.662300
1006	0.698475
1007	0.674575
1008	0.657675
1009	0.689900
1010	0.633575
1011	0.679850
1012	0.631300
1013	0.670100
1014	0.687675
1015	0.666825
1016	0.652125
1017	0.674400
1018	0.682850
1019	0.647475
1020	0.658850
1021	0.666025
1022	0.645600
1023	0.662550
1024	0.668300
1025	0.689025
1026	0.684050
1027	0.621575
1028	0.659800
1029	0.682800
1030	0.666950
1031	0.643900
1032	0.641875
1033	0.685525
1034	0.646775
1035	0.701925
1036	0.684450
1037	0.664075
1038	0.659350
1039	0.672800
1040	0.649600
1041	0.626175
1042	0.626600
1043	0.653750
1044	0.664650
1045	0.660700
1046	0.660750
1047	0.680575
1048	0.675425
1049	0.675025
1050	0.666900
1051	0.683925
1052	0.649500
1053	0.642525
1054	0.647525
1055	0.690650
1056	0.641275
1057	0.643950
1058	0.653375
1059	0.673275
1060	0.648325
1061	0.659775
1062	0.678300
1063	0.670825
1064	0.652275
1065	0.613575
1066	0.641475
1067	0.658225
1068	0.656775
1069	0.641025
1070	0.637575
1071	0.685450
1072	0.657175
1073	0.603475
1074	0.623550
1075	0.644950
1076	0.643950
1077	0.666100
1078	0.656575
1079	0.651150
1080	0.663100
1081	0.620250
1082	0.648375
1083	0.700575
1084	0.647500
1085	0.659775
1086	0.638200
1087	0.643550
1088	0.646100
1089	0.653475
1090	0.633300
1091	0.625950
1092	0.628975
1093	0.624725
1094	0.669000
1095	0.640325
1096	0.683450
1097	0.655875
1098	0.649775
1099	0.622875
1100	0.601050
1101	0.634450
1102	0.706900
1103	0.634525
1104	0.691375
1105	0.669550
1106	0.638400
1107	0.683300
1108	0.647175
1109	0.675600
1110	0.687225
1111	0.659625
1112	0.696800
1113	0.675350
1114	0.673800
1115	0.670725
1116	0.704350
1117	0.659125
1118	0.682600
1119	0.671200
1120	0.684975
1121	0.695375
1122	0.670925
1123	0.702175
1124	0.676775
1125	0.673725
1126	0.654675
1127	0.674550
1128	0.668800
1129	0.708300
1130	0.660050
1131	0.694075
1132	0.680175
1133	0.694750
1134	0.657750
1135	0.713225
1136	0.661175
1137	0.699025
1138	0.688725
1139	0.736475
1140	0.697550
1141	0.731075
1142	0.711275
1143	0.655850
1144	0.669300
1145	0.718425
1146	0.724750
1147	0.668075
1148	0.672050
1149	0.691525
1150	0.690275
1151	0.687275
1152	0.692300
1153	0.670225
1154	0.680150
1155	0.687075
1156	0.684350
1157	0.708775
1158	0.686800
1159	0.680200
1160	0.715175
1161	0.703600
1162	0.697800
1163	0.694375
1164	0.692000
1165	0.663275
1166	0.696425
1167	0.713950
1168	0.666725
1169	0.683450
1170	0.685625
1171	0.688775
1172	0.739975
1173	0.679725
1174	0.708400
1175	0.693300
1176	0.724225
1177	0.663000
1178	0.664500
1179	0.726500
1180	0.673900
1181	0.689375
1182	0.697175
1183	0.716275
1184	0.669975
1185	0.700475
1186	0.731875
1187	0.708850
1188	0.666525
1189	0.694425
1190	0.630875
1191	0.697650
1192	0.705700
1193	0.704575
1194	0.681325
1195	0.709125
1196	0.679775
1197	0.643750
1198	0.694875
1199	0.722325
1200	0.711775
1201	0.706950
1202	0.672475
1203	0.703500
1204	0.677400
1205	0.711950
1206	0.696075
1207	0.712075
1208	0.679475
1209	0.699950
1210	0.655225
1211	0.733325
1212	0.645750
1213	0.749050
1214	0.662350
1215	0.666825
1216	0.684950
1217	0.683025
1218	0.674600
1219	0.697975
1220	0.691850
1221	0.719550
1222	0.680900
1223	0.680650
1224	0.696400
1225	0.706700
1226	0.684225
1227	0.670050
1228	0.660575
1229	0.697050
1230	0.698725
1231	0.668650
1232	0.692325
1233	0.653675
1234	0.676400
1235	0.691025
1236	0.684725
1237	0.718350
1238	0.735350
1239	0.722050
1240	0.663650
1241	0.692500
1242	0.699125
1243	0.737700
1244	0.709750
1245	0.651200
1246	0.671650
1247	0.720500
1248	0.696725
1249	0.701125
1250	0.719800
1251	0.733675
1252	0.672150
1253	0.683175
1254	0.711450
1255	0.719625
1256	0.668825
1257	0.709025
1258	0.722900
1259	0.714350
1260	0.690350
1261	0.680125
1262	0.698500
1263	0.690750
1264	0.706250
1265	0.684550
1266	0.716575
1267	0.733500
1268	0.719725
1269	0.678450
1270	0.684725
1271	0.699600
1272	0.675700
1273	0.691825
1274	0.721875
1275	0.696725
1276	0.693325
1277	0.728325
1278	0.681150
1279	0.737675
1280	0.701475
1281	0.741975
1282	0.707700
1283	0.706250
1284	0.664725
1285	0.705975
1286	0.718875
1287	0.708925
1288	0.721475
1289	0.686000
1290	0.686325
1291	0.696300
1292	0.714225
1293	0.699375
1294	0.725450
1295	0.671250
1296	0.713550
1297	0.689275
1298	0.694675
1299	0.731450
1300	0.705150
1301	0.692250
1302	0.720500
1303	0.706325
1304	0.689650
1305	0.678300
1306	0.692575
1307	0.725825
1308	0.694000
1309	0.707600
1310	0.678925
1311	0.707725
1312	0.722550
1313	0.713725
1314	0.722375
1315	0.696550
1316	0.730200
1317	0.714950
1318	0.736125
1319	0.709800
1320	0.728775
1321	0.692375
1322	0.713425
1323	0.705425
1324	0.706325
1325	0.733800
1326	0.720700
1327	0.711625
1328	0.706075
1329	0.695625
1330	0.672900
1331	0.694775
1332	0.731550
1333	0.688625
1334	0.691950
1335	0.725925
1336	0.710350
1337	0.697900
1338	0.699400
1339	0.691625
1340	0.717225
1341	0.697075
1342	0.713225
1343	0.701425
1344	0.711475
1345	0.712800
1346	0.711850
1347	0.723800
1348	0.696300
1349	0.705700
1350	0.675950
1351	0.668500
1352	0.682000
1353	0.695575
1354	0.698875
1355	0.718125
1356	0.718050
1357	0.666475
1358	0.701775
1359	0.689775
1360	0.675550
1361	0.678150
1362	0.683925
1363	0.724800
1364	0.707100
1365	0.675825
1366	0.693325
1367	0.714025
1368	0.685100
1369	0.714000
1370	0.736575
1371	0.705250
1372	0.710925
1373	0.699625
1374	0.671350
1375	0.731000
1376	0.703975
1377	0.697425
1378	0.686200
1379	0.656425
1380	0.705200
1381	0.695200
1382	0.673100
1383	0.712300
1384	0.700225
1385	0.713600
1386	0.720250
1387	0.702425
1388	0.676875
1389	0.709925
1390	0.722350
1391	0.742225
1392	0.728900
1393	0.696625
1394	0.684875
1395	0.702425
1396	0.697150
1397	0.705925
1398	0.703775
1399	0.735925
1400	0.730875
1401	0.699525
1402	0.720025
1403	0.722825
1404	0.701650
1405	0.728450
1406	0.711050
1407	0.695250
1408	0.694125
1409	0.698350
1410	0.718400
1411	0.713425
1412	0.713675
1413	0.703275
1414	0.716325
1415	0.708450
1416	0.695600
1417	0.729425
1418	0.735100
1419	0.706875
1420	0.704550
1421	0.672200
1422	0.694475
1423	0.716550
1424	0.701000
1425	0.728250
1426	0.744250
1427	0.672675
1428	0.738425
1429	0.692750
1430	0.717200
1431	0.734100
1432	0.741100
1433	0.720500
1434	0.703750
1435	0.699975
1436	0.691975
1437	0.680400
1438	0.711850
1439	0.725475
1440	0.713500
1441	0.650850
1442	0.708400
1443	0.681550
1444	0.718700
1445	0.709500
1446	0.704875
1447	0.730250
1448	0.723225
1449	0.686425
1450	0.682650
1451	0.720300
1452	0.694900
1453	0.726275
1454	0.687550
1455	0.683900
1456	0.714575
1457	0.718375
1458	0.707275
1459	0.723575
1460	0.672825
1461	0.695125
1462	0.683500
1463	0.693775
1464	0.725750
1465	0.697800
1466	0.675400
1467	0.713550
1468	0.686800
1469	0.690275
1470	0.712050
1471	0.718075
1472	0.723850
1473	0.713925
1474	0.712800
1475	0.724750
1476	0.714375
1477	0.698800
1478	0.698625
1479	0.695500
1480	0.701075
1481	0.739900
1482	0.660100
1483	0.723700
1484	0.719350
1485	0.713075
1486	0.722150
1487	0.739000
1488	0.700700
1489	0.724075
1490	0.716950
1491	0.716625
1492	0.688700
1493	0.707075
1494	0.715100
1495	0.704475
1496	0.702775
1497	0.720675
1498	0.697725
1499	0.701250
1500	0.700400
1501	0.722000
1502	0.707375
1503	0.691100
1504	0.680875
1505	0.674150
1506	0.674950
1507	0.699600
1508	0.640550
1509	0.690175
1510	0.692500
1511	0.674250
1512	0.674925
1513	0.657025
1514	0.672650
1515	0.651025
1516	0.701525
1517	0.680375
1518	0.668800
1519	0.664100
1520	0.657200
1521	0.632675
1522	0.657150
1523	0.630600
1524	0.705100
1525	0.648125
1526	0.668575
1527	0.695950
1528	0.615400
1529	0.671950
1530	0.660850
1531	0.658000
1532	0.649050
1533	0.636400
1534	0.649675
1535	0.658075
1536	0.643350
1537	0.645250
1538	0.634225
1539	0.653150
1540	0.681850
1541	0.639275
1542	0.664775
1543	0.674875
1544	0.658200
1545	0.672125
1546	0.621800
1547	0.680400
1548	0.655300
1549	0.662150
1550	0.642350
1551	0.655300
1552	0.654225
1553	0.648725
1554	0.662425
1555	0.673550
1556	0.687800
1557	0.685025
1558	0.665850
1559	0.693700
1560	0.627325
1561	0.645975
1562	0.658675
1563	0.664900
1564	0.623300
1565	0.642075
1566	0.690725
1567	0.665125
1568	0.652075
1569	0.671225
1570	0.648900
1571	0.627375
1572	0.665250
1573	0.660900
1574	0.674650
1575	0.694100
1576	0.681575
1577	0.661650
1578	0.649650
1579	0.626600
1580	0.631350
1581	0.691625
1582	0.671600
1583	0.652550
1584	0.646225
1585	0.669075
1586	0.656700
1587	0.670675
1588	0.657825
1589	0.673175
1590	0.669175
1591	0.664400
1592	0.651475
1593	0.649675
1594	0.627200
1595	0.650950
1596	0.638950
1597	0.645575
1598	0.663800
1599	0.678950
1600	0.604075
1601	0.639600
1602	0.674925
1603	0.676350
1604	0.678925
1605	0.704650
1606	0.710225
1607	0.674500
1608	0.672925
1609	0.710575
1610	0.688225
1611	0.661500
1612	0.725175
1613	0.643825
1614	0.727725
1615	0.699575
1616	0.680700
1617	0.696675
1618	0.675425
1619	0.678925
1620	0.672525
1621	0.666825
1622	0.642125
1623	0.709200
1624	0.700725
1625	0.705775
1626	0.720025
1627	0.753250
1628	0.685550
1629	0.686400
1630	0.703175
1631	0.714800
1632	0.694300
1633	0.694225
1634	0.696350
1635	0.705375
1636	0.684075
1637	0.649275
1638	0.694200
1639	0.699800
1640	0.618675
1641	0.668975
1642	0.686500
1643	0.697350
1644	0.708650
1645	0.668100
1646	0.680025
1647	0.675525
1648	0.678875
1649	0.689800
1650	0.675650
1651	0.707925
1652	0.709500
1653	0.697175
1654	0.702500
1655	0.673525
1656	0.710200
1657	0.714800
1658	0.682050
1659	0.689525
1660	0.630650
1661	0.667725
1662	0.674125
1663	0.691100
1664	0.668150
1665	0.671475
1666	0.689950
1667	0.645375
1668	0.693825
1669	0.668300
1670	0.633900
1671	0.692500
1672	0.745975
1673	0.694750
1674	0.689150
1675	0.723575
1676	0.709700
1677	0.712675
1678	0.714600
1679	0.703250
1680	0.664175
1681	0.721250
1682	0.732100
1683	0.645250
1684	0.716275
1685	0.726425
1686	0.713725
1687	0.648375
1688	0.731850
1689	0.709300
1690	0.682650
1691	0.699200
1692	0.684100
1693	0.702625
1694	0.660825
1695	0.707350
1696	0.734800
1697	0.696400
1698	0.725950
1699	0.655600
1700	0.691925
1701	0.724800
1702	0.686850
1703	0.678675
1704	0.644475
1705	0.709100
1706	0.667275
1707	0.703325
1708	0.703450
1709	0.675400
1710	0.657825
1711	0.693700
1712	0.710850
1713	0.701500
1714	0.693600
1715	0.698050
1716	0.703250
1717	0.680425
1718	0.664800
1719	0.739825
1720	0.705675
1721	0.711925
1722	0.697675
1723	0.665200
1724	0.689600
1725	0.733400
1726	0.710900
1727	0.684200
1728	0.721000
1729	0.652450
1730	0.731025
1731	0.724525
1732	0.692275
1733	0.652125
1734	0.697250
1735	0.736125
1736	0.709925
1737	0.687450
1738	0.704725
1739	0.700775
1740	0.684675
1741	0.733725
1742	0.718125
1743	0.733325
1744	0.680150
1745	0.728325
1746	0.655500
1747	0.675275
1748	0.721075
1749	0.688500
1750	0.694100
1751	0.692650
1752	0.694775
1753	0.712275
1754	0.694700
1755	0.650675
1756	0.702600
1757	0.740300
1758	0.737825
1759	0.665375
1760	0.675175
1761	0.679075
1762	0.715300
1763	0.690350
1764	0.672100
1765	0.655350
1766	0.691275
1767	0.684975
1768	0.689350
1769	0.713725
1770	0.702900
1771	0.681000
1772	0.695625
1773	0.677425
1774	0.679900
1775	0.672650
1776	0.707125
1777	0.701500
1778	0.732200
1779	0.689500
1780	0.676475
1781	0.720150
1782	0.683850
1783	0.672675
1784	0.703125
1785	0.703550
1786	0.642325
1787	0.712300
1788	0.710625
1789	0.680975
1790	0.699625
1791	0.704650
1792	0.670750
1793	0.718675
1794	0.706925
1795	0.700650
1796	0.700900
1797	0.694225
1798	0.731250
1799	0.694250
1800	0.662225
1801	0.700925
1802	0.696875
1803	0.697625
1804	0.688725
1805	0.705400
1806	0.710125
1807	0.686325
1808	0.700075
1809	0.723950
1810	0.663300
1811	0.670750
1812	0.718300
1813	0.691975
1814	0.682275
1815	0.686975
1816	0.674550
1817	0.692625
1818	0.723450
1819	0.726575
1820	0.673700
1821	0.692575
1822	0.714975
1823	0.746500
1824	0.684750
1825	0.730050
1826	0.704325
1827	0.679575
1828	0.716025
1829	0.716150
1830	0.678500
1831	0.672225
1832	0.689525
1833	0.693175
1834	0.709800
1835	0.732200
1836	0.716550
1837	0.686425
1838	0.627625
1839	0.694950
1840	0.708325
1841	0.664925
1842	0.736425
1843	0.698250
1844	0.650875
1845	0.674850
1846	0.713475
1847	0.746225
1848	0.707800
1849	0.700475
1850	0.689950
1851	0.689600
1852	0.707000
1853	0.688950
1854	0.718275
1855	0.713200
1856	0.686875
1857	0.706500
1858	0.713625
1859	0.693850
1860	0.692050
1861	0.709675
1862	0.668375
1863	0.668900
1864	0.695275
1865	0.733350
1866	0.698900
1867	0.679825
1868	0.662250
1869	0.704750
1870	0.697950
1871	0.745050
1872	0.683850
1873	0.662200
1874	0.651125
1875	0.737875
1876	0.723225
1877	0.678400
1878	0.719475
1879	0.691500
1880	0.697975
1881	0.708425
1882	0.715050
1883	0.698175
1884	0.726000
1885	0.693825
1886	0.685450
1887	0.709450
1888	0.669850
1889	0.706750
1890	0.732450
1891	0.680650
1892	0.696425
1893	0.735650
1894	0.708175
1895	0.679050
1896	0.703325
1897	0.681750
1898	0.710150
1899	0.697400
1900	0.696825
1901	0.685350
1902	0.684400
1903	0.715175
1904	0.675600
1905	0.699500
1906	0.671325
1907	0.730650
1908	0.696625
1909	0.694525
1910	0.682700
1911	0.714700
1912	0.706000
1913	0.705650
1914	0.687200
1915	0.703400
1916	0.665650
1917	0.693050
1918	0.715650
1919	0.699600
1920	0.690850
1921	0.675075
1922	0.689050
1923	0.676850
1924	0.730625
1925	0.688700
1926	0.732300
1927	0.717575
1928	0.690950
1929	0.690000
1930	0.730400
1931	0.690975
1932	0.644150
1933	0.684525
1934	0.715375
1935	0.720100
1936	0.679775
1937	0.697375
1938	0.695375
1939	0.694300
1940	0.684850
1941	0.671425
1942	0.692425
1943	0.698200
1944	0.659200
1945	0.676000
1946	0.677175
1947	0.680275
1948	0.698375
1949	0.677000
1950	0.700725
1951	0.722425
1952	0.695025
1953	0.705025
1954	0.684025
1955	0.689375
1956	0.709150
1957	0.708475
1958	0.670300
1959	0.678500
1960	0.670275
1961	0.703375
1962	0.704925
1963	0.718625
1964	0.662775
1965	0.725100
1966	0.730100
1967	0.721475
1968	0.700575
1969	0.704125
1970	0.688525
1971	0.693000
1972	0.653575
1973	0.679525
1974	0.688050
1975	0.680525
1976	0.687850
1977	0.692650
1978	0.691525
1979	0.698150
1980	0.711825
1981	0.738225
1982	0.690875
1983	0.706500
1984	0.653875
1985	0.692700
1986	0.687725
1987	0.736250
1988	0.692175
1989	0.682800
1990	0.726150
1991	0.716550
1992	0.702400
1993	0.733475
1994	0.682600
1995	0.738725
1996	0.646300
1997	0.691700
1998	0.661750
1999	0.676800
2000	0.667050
2001	0.704975
2002	0.693175
2003	0.685975
2004	0.667725
2005	0.616900
2006	0.622200
2007	0.658575
2008	0.674700
2009	0.675750
2010	0.655625
2011	0.673100
2012	0.608175
2013	0.676950
2014	0.633575
2015	0.686825
2016	0.672375
2017	0.659850
2018	0.673825
2019	0.672025
2020	0.663250
2021	0.688575
2022	0.672275
2023	0.690575
2024	0.664825
2025	0.654675
2026	0.664400
2027	0.649450
2028	0.673575
2029	0.651725
2030	0.676750
2031	0.648200
2032	0.646600
2033	0.669675
2034	0.690225
2035	0.667275
2036	0.651325
2037	0.670975
2038	0.695775
2039	0.635625
2040	0.643225
2041	0.612725
2042	0.681050
2043	0.672800
2044	0.666300
2045	0.646475
2046	0.650675
2047	0.636800
2048	0.647250
2049	0.645200
2050	0.666475
2051	0.618875
2052	0.677600
2053	0.675525
2054	0.699800
2055	0.685275
2056	0.641250
2057	0.663500
2058	0.651550
2059	0.667325
2060	0.645000
2061	0.660550
2062	0.642000
2063	0.654175
2064	0.621450
2065	0.651025
2066	0.628825
2067	0.642825
2068	0.682150
2069	0.680150
2070	0.664325
2071	0.637450
2072	0.688600
2073	0.594100
2074	0.707850
2075	0.670675
2076	0.649675
2077	0.645050
2078	0.655625
2079	0.667600
2080	0.633375
2081	0.692775
2082	0.641975
2083	0.686350
2084	0.645325
2085	0.664500
2086	0.626375
2087	0.643425
2088	0.663750
2089	0.697325
2090	0.669225
2091	0.663225
2092	0.686600
2093	0.663825
2094	0.674600
2095	0.676625
2096	0.687150
2097	0.687250
2098	0.626025
2099	0.651500
2100	0.673775
2101	0.677425
2102	0.661950
2103	0.638875
2104	0.698600
2105	0.701925
2106	0.735400
2107	0.721400
2108	0.703850
2109	0.714150
2110	0.700025
2111	0.677300
2112	0.670325
2113	0.702125
2114	0.704025
2115	0.686850
2116	0.676300
2117	0.664775
2118	0.703100
2119	0.672050
2120	0.715975
2121	0.738125
2122	0.662375
2123	0.673575
2124	0.679975
2125	0.715850
2126	0.645150
2127	0.664125
2128	0.685800
2129	0.661475
2130	0.655875
2131	0.685425
2132	0.678275
2133	0.712975
2134	0.658325
2135	0.682475
2136	0.646375
2137	0.692000
2138	0.700725
2139	0.677000
2140	0.672875
2141	0.678950
2142	0.673300
2143	0.658650
2144	0.698100
2145	0.713200
2146	0.672350
2147	0.705875
2148	0.714975
2149	0.701700
2150	0.671700
2151	0.698925
2152	0.722125
2153	0.681875
2154	0.714150
2155	0.723150
2156	0.667575
2157	0.657450
2158	0.698100
2159	0.679075
2160	0.671025
2161	0.691900
2162	0.698900
2163	0.659625
2164	0.666975
2165	0.691700
2166	0.727475
2167	0.690175
2168	0.699500
2169	0.655825
2170	0.695875
2171	0.643425
2172	0.655050
2173	0.688200
2174	0.672175
2175	0.651875
2176	0.688100
2177	0.723750
2178	0.724275
2179	0.693225
2180	0.650075
2181	0.712000
2182	0.653075
2183	0.659400
2184	0.713350
2185	0.692150
2186	0.686225
2187	0.661825
2188	0.702300
2189	0.681250
2190	0.668825
2191	0.685325
2192	0.638825
2193	0.671825
2194	0.705600
2195	0.669100
2196	0.676150
2197	0.728425
2198	0.680375
2199	0.688625
2200	0.713175
2201	0.652750
2202	0.663700
2203	0.647375
2204	0.672600
2205	0.685125
2206	0.709075
2207	0.685975
2208	0.697875
2209	0.696075
2210	0.659425
2211	0.676550
2212	0.695550
2213	0.690625
2214	0.705525
2215	0.683275
2216	0.673050
2217	0.620400
2218	0.699800
2219	0.695050
2220	0.696500
2221	0.713350
2222	0.687650
2223	0.651700
2224	0.716450
2225	0.713675
2226	0.717950
2227	0.675875
2228	0.666925
2229	0.677925
2230	0.705075
2231	0.700425
2232	0.691450
2233	0.712425
2234	0.672325
2235	0.647525
2236	0.699275
2237	0.669900
2238	0.709850
2239	0.701825
2240	0.734050
2241	0.684550
2242	0.691375
2243	0.709475
2244	0.662375
2245	0.727000
2246	0.651850
2247	0.718175
2248	0.701600
2249	0.684950
2250	0.672075
2251	0.702000
2252	0.706300
2253	0.666525
2254	0.650400
2255	0.661525
2256	0.697450
2257	0.701925
2258	0.720750
2259	0.665550
2260	0.651775
2261	0.697375
2262	0.709900
2263	0.677100
2264	0.641575
2265	0.707450
2266	0.734550
2267	0.688425
2268	0.700800
2269	0.729000
2270	0.696600
2271	0.672050
2272	0.681925
2273	0.681975
2274	0.687200
2275	0.667400
2276	0.679450
2277	0.689350
2278	0.661350
2279	0.706400
2280	0.725375
2281	0.719700
2282	0.669675
2283	0.681300
2284	0.681975
2285	0.699600
2286	0.686600
2287	0.651675
2288	0.684525
2289	0.735875
2290	0.718425
2291	0.670775
2292	0.711200
2293	0.696650
2294	0.693525
2295	0.668925
2296	0.699950
2297	0.693700
2298	0.692000
2299	0.670550
2300	0.734550
2301	0.680100
2302	0.690175
2303	0.675475
2304	0.651400
2305	0.709100
2306	0.704050
2307	0.696175
2308	0.676100
2309	0.678175
2310	0.688525
2311	0.703500
2312	0.700175
2313	0.652500
2314	0.712625
2315	0.673375
2316	0.695800
2317	0.670100
2318	0.702275
2319	0.695875
2320	0.713200
2321	0.697225
2322	0.689675
2323	0.671325
2324	0.670450
2325	0.685950
2326	0.698000
2327	0.675750
2328	0.722875
2329	0.681025
2330	0.701275
2331	0.674350
2332	0.684275
2333	0.677150
2334	0.667525
2335	0.714825
2336	0.685975
2337	0.742800
2338	0.734450
2339	0.706750
2340	0.671600
2341	0.697700
2342	0.661075
2343	0.661250
2344	0.672375
2345	0.656075
2346	0.684100
2347	0.647750
2348	0.673300
2349	0.665075
2350	0.679475
2351	0.691450
2352	0.669425
2353	0.651700
2354	0.662575
2355	0.714700
2356	0.672400
2357	0.740275
2358	0.677150
2359	0.719125
2360	0.735975
2361	0.720100
2362	0.656375
2363	0.669700
2364	0.677775
2365	0.727300
2366	0.660200
2367	0.724250
2368	0.697375
2369	0.677850
2370	0.717300
2371	0.660325
2372	0.685050
2373	0.683425
2374	0.697300
2375	0.706600
2376	0.699625
2377	0.724625
2378	0.689450
2379	0.688375
2380	0.645875
2381	0.643025
2382	0.700725
2383	0.649675
2384	0.708350
2385	0.689625
2386	0.712100
2387	0.735175
2388	0.707050
2389	0.626300
2390	0.669900
2391	0.673675
2392	0.722725
2393	0.696050
2394	0.699725
2395	0.699400
2396	0.682650
2397	0.700375
2398	0.669925
2399	0.664000
2400	0.691775
2401	0.643700
2402	0.694675
2403	0.711275
2404	0.706625
2405	0.687525
2406	0.716850
2407	0.688525
2408	0.653275
2409	0.690325
2410	0.696850
2411	0.641900
2412	0.699975
2413	0.657475
2414	0.697375
2415	0.717350
2416	0.646900
2417	0.730350
2418	0.714275
2419	0.659750
2420	0.688775
2421	0.715475
2422	0.675500
2423	0.671950
2424	0.716250
2425	0.654225
2426	0.621150
2427	0.693625
2428	0.688350
2429	0.736575
2430	0.658250
2431	0.682725
2432	0.717050
2433	0.696400
2434	0.712825
2435	0.668175
2436	0.662775
2437	0.694675
2438	0.679675
2439	0.685800
2440	0.657775
2441	0.653825
2442	0.679975
2443	0.703875
2444	0.691350
2445	0.727250
2446	0.711975
2447	0.704625
2448	0.709700
2449	0.672075
2450	0.673525
2451	0.704475
2452	0.700450
2453	0.696825
2454	0.716075
2455	0.724000
2456	0.713025
2457	0.688425
2458	0.698775
2459	0.654375
2460	0.718175
2461	0.697275
2462	0.697400
2463	0.707375
2464	0.709850
2465	0.669300
2466	0.722025
2467	0.726550
2468	0.697225
2469	0.690125
2470	0.688825
2471	0.701825
2472	0.680200
2473	0.680925
2474	0.706000
2475	0.738725
2476	0.682600
2477	0.665475
2478	0.651875
2479	0.718150
2480	0.681150
2481	0.699200
2482	0.709925
2483	0.674950
2484	0.668125
2485	0.696250
2486	0.673775
2487	0.672275
2488	0.733425
2489	0.663550
2490	0.675325
2491	0.688200
2492	0.683000
2493	0.725250
2494	0.734475
2495	0.629550
2496	0.663650
2497	0.720650
2498	0.681900
2499	0.696125
2500	0.675975
2501	0.674700
2502	0.697175
2503	0.684300
2504	0.671400
2505	0.679250
2506	0.667350
2507	0.659300
2508	0.694775
2509	0.689675
2510	0.687675
2511	0.632275
2512	0.675275
2513	0.688775
2514	0.694375
2515	0.604025
2516	0.630700
2517	0.621575
2518	0.663650
2519	0.652575
2520	0.676675
2521	0.626175
2522	0.638375
2523	0.645425
2524	0.677100
2525	0.648700
2526	0.677850
2527	0.694050
2528	0.660875
2529	0.650750
2530	0.640250
2531	0.625300
2532	0.647775
2533	0.646575
2534	0.655900
2535	0.665725
2536	0.654775
2537	0.651825
2538	0.620975
2539	0.660325
2540	0.620625
2541	0.678825
2542	0.648700
2543	0.668775
2544	0.678825
2545	0.666375
2546	0.646975
2547	0.687800
2548	0.637950
2549	0.683150
2550	0.634225
2551	0.651950
2552	0.690325
2553	0.667300
2554	0.676850
2555	0.625325
2556	0.641025
2557	0.627175
2558	0.666750
2559	0.622750
2560	0.657800
2561	0.681475
2562	0.641525
2563	0.648225
2564	0.601650
2565	0.627650
2566	0.672875
2567	0.660500
2568	0.670500
2569	0.645375
2570	0.621075
2571	0.644350
2572	0.660850
2573	0.680725
2574	0.630300
2575	0.644400
2576	0.664000
2577	0.608625
2578	0.637800
2579	0.662800
2580	0.671000
2581	0.672925
2582	0.654275
2583	0.640325
2584	0.652425
2585	0.651375
2586	0.667325
2587	0.647900
2588	0.616125
2589	0.648400
2590	0.642575
2591	0.648800
2592	0.651400
2593	0.643800
2594	0.645150
2595	0.603000
2596	0.643300
2597	0.651025
2598	0.661150
2599	0.650025
2600	0.643650
2601	0.674025
2602	0.667400
2603	0.644825
2604	0.654875
2605	0.677250
2606	0.687875
2607	0.620700
2608	0.674150
2609	0.707400
2610	0.703625
2611	0.649450
2612	0.636175
2613	0.664800
2614	0.650600
2615	0.687600
2616	0.684275
2617	0.684450
2618	0.675350
2619	0.699175
2620	0.691050
2621	0.689725
2622	0.679700
2623	0.651400
2624	0.665025
2625	0.675825
2626	0.658325
2627	0.686500
2628	0.695275
2629	0.675475
2630	0.664900
2631	0.676575
2632	0.684125
2633	0.704825
2634	0.709850
2635	0.725300
2636	0.708975
2637	0.700050
2638	0.689525
2639	0.700125
2640	0.668325
2641	0.672350
2642	0.709075
2643	0.721125
2644	0.717700
2645	0.733400
2646	0.705100
2647	0.662475
2648	0.656200
2649	0.660950
2650	0.697000
2651	0.668325
2652	0.681325
2653	0.688000
2654	0.646300
2655	0.715050
2656	0.691675
2657	0.659225
2658	0.637275
2659	0.655575
2660	0.693750
2661	0.661800
2662	0.681925
2663	0.697550
2664	0.730200
2665	0.692025
2666	0.640250
2667	0.683475
2668	0.691000
2669	0.722075
2670	0.710200
2671	0.685950
2672	0.701050
2673	0.668225
2674	0.666975
2675	0.719250
2676	0.677000
2677	0.680725
2678	0.682975
2679	0.676975
2680	0.654225
2681	0.711625
2682	0.728525
2683	0.653600
2684	0.729325
2685	0.674925
2686	0.706375
2687	0.715375
2688	0.704550
2689	0.703675
2690	0.698750
2691	0.694925
2692	0.720550
2693	0.698125
2694	0.745500
2695	0.679475
2696	0.699500
2697	0.657075
2698	0.723225
2699	0.691775
2700	0.649775
2701	0.694525
2702	0.714700
2703	0.716600
2704	0.642275
2705	0.663775
2706	0.726100
2707	0.705475
2708	0.707950
2709	0.678775
2710	0.717800
2711	0.687950
2712	0.713925
2713	0.701350
2714	0.684175
2715	0.699050
2716	0.699075
2717	0.686775
2718	0.662550
2719	0.740600
2720	0.704675
2721	0.692725
2722	0.681700
2723	0.678875
2724	0.723900
2725	0.690875
2726	0.697475
2727	0.711300
2728	0.715825
2729	0.703975
2730	0.712650
2731	0.712150
2732	0.709775
2733	0.658150
2734	0.681550
2735	0.681600
2736	0.674750
2737	0.678625
2738	0.708750
2739	0.711675
2740	0.722525
2741	0.712175
2742	0.687600
2743	0.776125
2744	0.684625
2745	0.694325
2746	0.715875
2747	0.704200
2748	0.679050
2749	0.626325
2750	0.668900
2751	0.691750
2752	0.708275
2753	0.660525
2754	0.682650
2755	0.712825
2756	0.714450
2757	0.740900
2758	0.661475
2759	0.724925
2760	0.692650
2761	0.730300
2762	0.694425
2763	0.684225
2764	0.689750
2765	0.699300
2766	0.689900
2767	0.707850
2768	0.710950
2769	0.698950
2770	0.693225
2771	0.732175
2772	0.725100
2773	0.700325
2774	0.716050
2775	0.735100
2776	0.710300
2777	0.748550
2778	0.693725
2779	0.699275
2780	0.731725
2781	0.671050
2782	0.721525
2783	0.726475
2784	0.679375
2785	0.721950
2786	0.706175
2787	0.706575
2788	0.713975
2789	0.726275
2790	0.700925
2791	0.677500
2792	0.722075
2793	0.671250
2794	0.702775
2795	0.676750
2796	0.730900
2797	0.708575
2798	0.687675
2799	0.756925
2800	0.676825
2801	0.737400
2802	0.699150
2803	0.699800
2804	0.733800
2805	0.706650
2806	0.710075
2807	0.704825
2808	0.716725
2809	0.698375
2810	0.754250
2811	0.704150
2812	0.704125
2813	0.712450
2814	0.696200
2815	0.713600
2816	0.684850
2817	0.730675
2818	0.693875
2819	0.675850
2820	0.716700
2821	0.686000
2822	0.719625
2823	0.695500
2824	0.732375
2825	0.712500
2826	0.702600
2827	0.714450
2828	0.708325
2829	0.678625
2830	0.680525
2831	0.704400
2832	0.702050
2833	0.746450
2834	0.707750
2835	0.646400
2836	0.699425
2837	0.691925
2838	0.721725
2839	0.703325
2840	0.705150
2841	0.755425
2842	0.701375
2843	0.692400
2844	0.682200
2845	0.695800
2846	0.731400
2847	0.699775
2848	0.696050
2849	0.705250
2850	0.703725
2851	0.656450
2852	0.713225
2853	0.715125
2854	0.686500
2855	0.756800
2856	0.714600
2857	0.703525
2858	0.689800
2859	0.667350
2860	0.703700
2861	0.697400
2862	0.668400
2863	0.681300
2864	0.720900
2865	0.687800
2866	0.713450
2867	0.696350
2868	0.726525
2869	0.745375
2870	0.693725
2871	0.720775
2872	0.689000
2873	0.728125
2874	0.697650
2875	0.676600
2876	0.711625
2877	0.682750
2878	0.724975
2879	0.687025
2880	0.709325
2881	0.735125
2882	0.704125
2883	0.732175
2884	0.707550
2885	0.713100
2886	0.678625
2887	0.724550
2888	0.717725
2889	0.660550
2890	0.726425
2891	0.661625
2892	0.698975
2893	0.683175
2894	0.708725
2895	0.709000
2896	0.650650
2897	0.760550
2898	0.687925
2899	0.671125
2900	0.706725
2901	0.730100
2902	0.714925
2903	0.713600
2904	0.711775
2905	0.678150
2906	0.685575
2907	0.640900
2908	0.710850
2909	0.722100
2910	0.689000
2911	0.759675
2912	0.677350
2913	0.730050
2914	0.681475
2915	0.659850
2916	0.692100
2917	0.713550
2918	0.696175
2919	0.698875
2920	0.692625
2921	0.635225
2922	0.734650
2923	0.689325
2924	0.677125
2925	0.738350
2926	0.685100
2927	0.721650
2928	0.654575
2929	0.716825
2930	0.715600
2931	0.683000
2932	0.714325
2933	0.695775
2934	0.658600
2935	0.680425
2936	0.735050
2937	0.707550
2938	0.709050
2939	0.736625
2940	0.687475
2941	0.694625
2942	0.689375
2943	0.721025
2944	0.688000
2945	0.693400
2946	0.690700
2947	0.645925
2948	0.691225
2949	0.661550
2950	0.722575
2951	0.711325
2952	0.678175
2953	0.729525
2954	0.725800
2955	0.679375
2956	0.693975
2957	0.669175
2958	0.713700
2959	0.677700
2960	0.635475
2961	0.689100
2962	0.673075
2963	0.615600
2964	0.721150
2965	0.696825
2966	0.663300
2967	0.756750
2968	0.691325
2969	0.677575
2970	0.691300
2971	0.703475
2972	0.711500
2973	0.685725
2974	0.691450
2975	0.674875
2976	0.684775
2977	0.681625
2978	0.730975
2979	0.644625
2980	0.669775
2981	0.749500
2982	0.667600
2983	0.709275
2984	0.682675
2985	0.675525
2986	0.716575
2987	0.665575
2988	0.661700
2989	0.665625
2990	0.677750
2991	0.636525
2992	0.701100
2993	0.696450
2994	0.673975
2995	0.701925
2996	0.683575
2997	0.692450
2998	0.669650
2999	0.743050
3000	0.734350
3001	0.673550
3002	0.689975
3003	0.689850
3004	0.695800
3005	0.644250
3006	0.687350
3007	0.662775
3008	0.634275
3009	0.703950
3010	0.663725
3011	0.657500
3012	0.673375
3013	0.678075
3014	0.685275
3015	0.652350
3016	0.634600
3017	0.661900
3018	0.679600
3019	0.678025
3020	0.615525
3021	0.626025
3022	0.680375
3023	0.669225
3024	0.612900
3025	0.610875
3026	0.641650
3027	0.657325
3028	0.676225
3029	0.678725
3030	0.675550
3031	0.652275
3032	0.605725
3033	0.610875
3034	0.630775
3035	0.627675
3036	0.633800
3037	0.645975
3038	0.641675
3039	0.667200
3040	0.660225
3041	0.648475
3042	0.629550
3043	0.643925
3044	0.679650
3045	0.686400
3046	0.623475
3047	0.595925
3048	0.639675
3049	0.626225
3050	0.633025
3051	0.652700
3052	0.652225
3053	0.685675
3054	0.642700
3055	0.673325
3056	0.693025
3057	0.651675
3058	0.677825
3059	0.708650
3060	0.653650
3061	0.617100
3062	0.600425
3063	0.595125
3064	0.635200
3065	0.684675
3066	0.630350
3067	0.639375
3068	0.668625
3069	0.663850
3070	0.640325
3071	0.661800
3072	0.658600
3073	0.658900
3074	0.669550
3075	0.706650
3076	0.613750
3077	0.655275
3078	0.616875
3079	0.653325
3080	0.666000
3081	0.647825
3082	0.628950
3083	0.654800
3084	0.626700
3085	0.654500
3086	0.659875
3087	0.664950
3088	0.674250
3089	0.648375
3090	0.675950
3091	0.647250
3092	0.648000
3093	0.662250
3094	0.668575
3095	0.659750
3096	0.686325
3097	0.631300
3098	0.673675
3099	0.640825
3100	0.636475
3101	0.649975
3102	0.669600
3103	0.630850
3104	0.680025
3105	0.677750
3106	0.686075
3107	0.743875
3108	0.675600
3109	0.666075
3110	0.643525
3111	0.690900
3112	0.693050
3113	0.703650
3114	0.686750
3115	0.716125
3116	0.672100
3117	0.704700
3118	0.690825
3119	0.688900
3120	0.684850
3121	0.676075
3122	0.632575
3123	0.687975
3124	0.669200
3125	0.698125
3126	0.683925
3127	0.684075
3128	0.689025
3129	0.693900
3130	0.651200
3131	0.692225
3132	0.678400
3133	0.691800
3134	0.671500
3135	0.686725
3136	0.697450
3137	0.653725
3138	0.677325
3139	0.683350
3140	0.725000
3141	0.659975
3142	0.684475
3143	0.648100
3144	0.706200
3145	0.712175
3146	0.659300
3147	0.711175
3148	0.694550
3149	0.686150
3150	0.678275
3151	0.701000
3152	0.652600
3153	0.678900
3154	0.646800
3155	0.695275
3156	0.712425
3157	0.707250
3158	0.626675
3159	0.707500
3160	0.730200
3161	0.683750
3162	0.719800
3163	0.666025
3164	0.674600
3165	0.674000
3166	0.715050
3167	0.688600
3168	0.714900
3169	0.667525
3170	0.637800
3171	0.699525
3172	0.742875
3173	0.686550
3174	0.683425
3175	0.694750
3176	0.718575
3177	0.699525
3178	0.670200
3179	0.688275
3180	0.687575
3181	0.639375
3182	0.702000
3183	0.698700
3184	0.673475
3185	0.663900
3186	0.661700
3187	0.731625
3188	0.723900
3189	0.729075
3190	0.679450
3191	0.685075
3192	0.701775
3193	0.679900
3194	0.713700
3195	0.680950
3196	0.682600
3197	0.725000
3198	0.728825
3199	0.689450
3200	0.715850
3201	0.724500
3202	0.705750
3203	0.715500
3204	0.673825
3205	0.715825
3206	0.649025
3207	0.695150
3208	0.718450
3209	0.676850
3210	0.713400
3211	0.675925
3212	0.689975
3213	0.691950
3214	0.735050
3215	0.707525
3216	0.660350
3217	0.697000
3218	0.675850
3219	0.699975
3220	0.689425
3221	0.713925
3222	0.653675
3223	0.679075
3224	0.692200
3225	0.701850
3226	0.680650
3227	0.722275
3228	0.711600
3229	0.671875
3230	0.713850
3231	0.739850
3232	0.683925
3233	0.683650
3234	0.681250
3235	0.692000
3236	0.698050
3237	0.676875
3238	0.672775
3239	0.711800
3240	0.651675
3241	0.690325
3242	0.692400
3243	0.695725
3244	0.696125
3245	0.694125
3246	0.715575
3247	0.720425
3248	0.656225
3249	0.701650
3250	0.678975
3251	0.665650
3252	0.702200
3253	0.683475
3254	0.660000
3255	0.692250
3256	0.721075
3257	0.701000
3258	0.716650
3259	0.678900
3260	0.652775
3261	0.666700
3262	0.698850
3263	0.678275
3264	0.695300
3265	0.691750
3266	0.693100
3267	0.689150
3268	0.728550
3269	0.707225
3270	0.681575
3271	0.684125
3272	0.711275
3273	0.682375
3274	0.695450
3275	0.640900
3276	0.603850
3277	0.699875
3278	0.648425
3279	0.704450
3280	0.680150
3281	0.697350
3282	0.715575
3283	0.716875
3284	0.661700
3285	0.660825
3286	0.702525
3287	0.729700
3288	0.724150
3289	0.710800
3290	0.716100
3291	0.746775
3292	0.700200
3293	0.714225
3294	0.679375
3295	0.715350
3296	0.684475
3297	0.685950
3298	0.709150
3299	0.717450
3300	0.715900
3301	0.678525
3302	0.716475
3303	0.653750
3304	0.732275
3305	0.699600
3306	0.687225
3307	0.723375
3308	0.700300
3309	0.665775
3310	0.677700
3311	0.679875
3312	0.691475
3313	0.727150
3314	0.736700
3315	0.714725
3316	0.709100
3317	0.698275
3318	0.683225
3319	0.685850
3320	0.685450
3321	0.713025
3322	0.689450
3323	0.722225
3324	0.694525
3325	0.685075
3326	0.700075
3327	0.709150
3328	0.656450
3329	0.688775
3330	0.709175
3331	0.702875
3332	0.697150
3333	0.707025
3334	0.729575
3335	0.690725
3336	0.681375
3337	0.715375
3338	0.708375
3339	0.687850
3340	0.674900
3341	0.715000
3342	0.699425
3343	0.701175
3344	0.686250
3345	0.661150
3346	0.695050
3347	0.696100
3348	0.677050
3349	0.691875
3350	0.687725
3351	0.702200
3352	0.674300
3353	0.675500
3354	0.658225
3355	0.687525
3356	0.671525
3357	0.707300
3358	0.699450
3359	0.682400
3360	0.687000
3361	0.697275
3362	0.706325
3363	0.721600
3364	0.703650
3365	0.683950
3366	0.686800
3367	0.703450
3368	0.701100
3369	0.711350
3370	0.701825
3371	0.713725
3372	0.687125
3373	0.705475
3374	0.666125
3375	0.666525
3376	0.720100
3377	0.677700
3378	0.698850
3379	0.700700
3380	0.633875
3381	0.686425
3382	0.687275
3383	0.705550
3384	0.654200
3385	0.681550
3386	0.690600
3387	0.713675
3388	0.706525
3389	0.692100
3390	0.684525
3391	0.704300
3392	0.719950
3393	0.689450
3394	0.698800
3395	0.663175
3396	0.714775
3397	0.720275
3398	0.711225
3399	0.676375
3400	0.688750
3401	0.689425
3402	0.672775
3403	0.692825
3404	0.692425
3405	0.687975
3406	0.688125
3407	0.693300
3408	0.683350
3409	0.681275
3410	0.685475
3411	0.705875
3412	0.702075
3413	0.682600
3414	0.718475
3415	0.718500
3416	0.706375
3417	0.701125
3418	0.686250
3419	0.683600
3420	0.671650
3421	0.683500
3422	0.712825
3423	0.731850
3424	0.693050
3425	0.688350
3426	0.673425
3427	0.697450
3428	0.703725
3429	0.698325
3430	0.700400
3431	0.678150
3432	0.694700
3433	0.701525
3434	0.731700
3435	0.673875
3436	0.718050
3437	0.685550
3438	0.743625
3439	0.696425
3440	0.694475
3441	0.674375
3442	0.702275
3443	0.700975
3444	0.693250
3445	0.705875
3446	0.698825
3447	0.689350
3448	0.698450
3449	0.701550
3450	0.685800
3451	0.705325
3452	0.682700
3453	0.717925
3454	0.675425
3455	0.715050
3456	0.720175
3457	0.718525
3458	0.709250
3459	0.681850
3460	0.726175
3461	0.706150
3462	0.663425
3463	0.705675
3464	0.714450
3465	0.694550
3466	0.685225
3467	0.706350
3468	0.693100
3469	0.711225
3470	0.672625
3471	0.702150
3472	0.710400
3473	0.681825
3474	0.681975
3475	0.691475
3476	0.701225
3477	0.729425
3478	0.709050
3479	0.692525
3480	0.728875
3481	0.695725
3482	0.700325
3483	0.722975
3484	0.696900
3485	0.698300
3486	0.702650
3487	0.673150
3488	0.692625
3489	0.705650
3490	0.702125
3491	0.706100
3492	0.687600
3493	0.683900
3494	0.672250
3495	0.696400
3496	0.704750
3497	0.672075
3498	0.699425
3499	0.697100
3500	0.715325
3501	0.702600
3502	0.683000
3503	0.685675
3504	0.731050
3505	0.700475
3506	0.651450
3507	0.676725
3508	0.650075
3509	0.659625
3510	0.707500
3511	0.693825
3512	0.695900
3513	0.673925
3514	0.676950
3515	0.645550
3516	0.670525
3517	0.698050
3518	0.626625
3519	0.682900
3520	0.678800
3521	0.701475
3522	0.674375
3523	0.690700
3524	0.679475
3525	0.679675
3526	0.677375
3527	0.660750
3528	0.673575
3529	0.683650
3530	0.683475
3531	0.629775
3532	0.693825
3533	0.687075
3534	0.679325
3535	0.675625
3536	0.652775
3537	0.674850
3538	0.654375
3539	0.690650
3540	0.653100
3541	0.690075
3542	0.691000
3543	0.674525
3544	0.660350
3545	0.648975
3546	0.657800
3547	0.641000
3548	0.717050
3549	0.697275
3550	0.650900
3551	0.693925
3552	0.720725
3553	0.697850
3554	0.698375
3555	0.613975
3556	0.675900
3557	0.647900
3558	0.661750
3559	0.692400
3560	0.639525
3561	0.663700
3562	0.655700
3563	0.680900
3564	0.641800
3565	0.663700
3566	0.693725
3567	0.683950
3568	0.688600
3569	0.681175
3570	0.676425
3571	0.677150
3572	0.670250
3573	0.661950
3574	0.657400
3575	0.633800
3576	0.675575
3577	0.664650
3578	0.634225
3579	0.642875
3580	0.659625
3581	0.626500
3582	0.672750
3583	0.599575
3584	0.643550
3585	0.626075
3586	0.639475
3587	0.653475
3588	0.655825
3589	0.672975
3590	0.651900
3591	0.655750
3592	0.657525
3593	0.684600
3594	0.671325
3595	0.683875
3596	0.639225
3597	0.664125
3598	0.630750
3599	0.653900
3600	0.659850
3601	0.644000
3602	0.682775
3603	0.637275
3604	0.666450
3605	0.649775
3606	0.653400
3607	0.701150
3608	0.690075
3609	0.708625
3610	0.666050
3611	0.681850
3612	0.688025
3613	0.672525
3614	0.709025
3615	0.652325
3616	0.684225
3617	0.711450
3618	0.681050
3619	0.696950
3620	0.719350
3621	0.689050
3622	0.647475
3623	0.638175
3624	0.716450
3625	0.705200
3626	0.718975
3627	0.705250
3628	0.693525
3629	0.666100
3630	0.705825
3631	0.747975
3632	0.705650
3633	0.703350
3634	0.660800
3635	0.693475
3636	0.688700
3637	0.671925
3638	0.708900
3639	0.712325
3640	0.673425
3641	0.728250
3642	0.696575
3643	0.691525
3644	0.674300
3645	0.718175
3646	0.703975
3647	0.663525
3648	0.711825
3649	0.716825
3650	0.676650
3651	0.698925
3652	0.645775
3653	0.691450
3654	0.709925
3655	0.710575
3656	0.697475
3657	0.714100
3658	0.688700
3659	0.644950
3660	0.706900
3661	0.703125
3662	0.675700
3663	0.667075
3664	0.654000
3665	0.686225
3666	0.677725
3667	0.657525
3668	0.705025
3669	0.696050
3670	0.661875
3671	0.662075
3672	0.668900
3673	0.683750
3674	0.704075
3675	0.717650
3676	0.690500
3677	0.660725
3678	0.647375
3679	0.677075
3680	0.683175
3681	0.689425
3682	0.648675
3683	0.651900
3684	0.728100
3685	0.663950
3686	0.677500
3687	0.671950
3688	0.688600
3689	0.671800
3690	0.692175
3691	0.659600
3692	0.688675
3693	0.673125
3694	0.649575
3695	0.681050
3696	0.660275
3697	0.675700
3698	0.698925
3699	0.672825
3700	0.681525
3701	0.689225
3702	0.671900
3703	0.714475
3704	0.649625
3705	0.654775
3706	0.705800
3707	0.665075
3708	0.710625
3709	0.675600
3710	0.712100
3711	0.679625
3712	0.686675
3713	0.685700
3714	0.708300
3715	0.715225
3716	0.679100
3717	0.687825
3718	0.655825
3719	0.705350
3720	0.690800
3721	0.675075
3722	0.680325
3723	0.683425
3724	0.694625
3725	0.650025
3726	0.685825
3727	0.698750
3728	0.674375
3729	0.640300
3730	0.651075
3731	0.669075
3732	0.674600
3733	0.677325
3734	0.682350
3735	0.699350
3736	0.695450
3737	0.700775
3738	0.703550
3739	0.691975
3740	0.684650
3741	0.669825
3742	0.703725
3743	0.705700
3744	0.665000
3745	0.697500
3746	0.636300
3747	0.679725
3748	0.649875
3749	0.657125
3750	0.660375
3751	0.688950
3752	0.680575
3753	0.685025
3754	0.677825
3755	0.704875
3756	0.700075
3757	0.678775
3758	0.686625
3759	0.665025
3760	0.685750
3761	0.698725
3762	0.673425
3763	0.653375
3764	0.660425
3765	0.657325
3766	0.675225
3767	0.695275
3768	0.686075
3769	0.641050
3770	0.708275
3771	0.665000
3772	0.700850
3773	0.674650
3774	0.692400
3775	0.679525
3776	0.669300
3777	0.656625
3778	0.651825
3779	0.628350
3780	0.680925
3781	0.642825
3782	0.699975
3783	0.643100
3784	0.604225
3785	0.577000
3786	0.658875
3787	0.663700
3788	0.695825
3789	0.655150
3790	0.713000
3791	0.680275
3792	0.670825
3793	0.621100
3794	0.594925
3795	0.619050
3796	0.676475
3797	0.664975
3798	0.679475
3799	0.649900
3800	0.678700
3801	0.666525
3802	0.625625
3803	0.676525
3804	0.687525
3805	0.644700
3806	0.623100
3807	0.663025
3808	0.680850
3809	0.658700
3810	0.632425
3811	0.651275
3812	0.669475
3813	0.677450
3814	0.674450
3815	0.691875
3816	0.673075
3817	0.688575
3818	0.697275
3819	0.666250
3820	0.684575
3821	0.647825
3822	0.683475
3823	0.615500
3824	0.665225
3825	0.668425
3826	0.648175
3827	0.668025
3828	0.671450
3829	0.649300
3830	0.659225
3831	0.679725
3832	0.679800
3833	0.651375
3834	0.687425
3835	0.634550
3836	0.666925
3837	0.673375
3838	0.627350
3839	0.633375
3840	0.657500
3841	0.640325
3842	0.622250
3843	0.601475
3844	0.628325
3845	0.666725
3846	0.670600
3847	0.690950
3848	0.633775
3849	0.625000
3850	0.648250
3851	0.608450
3852	0.670000
3853	0.652675
3854	0.631400
3855	0.570825
3856	0.648875
3857	0.658300
3858	0.604850
3859	0.594775
3860	0.681400
3861	0.630700
3862	0.663400
3863	0.628250
3864	0.646850
3865	0.649525
3866	0.654350
3867	0.596950
3868	0.677000
3869	0.673125
3870	0.676875
3871	0.582575
3872	0.648300
3873	0.663875
3874	0.658325
3875	0.653800
3876	0.664775
3877	0.648625
3878	0.653050
3879	0.627025
3880	0.665475
3881	0.652325
3882	0.661275
3883	0.638325
3884	0.670075
3885	0.636625
3886	0.693275
3887	0.666525
3888	0.655125
3889	0.666900
3890	0.642950
3891	0.659325
3892	0.626475
3893	0.640425
3894	0.650975
3895	0.625350
3896	0.612900
3897	0.599725
3898	0.627575
3899	0.650000
3900	0.662025
3901	0.673175
3902	0.670550
3903	0.616875
3904	0.667225
3905	0.649650
3906	0.588150
3907	0.606800
3908	0.674950
3909	0.656900
3910	0.643900
3911	0.639150
3912	0.655325
3913	0.659225
3914	0.643025
3915	0.661725
3916	0.648350
3917	0.612075
3918	0.664600
3919	0.626125
3920	0.600850
3921	0.602725
3922	0.595725
3923	0.634475
3924	0.631625
3925	0.597025
3926	0.655625
3927	0.624275
3928	0.619175
3929	0.667250
3930	0.642175
3931	0.645150
3932	0.693575
3933	0.656450
3934	0.670475
3935	0.658200
3936	0.615450
3937	0.613200
3938	0.620900
3939	0.665675
3940	0.661750
3941	0.637600
3942	0.642000
3943	0.605675
3944	0.666725
3945	0.649625
3946	0.638350
3947	0.629050
3948	0.667175
3949	0.664100
3950	0.649025
3951	0.638350
3952	0.673100
3953	0.627025
3954	0.638825
3955	0.625400
3956	0.612700
3957	0.669925
3958	0.650475
3959	0.615425
3960	0.654125
3961	0.642225
3962	0.618775
3963	0.602675
3964	0.647875
3965	0.637125
3966	0.653250
3967	0.641200
3968	0.629200
3969	0.640275
3970	0.653225
3971	0.628875
3972	0.576725
3973	0.607125
3974	0.601900
3975	0.643775
3976	0.634150
3977	0.626725
3978	0.607900
3979	0.626950
3980	0.631850
3981	0.635375
3982	0.637025
3983	0.590125
3984	0.635800
3985	0.606125
3986	0.611200
3987	0.600000
3988	0.601825
3989	0.633125
3990	0.619175
3991	0.597150
3992	0.555750
3993	0.602700
3994	0.627075
3995	0.654375
3996	0.605850
3997	0.623425
3998	0.655525
3999	0.643375
4000	0.688975
4001	0.658025
4002	0.660075
4003	0.633100
4004	0.616875
4005	0.633350
4006	0.642900
4007	0.659775
4008	0.636150
4009	0.629800
4010	0.592050
4011	0.623325
4012	0.634750
4013	0.603200
4014	0.636950
4015	0.620500
4016	0.647450
4017	0.641175
4018	0.661175
4019	0.640700
4020	0.600750
4021	0.627350
4022	0.668475
4023	0.646825
4024	0.643850
4025	0.657625
4026	0.641675
4027	0.639275
4028	0.643350
4029	0.655375
4030	0.639450
4031	0.661650
4032	0.666075
4033	0.674900
4034	0.624975
4035	0.654175
4036	0.642450
4037	0.585200
4038	0.634225
4039	0.645125
4040	0.650125
4041	0.632450
4042	0.666575
4043	0.637625
4044	0.604000
4045	0.652875
4046	0.692100
4047	0.637875
4048	0.643575
4049	0.624350
4050	0.675975
4051	0.635050
4052	0.631500
4053	0.676400
4054	0.652200
4055	0.659125
4056	0.666950
4057	0.670725
4058	0.642575
4059	0.693750
4060	0.651925
4061	0.639575
4062	0.680225
4063	0.654025
4064	0.674225
4065	0.688450
4066	0.627950
4067	0.635625
4068	0.640125
4069	0.648425
4070	0.641900
4071	0.643975
4072	0.670925
4073	0.664025
4074	0.663750
4075	0.624075
4076	0.652100
4077	0.636625
4078	0.645975
4079	0.685250
4080	0.634175
4081	0.644500
4082	0.650125
4083	0.635525
4084	0.680500
4085	0.683200
4086	0.652775
4087	0.636775
4088	0.662650
4089	0.642725
4090	0.678725
4091	0.650475
4092	0.637675
4093	0.692025
4094	0.649125
4095	0.636625
4096	0.679450
4097	0.662375
4098	0.625350
4099	0.632175
4100	0.650700
4101	0.662225
4102	0.659600
4103	0.642650
4104	0.637825
4105	0.657625
4106	0.664375
4107	0.655425
4108	0.644075
4109	0.680650
4110	0.676975
4111	0.661350
4112	0.612375
4113	0.680525
4114	0.689350
4115	0.680425
4116	0.685500
4117	0.685325
4118	0.664100
4119	0.693025
4120	0.625625
4121	0.677100
4122	0.699950
4123	0.694150
4124	0.710700
4125	0.697575
4126	0.686825
4127	0.701250
4128	0.672175
4129	0.674625
4130	0.681700
4131	0.678900
4132	0.643275
4133	0.711025
4134	0.673250
4135	0.684550
4136	0.706975
4137	0.721475
4138	0.693150
4139	0.684100
4140	0.685375
4141	0.700675
4142	0.677300
4143	0.676475
4144	0.691400
4145	0.700450
4146	0.669850
4147	0.678900
4148	0.665175
4149	0.707850
4150	0.658575
4151	0.675050
4152	0.689750
4153	0.678275
4154	0.662625
4155	0.682700
4156	0.685075
4157	0.644425
4158	0.680125
4159	0.665150
4160	0.687525
4161	0.711925
4162	0.683400
4163	0.679450
4164	0.705775
4165	0.677500
4166	0.668100
4167	0.692925
4168	0.681750
4169	0.668200
4170	0.733800
4171	0.678750
4172	0.688725
4173	0.670600
4174	0.640000
4175	0.670700
4176	0.675725
4177	0.657400
4178	0.676675
4179	0.702275
4180	0.677975
4181	0.706575
4182	0.677375
4183	0.690000
4184	0.687525
4185	0.684425
4186	0.726850
4187	0.715950
4188	0.700300
4189	0.697200
4190	0.664025
4191	0.712475
4192	0.674000
4193	0.659075
4194	0.647600
4195	0.686725
4196	0.691650
4197	0.664325
4198	0.641275
4199	0.655825
4200	0.707825
4201	0.668400
4202	0.686650
4203	0.683850
4204	0.657050
4205	0.714000
4206	0.644250
4207	0.689825
4208	0.692125
4209	0.693950
4210	0.686750
4211	0.721625
4212	0.690150
4213	0.699475
4214	0.712075
4215	0.675950
4216	0.720925
4217	0.676825
4218	0.706050
4219	0.691850
4220	0.671275
4221	0.711825
4222	0.692300
4223	0.690800
4224	0.707950
4225	0.675000
4226	0.710075
4227	0.664450
4228	0.667375
4229	0.666575
4230	0.660425
4231	0.677075
4232	0.688925
4233	0.671975
4234	0.678450
4235	0.658550
4236	0.695450
4237	0.687175
4238	0.688950
4239	0.684575
4240	0.672450
4241	0.696500
4242	0.692700
4243	0.659475
4244	0.694175
4245	0.693650
4246	0.685725
4247	0.676575
4248	0.657350
4249	0.650175
4250	0.689875
4251	0.690950
4252	0.700800
4253	0.670125
4254	0.663275
4255	0.650625
4256	0.691950
4257	0.689575
4258	0.712125
4259	0.715925
4260	0.664950
4261	0.656300
4262	0.682625
4263	0.718725
4264	0.688100
4265	0.683425
4266	0.688175
4267	0.737000
4268	0.695775
4269	0.659775
4270	0.694050
4271	0.714300
4272	0.683000
4273	0.675650
4274	0.705650
4275	0.632225
4276	0.671475
4277	0.691225
4278	0.659850
4279	0.673825
4280	0.720775
4281	0.684075
4282	0.685450
4283	0.706425
4284	0.675300
4285	0.677700
4286	0.693425
4287	0.679725
4288	0.677875
4289	0.711950
4290	0.691475
4291	0.693250
4292	0.698050
4293	0.706550
4294	0.712525
4295	0.704000
4296	0.638300
4297	0.648475
4298	0.706475
4299	0.684000
4300	0.685850
4301	0.690000
4302	0.659900
4303	0.676725
4304	0.683300
4305	0.675175
4306	0.659700
4307	0.715525
4308	0.657275
4309	0.649525
4310	0.702225
4311	0.633775
4312	0.682225
4313	0.684525
4314	0.684500
4315	0.709450
4316	0.666725
4317	0.688975
4318	0.662250
4319	0.647450
4320	0.669575
4321	0.653675
4322	0.673500
4323	0.680125
4324	0.655825
4325	0.681175
4326	0.617200
4327	0.675725
4328	0.650325
4329	0.708950
4330	0.666275
4331	0.708475
4332	0.705175
4333	0.668325
4334	0.691050
4335	0.670400
4336	0.643950
4337	0.702850
4338	0.689650
4339	0.681675
4340	0.683900
4341	0.700950
4342	0.691750
4343	0.705450
4344	0.706900
4345	0.634175
4346	0.725200
4347	0.700400
4348	0.692925
4349	0.710950
4350	0.646950
4351	0.677825
4352	0.713575
4353	0.689675
4354	0.700400
4355	0.667100
4356	0.641275
4357	0.641725
4358	0.701950
4359	0.694300
4360	0.709025
4361	0.690125
4362	0.657625
4363	0.681775
4364	0.680725
4365	0.660600
4366	0.689925
4367	0.721450
4368	0.659650
4369	0.702175
4370	0.730375
4371	0.688325
4372	0.646150
4373	0.652125
4374	0.662850
4375	0.711275
4376	0.757575
4377	0.689725
4378	0.716550
4379	0.716850
4380	0.674425
4381	0.696200
4382	0.710450
4383	0.715750
4384	0.673000
4385	0.708975
4386	0.671675
4387	0.650225
4388	0.722925
4389	0.695500
4390	0.628825
4391	0.647625
4392	0.682025
4393	0.663350
4394	0.642325
4395	0.681900
4396	0.676625
4397	0.712900
4398	0.712125
4399	0.684500
4400	0.660850
4401	0.674975
4402	0.708775
4403	0.704300
4404	0.680725
4405	0.687875
4406	0.673800
4407	0.697650
4408	0.663400
4409	0.687300
4410	0.722700
4411	0.670375
4412	0.718525
4413	0.641000
4414	0.645975
4415	0.692125
4416	0.689675
4417	0.640750
4418	0.652975
4419	0.658350
4420	0.697600
4421	0.677675
4422	0.651375
4423	0.706900
4424	0.705750
4425	0.709000
4426	0.657800
4427	0.689850
4428	0.651725
4429	0.683100
4430	0.708400
4431	0.658750
4432	0.673675
4433	0.710600
4434	0.663450
4435	0.673575
4436	0.703000
4437	0.634575
4438	0.639550
4439	0.688325
4440	0.649350
4441	0.658125
4442	0.707000
4443	0.620025
4444	0.672175
4445	0.671175
4446	0.616150
4447	0.655475
4448	0.669100
4449	0.696925
4450	0.650500
4451	0.679900
4452	0.672650
4453	0.681950
4454	0.637625
4455	0.684225
4456	0.691475
4457	0.715800
4458	0.667400
4459	0.693500
4460	0.695975
4461	0.693950
4462	0.701975
4463	0.672475
4464	0.662025
4465	0.660850
4466	0.704725
4467	0.679450
4468	0.651575
4469	0.724175
4470	0.675525
4471	0.610150
4472	0.677300
4473	0.663600
4474	0.670250
4475	0.698200
4476	0.663450
4477	0.709275
4478	0.708500
4479	0.710100
4480	0.686050
4481	0.680075
4482	0.645425
4483	0.694100
4484	0.712225
4485	0.650900
4486	0.702350
4487	0.686350
4488	0.662550
4489	0.669775
4490	0.679275
4491	0.657575
4492	0.666700
4493	0.715250
4494	0.701950
4495	0.646675
4496	0.681225
4497	0.672850
4498	0.627875
4499	0.669225
4500	0.683350
4501	0.692500
4502	0.691725
4503	0.691500
4504	0.662450
4505	0.692000
4506	0.682650
4507	0.701075
4508	0.716450
4509	0.684025
4510	0.692125
4511	0.663350
4512	0.653975
4513	0.634925
4514	0.671400
4515	0.629850
4516	0.679175
4517	0.702050
4518	0.706650
4519	0.685250
4520	0.672850
4521	0.640950
4522	0.658050
4523	0.677875
4524	0.682575
4525	0.678425
4526	0.642025
4527	0.643375
4528	0.649775
4529	0.697050
4530	0.674825
4531	0.672725
4532	0.672625
4533	0.688400
4534	0.632250
4535	0.610700
4536	0.648300
4537	0.673025
4538	0.651750
4539	0.676500
4540	0.663050
4541	0.647025
4542	0.623175
4543	0.646025
4544	0.679650
4545	0.663925
4546	0.675850
4547	0.673200
4548	0.683675
4549	0.681250
4550	0.679775
4551	0.666275
4552	0.650350
4553	0.648025
4554	0.646725
4555	0.695100
4556	0.659550
4557	0.700825
4558	0.645075
4559	0.661325
4560	0.669025
4561	0.658075
4562	0.676075
4563	0.673325
4564	0.670150
4565	0.630025
4566	0.679025
4567	0.630750
4568	0.636400
4569	0.668050
4570	0.640875
4571	0.656900
4572	0.657500
4573	0.622025
4574	0.654600
4575	0.645650
4576	0.667050
4577	0.655275
4578	0.671300
4579	0.649925
4580	0.647475
4581	0.644100
4582	0.663025
4583	0.666275
4584	0.636775
4585	0.656525
4586	0.663375
4587	0.671550
4588	0.687675
4589	0.654250
4590	0.657825
4591	0.634275
4592	0.649475
4593	0.612850
4594	0.625025
4595	0.657850
4596	0.669900
4597	0.670250
4598	0.708725
4599	0.686675
4600	0.687875
4601	0.682025
4602	0.676500
4603	0.684975
4604	0.658875
4605	0.703800
4606	0.678100
4607	0.667375
4608	0.668600
4609	0.704150
4610	0.678925
4611	0.698200
4612	0.679450
4613	0.699125
4614	0.715450
4615	0.668075
4616	0.717775
4617	0.688625
4618	0.679125
4619	0.722825
4620	0.636000
4621	0.707275
4622	0.693225
4623	0.676950
4624	0.712150
4625	0.668525
4626	0.657025
4627	0.715700
4628	0.671825
4629	0.636050
4630	0.662775
4631	0.700075
4632	0.646075
4633	0.676750
4634	0.680075
4635	0.709700
4636	0.677200
4637	0.678200
4638	0.693375
4639	0.701325
4640	0.711700
4641	0.677600
4642	0.714775
4643	0.675500
4644	0.669025
4645	0.666350
4646	0.663350
4647	0.711175
4648	0.676025
4649	0.643725
4650	0.691075
4651	0.714450
4652	0.720825
4653	0.717075
4654	0.655025
4655	0.717725
4656	0.732800
4657	0.639075
4658	0.732825
4659	0.689175
4660	0.687375
4661	0.681825
4662	0.678850
4663	0.664900
4664	0.724750
4665	0.691625
4666	0.649225
4667	0.680025
4668	0.693525
4669	0.671475
4670	0.692475
4671	0.649550
4672	0.687375
4673	0.701625
4674	0.683600
4675	0.647175
4676	0.685350
4677	0.682950
4678	0.694650
4679	0.659725
4680	0.718900
4681	0.707425
4682	0.692850
4683	0.696725
4684	0.719425
4685	0.714350
4686	0.685600
4687	0.673625
4688	0.689750
4689	0.674900
4690	0.669550
4691	0.676950
4692	0.666500
4693	0.685175
4694	0.685600
4695	0.673225
4696	0.699650
4697	0.760125
4698	0.704925
4699	0.704450
4700	0.679850
4701	0.677375
4702	0.664725
4703	0.674850
4704	0.699325
4705	0.707975
4706	0.701725
4707	0.705325
4708	0.679150
4709	0.696700
4710	0.675250
4711	0.703425
4712	0.719125
4713	0.680250
4714	0.677600
4715	0.725075
4716	0.694450
4717	0.683700
4718	0.655525
4719	0.710025
4720	0.694550
4721	0.705500
4722	0.691825
4723	0.715125
4724	0.698850
4725	0.650025
4726	0.683300
4727	0.667650
4728	0.681875
4729	0.697375
4730	0.723525
4731	0.700500
4732	0.701850
4733	0.698825
4734	0.727475
4735	0.692500
4736	0.721125
4737	0.681625
4738	0.663650
4739	0.699675
4740	0.701775
4741	0.700100
4742	0.671700
4743	0.693500
4744	0.684450
4745	0.707450
4746	0.682400
4747	0.680400
4748	0.726650
4749	0.648075
4750	0.665125
4751	0.667050
4752	0.680450
4753	0.706950
4754	0.712875
4755	0.705900
4756	0.690200
4757	0.695225
4758	0.682725
4759	0.685700
4760	0.684800
4761	0.720275
4762	0.660625
4763	0.685025
4764	0.709325
4765	0.686075
4766	0.664750
4767	0.663200
4768	0.691200
4769	0.669025
4770	0.709250
4771	0.691400
4772	0.698625
4773	0.702100
4774	0.659900
4775	0.703550
4776	0.673875
4777	0.719500
4778	0.678650
4779	0.708775
4780	0.666375
4781	0.676950
4782	0.662625
4783	0.729550
4784	0.701600
4785	0.681900
4786	0.690500
4787	0.675250
4788	0.669425
4789	0.689875
4790	0.683275
4791	0.704275
4792	0.731200
4793	0.692125
4794	0.705725
4795	0.699550
4796	0.700200
4797	0.718500
4798	0.643675
4799	0.695825
4800	0.667750
4801	0.684550
4802	0.693350
4803	0.698950
4804	0.687900
4805	0.691700
4806	0.720975
4807	0.710350
4808	0.703975
4809	0.686450
4810	0.706225
4811	0.706775
4812	0.707575
4813	0.691200
4814	0.651550
4815	0.700225
4816	0.691575
4817	0.683700
4818	0.666600
4819	0.705675
4820	0.727325
4821	0.687925
4822	0.704475
4823	0.694900
4824	0.699550
4825	0.702025
4826	0.711175
4827	0.679750
4828	0.671325
4829	0.717175
4830	0.678900
4831	0.669500
4832	0.693950
4833	0.715800
4834	0.713225
4835	0.697400
4836	0.703875
4837	0.707400
4838	0.681300
4839	0.725700
4840	0.730425
4841	0.700300
4842	0.648875
4843	0.710600
4844	0.687125
4845	0.686300
4846	0.672400
4847	0.703300
4848	0.697450
4849	0.689400
4850	0.703200
4851	0.684100
4852	0.667125
4853	0.711775
4854	0.670725
4855	0.685400
4856	0.684875
4857	0.672175
4858	0.710425
4859	0.664675
4860	0.670825
4861	0.700275
4862	0.664925
4863	0.658600
4864	0.691150
4865	0.681900
4866	0.656775
4867	0.700700
4868	0.709450
4869	0.689300
4870	0.661950
4871	0.718825
4872	0.689625
4873	0.685550
4874	0.681750
4875	0.702725
4876	0.700850
4877	0.704350
4878	0.675525
4879	0.698000
4880	0.651475
4881	0.675400
4882	0.707975
4883	0.733650
4884	0.641700
4885	0.675475
4886	0.650750
4887	0.631325
4888	0.684475
4889	0.725250
4890	0.715575
4891	0.710150
4892	0.685925
4893	0.683600
4894	0.649550
4895	0.707050
4896	0.684850
4897	0.693075
4898	0.691975
4899	0.701000
4900	0.642325
4901	0.653050
4902	0.649150
4903	0.652200
4904	0.677325
4905	0.663150
4906	0.702500
4907	0.704275
4908	0.700550
4909	0.689325
4910	0.675350
4911	0.696225
4912	0.653500
4913	0.705925
4914	0.680300
4915	0.704150
4916	0.676400
4917	0.704700
4918	0.693225
4919	0.667000
4920	0.696950
4921	0.694725
4922	0.668850
4923	0.719300
4924	0.705525
4925	0.694325
4926	0.643325
4927	0.699050
4928	0.664000
4929	0.672600
4930	0.687525
4931	0.729350
4932	0.686750
4933	0.725275
4934	0.639075
4935	0.658950
4936	0.672175
4937	0.726475
4938	0.700575
4939	0.722250
4940	0.672725
4941	0.656250
4942	0.684725
4943	0.668025
4944	0.662625
4945	0.710425
4946	0.706875
4947	0.692275
4948	0.675200
4949	0.670600
4950	0.637900
4951	0.667475
4952	0.694400
4953	0.697300
4954	0.639975
4955	0.731600
4956	0.672700
4957	0.683125
4958	0.634025
4959	0.704175
4960	0.714200
4961	0.669325
4962	0.697175
4963	0.708675
4964	0.669625
4965	0.713000
4966	0.706675
4967	0.694000
4968	0.638800
4969	0.722625
4970	0.657025
4971	0.653150
4972	0.687975
4973	0.697625
4974	0.675175
4975	0.696150
4976	0.679550
4977	0.670000
4978	0.686550
4979	0.711100
4980	0.694550
4981	0.704800
4982	0.652025
4983	0.675475
4984	0.663625
4985	0.643750
4986	0.677225
4987	0.685050
4988	0.695425
4989	0.701150
4990	0.643150
4991	0.704475
4992	0.680175
4993	0.701275
4994	0.710600
4995	0.694925
4996	0.682950
4997	0.682200
4998	0.623025
4999	0.649850
5000	0.655450
