1	0.061275
2	0.109900
3	0.139100
4	0.142150
5	0.178925
6	0.222750
7	0.235350
8	0.287200
9	0.289475
10	0.298775
11	0.302375
12	0.302775
13	0.303350
14	0.303650
15	0.304525
16	0.304525
17	0.304525
18	0.306825
19	0.309750
20	0.311250
21	0.311250
22	0.311250
23	0.311775
24	0.313350
25	0.314450
26	0.319425
27	0.319625
28	0.319625
29	0.319650
30	0.319650
31	0.320975
32	0.320975
33	0.320975
34	0.320975
35	0.320975
36	0.320975
37	0.320975
38	0.320975
39	0.320975
40	0.321275
41	0.321325
42	0.321325
43	0.321325
44	0.321725
45	0.321725
46	0.321725
47	0.321900
48	0.321900
49	0.321900
50	0.321900
51	0.323575
52	0.323600
53	0.324550
54	0.325600
55	0.325675
56	0.325675
57	0.326900
58	0.326900
59	0.327300
60	0.327325
61	0.327325
62	0.327350
63	0.327350
64	0.327350
65	0.327350
66	0.327350
67	0.327350
68	0.327350
69	0.327350
70	0.327350
71	0.327350
72	0.327350
73	0.327350
74	0.327350
75	0.327350
76	0.327350
77	0.327350
78	0.327350
79	0.327350
80	0.327350
81	0.327425
82	0.327425
83	0.327575
84	0.327800
85	0.328575
86	0.328575
87	0.328575
88	0.328575
89	0.328575
90	0.328575
91	0.328575
92	0.328575
93	0.328575
94	0.328575
95	0.328575
96	0.328575
97	0.328575
98	0.328575
99	0.328575
100	0.328575
101	0.327475
102	0.329550
103	0.332650
104	0.332850
105	0.332400
106	0.336175
107	0.334125
108	0.336775
109	0.334275
110	0.328150
111	0.327225
112	0.327000
113	0.330950
114	0.333300
115	0.332800
116	0.328275
117	0.345050
118	0.340125
119	0.337625
120	0.340175
121	0.336975
122	0.339775
123	0.339925
124	0.344650
125	0.341375
126	0.334625
127	0.342400
128	0.341275
129	0.337725
130	0.339775
131	0.344900
132	0.345675
133	0.347775
134	0.349825
135	0.349150
136	0.355625
137	0.355575
138	0.359475
139	0.357700
140	0.356875
141	0.358125
142	0.362525
143	0.361450
144	0.365000
145	0.364400
146	0.361500
147	0.364100
148	0.368475
149	0.361675
150	0.359550
151	0.361750
152	0.363075
153	0.366275
154	0.368550
155	0.367575
156	0.373600
157	0.376400
158	0.373475
159	0.367225
160	0.370375
161	0.370400
162	0.369700
163	0.372700
164	0.369275
165	0.369725
166	0.377225
167	0.376000
168	0.375150
169	0.375325
170	0.375275
171	0.380575
172	0.384075
173	0.384900
174	0.394900
175	0.398000
176	0.405225
177	0.404000
178	0.401975
179	0.401150
180	0.386450
181	0.382425
182	0.392900
183	0.394775
184	0.394500
185	0.395875
186	0.399325
187	0.393975
188	0.401300
189	0.404725
190	0.421650
191	0.422775
192	0.420350
193	0.414475
194	0.412700
195	0.410650
196	0.400600
197	0.376425
198	0.374575
199	0.371900
200	0.369925
201	0.348625
202	0.347575
203	0.347275
204	0.333375
205	0.338400
206	0.343175
207	0.349600
208	0.346325
209	0.343150
210	0.337250
211	0.338675
212	0.329925
213	0.322850
214	0.313900
215	0.316025
216	0.317175
217	0.318725
218	0.319150
219	0.320100
220	0.320625
221	0.322750
222	0.322300
223	0.324150
224	0.323350
225	0.321850
226	0.322250
227	0.323675
228	0.323425
229	0.322250
230	0.319350
231	0.318900
232	0.319050
233	0.317400
234	0.314525
235	0.314525
236	0.314325
237	0.314325
238	0.315600
239	0.315525
240	0.315525
241	0.315525
242	0.354675
243	0.380700
244	0.402950
245	0.430375
246	0.452675
247	0.453000
248	0.464450
249	0.487850
250	0.488575
251	0.490300
252	0.491300
253	0.491300
254	0.491300
255	0.491300
256	0.491300
257	0.491300
258	0.489150
259	0.477250
260	0.477525
261	0.466475
262	0.464600
263	0.455750
264	0.457375
265	0.447225
266	0.451450
267	0.448900
268	0.455475
269	0.467850
270	0.473275
271	0.485950
272	0.507875
273	0.517525
274	0.525575
275	0.530075
276	0.533600
277	0.539800
278	0.554425
279	0.555650
280	0.558775
281	0.557325
282	0.554425
283	0.563150
284	0.552200
285	0.550525
286	0.550350
287	0.557000
288	0.542400
289	0.542625
290	0.537800
291	0.535925
292	0.542350
293	0.535100
294	0.527200
295	0.473400
296	0.446275
297	0.408225
298	0.407450
299	0.368325
300	0.314200
301	0.328575
302	0.327475
303	0.329550
304	0.332650
305	0.332850
306	0.332400
307	0.336175
308	0.334125
309	0.336775
310	0.334275
311	0.328150
312	0.327225
313	0.327000
314	0.330950
315	0.333300
316	0.332800
317	0.328275
318	0.345050
319	0.340125
320	0.337625
321	0.340175
322	0.336975
323	0.339775
324	0.339925
325	0.344650
326	0.341375
327	0.334625
328	0.342400
329	0.341275
330	0.337725
331	0.339775
332	0.344900
333	0.345675
334	0.347775
335	0.349825
336	0.349150
337	0.355625
338	0.355575
339	0.359475
340	0.357700
341	0.356875
342	0.358125
343	0.362525
344	0.361450
345	0.365000
346	0.364400
347	0.361500
348	0.364100
349	0.368475
350	0.361675
351	0.359550
352	0.361750
353	0.363075
354	0.366275
355	0.368550
356	0.367575
357	0.373600
358	0.376400
359	0.373475
360	0.367225
361	0.370375
362	0.370400
363	0.369700
364	0.372700
365	0.369275
366	0.369725
367	0.377225
368	0.376000
369	0.375150
370	0.375325
371	0.375275
372	0.380575
373	0.384075
374	0.384900
375	0.394900
376	0.398000
377	0.405225
378	0.404000
379	0.401975
380	0.401150
381	0.386450
382	0.382425
383	0.392900
384	0.394775
385	0.394500
386	0.395875
387	0.399325
388	0.393975
389	0.401300
390	0.404725
391	0.421650
392	0.422775
393	0.420350
394	0.414475
395	0.412700
396	0.410650
397	0.400600
398	0.376425
399	0.374575
400	0.371900
401	0.369925
402	0.348625
403	0.347575
404	0.347275
405	0.333375
406	0.338400
407	0.343175
408	0.349600
409	0.346325
410	0.343150
411	0.337250
412	0.338675
413	0.329925
414	0.322850
415	0.313900
416	0.316025
417	0.317175
418	0.318725
419	0.319150
420	0.320100
421	0.320625
422	0.322750
423	0.322300
424	0.324150
425	0.323350
426	0.321850
427	0.322250
428	0.323675
429	0.323425
430	0.322250
431	0.319350
432	0.318900
433	0.319050
434	0.317400
435	0.314525
436	0.314525
437	0.314325
438	0.314325
439	0.315600
440	0.315525
441	0.315525
442	0.315525
443	0.354675
444	0.380700
445	0.402950
446	0.430375
447	0.452675
448	0.453000
449	0.464450
450	0.487850
451	0.488575
452	0.490300
453	0.491300
454	0.491300
455	0.491300
456	0.491300
457	0.491300
458	0.491300
459	0.489150
460	0.477250
461	0.477525
462	0.466475
463	0.464600
464	0.455750
465	0.457375
466	0.447225
467	0.451450
468	0.448900
469	0.455475
470	0.467850
471	0.473275
472	0.485950
473	0.507875
474	0.517525
475	0.525575
476	0.530075
477	0.533600
478	0.539800
479	0.554425
480	0.555650
481	0.558775
482	0.557325
483	0.554425
484	0.563150
485	0.552200
486	0.550525
487	0.550350
488	0.557000
489	0.542400
490	0.542625
491	0.537800
492	0.535925
493	0.542350
494	0.535100
495	0.527200
496	0.473400
497	0.446275
498	0.408225
499	0.407450
500	0.368325
501	0.314200
502	0.328575
503	0.327475
504	0.329550
505	0.332650
506	0.332850
507	0.332400
508	0.336175
509	0.334125
510	0.336775
511	0.334275
512	0.328150
513	0.327225
514	0.327000
515	0.330950
516	0.333300
517	0.332800
518	0.328275
519	0.345050
520	0.340125
521	0.337625
522	0.340175
523	0.336975
524	0.339775
525	0.339925
526	0.344650
527	0.341375
528	0.334625
529	0.342400
530	0.341275
531	0.337725
532	0.339775
533	0.344900
534	0.345675
535	0.347775
536	0.349825
537	0.349150
538	0.355625
539	0.355575
540	0.359475
541	0.357700
542	0.356875
543	0.358125
544	0.362525
545	0.361450
546	0.365000
547	0.364400
548	0.361500
549	0.364100
550	0.368475
551	0.361675
552	0.359550
553	0.361750
554	0.363075
555	0.366275
556	0.368550
557	0.367575
558	0.373600
559	0.376400
560	0.373475
561	0.367225
562	0.370375
563	0.370400
564	0.369700
565	0.372700
566	0.369275
567	0.369725
568	0.377225
569	0.376000
570	0.375150
571	0.375325
572	0.375275
573	0.380575
574	0.384075
575	0.384900
576	0.394900
577	0.398000
578	0.405225
579	0.404000
580	0.401975
581	0.401150
582	0.386450
583	0.382425
584	0.392900
585	0.394775
586	0.394500
587	0.395875
588	0.399325
589	0.393975
590	0.401300
591	0.404725
592	0.421650
593	0.422775
594	0.420350
595	0.414475
596	0.412700
597	0.410650
598	0.400600
599	0.376425
600	0.374575
601	0.371900
602	0.369925
603	0.348625
604	0.347575
605	0.347275
606	0.333375
607	0.338400
608	0.343175
609	0.349600
610	0.346325
611	0.343150
612	0.337250
613	0.338675
614	0.329925
615	0.322850
616	0.313900
617	0.316025
618	0.317175
619	0.318725
620	0.319150
621	0.320100
622	0.320625
623	0.322750
624	0.322300
625	0.324150
626	0.323350
627	0.321850
628	0.322250
629	0.323675
630	0.323425
631	0.322250
632	0.319350
633	0.318900
634	0.319050
635	0.317400
636	0.314525
637	0.314525
638	0.314325
639	0.314325
640	0.315600
641	0.315525
642	0.315525
643	0.315525
644	0.354675
645	0.380700
646	0.402950
647	0.430375
648	0.452675
649	0.453000
650	0.464450
651	0.487850
652	0.488575
653	0.490300
654	0.491300
655	0.491300
656	0.491300
657	0.491300
658	0.491300
659	0.491300
660	0.489150
661	0.477250
662	0.477525
663	0.466475
664	0.464600
665	0.455750
666	0.457375
667	0.447225
668	0.451450
669	0.448900
670	0.455475
671	0.467850
672	0.473275
673	0.485950
674	0.507875
675	0.517525
676	0.525575
677	0.530075
678	0.533600
679	0.539800
680	0.554425
681	0.555650
682	0.558775
683	0.557325
684	0.554425
685	0.563150
686	0.552200
687	0.550525
688	0.550350
689	0.557000
690	0.542400
691	0.542625
692	0.537800
693	0.535925
694	0.542350
695	0.535100
696	0.527200
697	0.473400
698	0.446275
699	0.408225
700	0.407450
701	0.368325
702	0.314200
703	0.328575
704	0.327475
705	0.329550
706	0.332650
707	0.332850
708	0.332400
709	0.336175
710	0.334125
711	0.336775
712	0.334275
713	0.328150
714	0.327225
715	0.327000
716	0.330950
717	0.333300
718	0.332800
719	0.328275
720	0.345050
721	0.340125
722	0.337625
723	0.340175
724	0.336975
725	0.339775
726	0.339925
727	0.344650
728	0.341375
729	0.334625
730	0.342400
731	0.341275
732	0.337725
733	0.339775
734	0.344900
735	0.345675
736	0.347775
737	0.349825
738	0.349150
739	0.355625
740	0.355575
741	0.359475
742	0.357700
743	0.356875
744	0.358125
745	0.362525
746	0.361450
747	0.365000
748	0.364400
749	0.361500
750	0.364100
751	0.368475
752	0.361675
753	0.359550
754	0.361750
755	0.363075
756	0.366275
757	0.368550
758	0.367575
759	0.373600
760	0.376400
761	0.373475
762	0.367225
763	0.370375
764	0.370400
765	0.369700
766	0.372700
767	0.369275
768	0.369725
769	0.377225
770	0.376000
771	0.375150
772	0.375325
773	0.375275
774	0.380575
775	0.384075
776	0.384900
777	0.394900
778	0.398000
779	0.405225
780	0.404000
781	0.401975
782	0.401150
783	0.386450
784	0.382425
785	0.392900
786	0.394775
787	0.394500
788	0.395875
789	0.399325
790	0.393975
791	0.401300
792	0.404725
793	0.421650
794	0.422775
795	0.420350
796	0.414475
797	0.412700
798	0.410650
799	0.400600
800	0.376425
801	0.374575
802	0.371900
803	0.369925
804	0.348625
805	0.347575
806	0.347275
807	0.333375
808	0.338400
809	0.343175
810	0.349600
811	0.346325
812	0.343150
813	0.337250
814	0.338675
815	0.329925
816	0.322850
817	0.313900
818	0.316025
819	0.317175
820	0.318725
821	0.319150
822	0.320100
823	0.320625
824	0.322750
825	0.322300
826	0.324150
827	0.323350
828	0.321850
829	0.322250
830	0.323675
831	0.323425
832	0.322250
833	0.319350
834	0.318900
835	0.319050
836	0.317400
837	0.314525
838	0.314525
839	0.314325
840	0.314325
841	0.315600
842	0.315525
843	0.315525
844	0.315525
845	0.354675
846	0.380700
847	0.402950
848	0.430375
849	0.452675
850	0.453000
851	0.464450
852	0.487850
853	0.488575
854	0.490300
855	0.491300
856	0.491300
857	0.491300
858	0.491300
859	0.491300
860	0.491300
861	0.489150
862	0.477250
863	0.477525
864	0.466475
865	0.464600
866	0.455750
867	0.457375
868	0.447225
869	0.451450
870	0.448900
871	0.455475
872	0.467850
873	0.473275
874	0.485950
875	0.507875
876	0.517525
877	0.525575
878	0.530075
879	0.533600
880	0.539800
881	0.554425
882	0.555650
883	0.558775
884	0.557325
885	0.554425
886	0.563150
887	0.552200
888	0.550525
889	0.550350
890	0.557000
891	0.542400
892	0.542625
893	0.537800
894	0.535925
895	0.542350
896	0.535100
897	0.527200
898	0.473400
899	0.446275
900	0.408225
901	0.407450
902	0.368325
903	0.314200
904	0.328575
905	0.327475
906	0.329550
907	0.332650
908	0.332850
909	0.332400
910	0.336175
911	0.334125
912	0.336775
913	0.334275
914	0.328150
915	0.327225
916	0.327000
917	0.330950
918	0.333300
919	0.332800
920	0.328275
921	0.345050
922	0.340125
923	0.337625
924	0.340175
925	0.336975
926	0.339775
927	0.339925
928	0.344650
929	0.341375
930	0.334625
931	0.342400
932	0.341275
933	0.337725
934	0.339775
935	0.344900
936	0.345675
937	0.347775
938	0.349825
939	0.349150
940	0.355625
941	0.355575
942	0.359475
943	0.357700
944	0.356875
945	0.358125
946	0.362525
947	0.361450
948	0.365000
949	0.364400
950	0.361500
951	0.364100
952	0.368475
953	0.361675
954	0.359550
955	0.361750
956	0.363075
957	0.366275
958	0.368550
959	0.367575
960	0.373600
961	0.376400
962	0.373475
963	0.367225
964	0.370375
965	0.370400
966	0.369700
967	0.372700
968	0.369275
969	0.369725
970	0.377225
971	0.376000
972	0.375150
973	0.375325
974	0.375275
975	0.380575
976	0.384075
977	0.384900
978	0.394900
979	0.398000
980	0.405225
981	0.404000
982	0.401975
983	0.401150
984	0.386450
985	0.382425
986	0.392900
987	0.394775
988	0.394500
989	0.395875
990	0.399325
991	0.393975
992	0.401300
993	0.404725
994	0.421650
995	0.422775
996	0.420350
997	0.414475
998	0.412700
999	0.410650
1000	0.400600
