1	0.001580
2	0.004156
3	0.007756
4	0.008112
5	0.010272
6	0.011804
7	0.012660
8	0.014612
9	0.015780
10	0.016916
11	0.018032
12	0.020180
13	0.021916
14	0.022784
15	0.026372
16	0.027620
17	0.029156
18	0.029972
19	0.033956
20	0.041936
21	0.043012
22	0.047360
23	0.051288
24	0.049404
25	0.050660
26	0.056928
27	0.061152
28	0.064756
29	0.065132
30	0.068932
31	0.067920
32	0.067896
33	0.077752
34	0.079768
35	0.083684
36	0.090112
37	0.092036
38	0.087668
39	0.092508
40	0.093624
41	0.094204
42	0.097516
43	0.106184
44	0.104952
45	0.111380
46	0.108180
47	0.111528
48	0.111432
49	0.117808
50	0.117752
51	0.125716
52	0.127728
53	0.135004
54	0.132024
55	0.132812
56	0.135268
57	0.138740
58	0.146340
59	0.151300
60	0.153048
61	0.155688
62	0.166968
63	0.163708
64	0.165256
65	0.172760
66	0.173968
67	0.182936
68	0.185436
69	0.190652
70	0.194276
71	0.192452
72	0.193004
73	0.197772
74	0.203220
75	0.197804
76	0.199500
77	0.204812
78	0.209388
79	0.211956
80	0.210736
81	0.208672
82	0.213692
83	0.214720
84	0.216604
85	0.228828
86	0.234312
87	0.233712
88	0.242124
89	0.241212
90	0.237120
91	0.237868
92	0.240080
93	0.240060
94	0.252052
95	0.254548
96	0.266376
97	0.268852
98	0.275352
99	0.276692
100	0.279068
101	0.282612
102	0.284928
103	0.279772
104	0.281384
105	0.289648
106	0.295028
107	0.295696
108	0.303604
109	0.300448
110	0.313936
111	0.314452
112	0.316644
113	0.320472
114	0.317996
115	0.322740
116	0.316432
117	0.322800
118	0.325908
119	0.326020
120	0.326976
121	0.323816
122	0.325212
123	0.324808
124	0.324192
125	0.335216
126	0.348928
127	0.341764
128	0.339300
129	0.330072
130	0.341804
131	0.345748
132	0.353004
133	0.356344
134	0.352832
135	0.347908
136	0.352460
137	0.352012
138	0.362352
139	0.350660
140	0.345776
141	0.343140
142	0.342104
143	0.351144
144	0.363308
145	0.364656
146	0.369272
147	0.369808
148	0.357928
149	0.355760
150	0.359868
151	0.367252
152	0.373352
153	0.383800
154	0.385080
155	0.381776
156	0.402932
157	0.400384
158	0.413160
159	0.403280
160	0.410112
161	0.413624
162	0.414884
163	0.415616
164	0.416920
165	0.412376
166	0.417120
167	0.422088
168	0.420716
169	0.415328
170	0.415612
171	0.427780
172	0.432832
173	0.434808
174	0.422532
175	0.423600
176	0.436076
177	0.427728
178	0.433952
179	0.425552
180	0.426484
181	0.436300
182	0.444824
183	0.444552
184	0.441252
185	0.445820
186	0.447504
187	0.439016
188	0.435772
189	0.430648
190	0.438144
191	0.440724
192	0.437176
193	0.443864
194	0.443620
195	0.427400
196	0.429812
197	0.438116
198	0.435624
199	0.447996
200	0.443616
201	0.452836
202	0.467228
203	0.460772
204	0.447808
205	0.445828
206	0.448008
207	0.440504
208	0.434556
209	0.434780
210	0.438736
211	0.429648
212	0.435996
213	0.440404
214	0.438188
215	0.439620
216	0.421832
217	0.420776
218	0.442856
219	0.445448
220	0.436648
221	0.452832
222	0.452008
223	0.452620
224	0.452148
225	0.454244
226	0.447720
227	0.447100
228	0.433860
229	0.426960
230	0.431804
231	0.427392
232	0.433956
233	0.428620
234	0.427500
235	0.436812
236	0.441376
237	0.443140
238	0.450568
239	0.446056
240	0.442148
241	0.448744
242	0.447652
243	0.443152
244	0.449044
245	0.441392
246	0.445312
247	0.442284
248	0.456792
249	0.454312
250	0.461432
251	0.454560
252	0.442712
253	0.446500
254	0.455340
255	0.460156
256	0.444228
257	0.438904
258	0.443012
259	0.446968
260	0.453940
261	0.438704
262	0.452004
263	0.449344
264	0.461536
265	0.464840
266	0.466180
267	0.466176
268	0.462732
269	0.466284
270	0.463724
271	0.470672
272	0.469220
273	0.470560
274	0.461728
275	0.466336
276	0.468984
277	0.465580
278	0.466516
279	0.471956
280	0.462424
281	0.461856
282	0.462756
283	0.455256
284	0.456364
285	0.461596
286	0.458728
287	0.463900
288	0.457692
289	0.463016
290	0.455956
291	0.458772
292	0.457412
293	0.468604
294	0.468384
295	0.466900
296	0.469456
297	0.472236
298	0.464584
299	0.470056
300	0.464208
301	0.456560
302	0.453280
303	0.450764
304	0.458804
305	0.453308
306	0.452524
307	0.451036
308	0.452824
309	0.445360
310	0.451536
311	0.447272
312	0.451780
313	0.458064
314	0.467736
315	0.467664
316	0.472636
317	0.487680
318	0.489852
319	0.494876
320	0.497084
321	0.484552
322	0.493136
323	0.479320
324	0.485476
325	0.478656
326	0.467880
327	0.462196
328	0.461436
329	0.467612
330	0.475176
331	0.489992
332	0.484684
333	0.477836
334	0.467676
335	0.479856
336	0.466808
337	0.478184
338	0.489760
339	0.497132
340	0.491028
341	0.490172
342	0.500920
343	0.498080
344	0.501040
345	0.501940
346	0.494184
347	0.498992
348	0.505904
349	0.499360
350	0.495984
351	0.491008
352	0.501152
353	0.501328
354	0.495420
355	0.500472
356	0.500636
357	0.501624
358	0.496760
359	0.490772
360	0.494532
361	0.501008
362	0.500564
363	0.509156
364	0.502452
365	0.515608
366	0.509848
367	0.513644
368	0.517020
369	0.525868
370	0.516916
371	0.525012
372	0.520104
373	0.527040
374	0.530936
375	0.516232
376	0.516088
377	0.519864
378	0.512904
379	0.512812
380	0.513964
381	0.501292
382	0.497460
383	0.500420
384	0.500844
385	0.497048
386	0.506052
387	0.520584
388	0.523248
389	0.527752
390	0.536116
391	0.526776
392	0.528740
393	0.540784
394	0.541608
395	0.527080
396	0.531056
397	0.538244
398	0.533044
399	0.539924
400	0.546284
401	0.544628
402	0.554504
403	0.559816
404	0.564656
405	0.552940
406	0.567052
407	0.564340
408	0.563796
409	0.559660
410	0.566460
411	0.569980
412	0.570516
413	0.563776
414	0.551120
415	0.557976
416	0.557032
417	0.556352
418	0.554788
419	0.544696
420	0.559956
421	0.565188
422	0.569696
423	0.577804
424	0.568776
425	0.571780
426	0.560464
427	0.551436
428	0.557800
429	0.565788
430	0.552236
431	0.546124
432	0.541788
433	0.550876
434	0.545000
435	0.550616
436	0.549360
437	0.548652
438	0.560436
439	0.554448
440	0.560804
441	0.551776
442	0.555292
443	0.569976
444	0.584884
445	0.574848
446	0.566968
447	0.560624
448	0.566772
449	0.580228
450	0.577424
451	0.578472
452	0.563528
453	0.560040
454	0.556584
455	0.563332
456	0.572156
457	0.561284
458	0.569540
459	0.549836
460	0.558312
461	0.570696
462	0.565272
463	0.546696
464	0.563364
465	0.577640
466	0.581220
467	0.580828
468	0.574632
469	0.554972
470	0.565896
471	0.560252
472	0.560540
473	0.560460
474	0.560684
475	0.567424
476	0.574440
477	0.582488
478	0.569404
479	0.563144
480	0.555756
481	0.564460
482	0.564472
483	0.550400
484	0.570916
485	0.583776
486	0.594400
487	0.596196
488	0.587712
489	0.587096
490	0.581256
491	0.588948
492	0.590016
493	0.598000
494	0.596708
495	0.597960
496	0.595668
497	0.586636
498	0.571628
499	0.562132
500	0.576092
501	0.577156
502	0.571032
503	0.574164
504	0.571984
505	0.567020
506	0.573376
507	0.574436
508	0.569660
509	0.575756
510	0.588156
511	0.592744
512	0.587720
513	0.582116
514	0.575256
515	0.568876
516	0.563908
517	0.571828
518	0.585648
519	0.582392
520	0.571668
521	0.571156
522	0.556040
523	0.550720
524	0.557280
525	0.576576
526	0.565956
527	0.561916
528	0.561124
529	0.559780
530	0.548604
531	0.553148
532	0.557292
533	0.556948
534	0.559172
535	0.559072
536	0.563944
537	0.564308
538	0.556456
539	0.551196
540	0.554936
541	0.568328
542	0.570144
543	0.573188
544	0.585008
545	0.578588
546	0.575608
547	0.572080
548	0.570656
549	0.570880
550	0.573484
551	0.561260
552	0.574532
553	0.554824
554	0.556620
555	0.570404
556	0.568968
557	0.557972
558	0.555132
559	0.555288
560	0.554656
561	0.546316
562	0.554908
563	0.559248
564	0.567080
565	0.580188
566	0.573540
567	0.573220
568	0.569564
569	0.558008
570	0.558972
571	0.566568
572	0.578600
573	0.579232
574	0.577772
575	0.576428
576	0.578816
577	0.577460
578	0.589204
579	0.596316
580	0.582700
581	0.587108
582	0.580940
583	0.578740
584	0.575808
585	0.588268
586	0.611952
587	0.598772
588	0.591672
589	0.574520
590	0.586700
591	0.580864
592	0.589888
593	0.589936
594	0.587000
595	0.597532
596	0.592388
597	0.610112
598	0.613196
599	0.606780
600	0.599272
601	0.586548
602	0.590052
603	0.592168
604	0.602052
605	0.599308
606	0.599020
607	0.590640
608	0.596704
609	0.605580
610	0.587084
611	0.596944
612	0.596348
613	0.594784
614	0.595984
615	0.603136
616	0.588636
617	0.581996
618	0.595348
619	0.587592
620	0.586096
621	0.598424
622	0.590512
623	0.576572
624	0.583016
625	0.582664
626	0.578048
627	0.572656
628	0.563884
629	0.573156
630	0.568916
631	0.575740
632	0.575072
633	0.571992
634	0.585244
635	0.579688
636	0.589376
637	0.586828
638	0.584824
639	0.579068
640	0.570228
641	0.576392
642	0.575228
643	0.581936
644	0.577544
645	0.588340
646	0.591860
647	0.584032
648	0.577372
649	0.564012
650	0.559780
651	0.576776
652	0.572080
653	0.585508
654	0.589944
655	0.596796
656	0.601340
657	0.585908
658	0.581336
659	0.570888
660	0.577396
661	0.583380
662	0.580948
663	0.587788
664	0.592968
665	0.594276
666	0.583232
667	0.584368
668	0.575588
669	0.577908
670	0.573124
671	0.584040
672	0.583052
673	0.593384
674	0.574448
675	0.590212
676	0.592476
677	0.583956
678	0.585060
679	0.584712
680	0.577164
681	0.575112
682	0.569904
683	0.567976
684	0.573676
685	0.571144
686	0.582324
687	0.577100
688	0.573396
689	0.582660
690	0.593332
691	0.589812
692	0.564148
693	0.581488
694	0.557860
695	0.547288
696	0.548592
697	0.548376
698	0.549608
699	0.564408
700	0.568608
701	0.584964
702	0.586624
703	0.584676
704	0.574824
705	0.576988
706	0.575936
707	0.578872
708	0.586488
709	0.572212
710	0.572620
711	0.556200
712	0.552468
713	0.557092
714	0.546008
715	0.553700
716	0.569960
717	0.590460
718	0.585984
719	0.577912
720	0.578548
721	0.592624
722	0.593660
723	0.582832
724	0.573712
725	0.592736
726	0.587476
727	0.586100
728	0.585476
729	0.592180
730	0.607760
731	0.598132
732	0.590792
733	0.590636
734	0.586488
735	0.590648
736	0.579628
737	0.580184
738	0.575940
739	0.582532
740	0.567620
741	0.566736
742	0.570100
743	0.569888
744	0.564908
745	0.553580
746	0.565368
747	0.569236
748	0.563096
749	0.556644
750	0.556580
751	0.567292
752	0.562316
753	0.561612
754	0.547472
755	0.561280
756	0.569884
757	0.581368
758	0.571900
759	0.566284
760	0.581832
761	0.567128
762	0.564708
763	0.576068
764	0.565384
765	0.557200
766	0.549296
767	0.567968
768	0.568412
769	0.570072
770	0.572276
771	0.572200
772	0.575612
773	0.561168
774	0.567232
775	0.563328
776	0.562408
777	0.574004
778	0.567504
779	0.571140
780	0.568888
781	0.568732
782	0.560068
783	0.562444
784	0.578432
785	0.590868
786	0.584284
787	0.590620
788	0.585508
789	0.594192
790	0.589236
791	0.578228
792	0.587068
793	0.581644
794	0.571036
795	0.591368
796	0.581496
797	0.583964
798	0.567912
799	0.586132
800	0.563736
801	0.566600
802	0.574568
803	0.583164
804	0.577632
805	0.583680
806	0.584112
807	0.584160
808	0.578632
809	0.576576
810	0.578900
811	0.570604
812	0.557684
813	0.566044
814	0.568888
815	0.579240
816	0.592212
817	0.598764
818	0.590088
819	0.583672
820	0.588520
821	0.585676
822	0.588104
823	0.587500
824	0.574864
825	0.570192
826	0.572492
827	0.582028
828	0.580156
829	0.586776
830	0.598028
831	0.583896
832	0.589568
833	0.598564
834	0.580324
835	0.582088
836	0.572984
837	0.579604
838	0.588540
839	0.583032
840	0.569496
841	0.573584
842	0.578804
843	0.571816
844	0.575180
845	0.572756
846	0.565152
847	0.570848
848	0.581148
849	0.584128
850	0.587108
851	0.581836
852	0.577936
853	0.572120
854	0.563040
855	0.574664
856	0.584448
857	0.591680
858	0.583072
859	0.564020
860	0.573824
861	0.579004
862	0.570712
863	0.564876
864	0.571240
865	0.569972
866	0.586792
867	0.576128
868	0.569972
869	0.572952
870	0.579636
871	0.571136
872	0.569700
873	0.563664
874	0.567264
875	0.555892
876	0.560380
877	0.570016
878	0.560440
879	0.574772
880	0.571968
881	0.572440
882	0.571008
883	0.578776
884	0.581408
885	0.573344
886	0.591208
887	0.573092
888	0.568236
889	0.578564
890	0.581720
891	0.574272
892	0.578388
893	0.577340
894	0.581948
895	0.576656
896	0.582024
897	0.574864
898	0.564580
899	0.568820
900	0.574088
901	0.568976
902	0.559636
903	0.563304
904	0.565768
905	0.562940
906	0.562072
907	0.571196
908	0.569832
909	0.575952
910	0.575188
911	0.562956
912	0.566304
913	0.566996
914	0.554924
915	0.566804
916	0.572584
917	0.578132
918	0.576392
919	0.575628
920	0.566380
921	0.590896
922	0.586568
923	0.585812
924	0.594408
925	0.600900
926	0.601620
927	0.595508
928	0.581884
929	0.591528
930	0.601616
931	0.582468
932	0.595980
933	0.587852
934	0.582464
935	0.581804
936	0.565916
937	0.588484
938	0.592452
939	0.593388
940	0.588168
941	0.578100
942	0.589336
943	0.576644
944	0.583760
945	0.573032
946	0.573448
947	0.578976
948	0.571248
949	0.572200
950	0.574788
951	0.560940
952	0.552300
953	0.565468
954	0.582552
955	0.599788
956	0.584656
957	0.583772
958	0.592748
959	0.588852
960	0.592508
961	0.595216
962	0.602292
963	0.588748
964	0.592740
965	0.594384
966	0.593380
967	0.578908
968	0.568784
969	0.572528
970	0.560784
971	0.540056
972	0.548708
973	0.548448
974	0.560056
975	0.582916
976	0.574736
977	0.594652
978	0.593328
979	0.588764
980	0.573484
981	0.577188
982	0.586764
983	0.590708
984	0.600664
985	0.606100
986	0.595180
987	0.574364
988	0.597184
989	0.606324
990	0.580024
991	0.597344
992	0.609668
993	0.594940
994	0.586720
995	0.584064
996	0.590232
997	0.586652
998	0.581032
999	0.589700
1000	0.584864
1001	0.579712
1002	0.566848
1003	0.564288
1004	0.558932
1005	0.578188
1006	0.573580
1007	0.592132
1008	0.593032
1009	0.580380
1010	0.580332
1011	0.579548
1012	0.578328
1013	0.576464
1014	0.579944
1015	0.591284
1016	0.590484
1017	0.581732
1018	0.579316
1019	0.583432
1020	0.579128
1021	0.573748
1022	0.598316
1023	0.593752
1024	0.594812
1025	0.595576
1026	0.599772
1027	0.603336
1028	0.612768
1029	0.594252
1030	0.581620
1031	0.575196
1032	0.583836
1033	0.597376
1034	0.599656
1035	0.580476
1036	0.574744
1037	0.585808
1038	0.598396
1039	0.597992
1040	0.576320
1041	0.580588
1042	0.577676
1043	0.578896
1044	0.585512
1045	0.582120
1046	0.579856
1047	0.591736
1048	0.587156
1049	0.575420
1050	0.586908
1051	0.591264
1052	0.584504
1053	0.601752
1054	0.588088
1055	0.591036
1056	0.572128
1057	0.590648
1058	0.605632
1059	0.602684
1060	0.605168
1061	0.618268
1062	0.614356
1063	0.600800
1064	0.611084
1065	0.603300
1066	0.587536
1067	0.599196
1068	0.610196
1069	0.606156
1070	0.612944
1071	0.599364
1072	0.588920
1073	0.598644
1074	0.600712
1075	0.590440
1076	0.584924
1077	0.595316
1078	0.593000
1079	0.604448
1080	0.605224
1081	0.610852
1082	0.609260
1083	0.608704
1084	0.602484
1085	0.610684
1086	0.600544
1087	0.594604
1088	0.596656
1089	0.578692
1090	0.582128
1091	0.585340
1092	0.596464
1093	0.594448
1094	0.586036
1095	0.571664
1096	0.574092
1097	0.600420
1098	0.592692
1099	0.587720
1100	0.593532
1101	0.600520
1102	0.604312
1103	0.597700
1104	0.592672
1105	0.595680
1106	0.602708
1107	0.605880
1108	0.615256
1109	0.605396
1110	0.604036
1111	0.595244
1112	0.588708
1113	0.595656
1114	0.586544
1115	0.599620
1116	0.599884
1117	0.605532
1118	0.606296
1119	0.605100
1120	0.599624
1121	0.607368
1122	0.589800
1123	0.586568
1124	0.587636
1125	0.594568
1126	0.593504
1127	0.584684
1128	0.585748
1129	0.581476
1130	0.576608
1131	0.572816
1132	0.572156
1133	0.582836
1134	0.592220
1135	0.594080
1136	0.580856
1137	0.583592
1138	0.589048
1139	0.590348
1140	0.578108
1141	0.565352
1142	0.575292
1143	0.575912
1144	0.572008
1145	0.566344
1146	0.555888
1147	0.557832
1148	0.568272
1149	0.583940
1150	0.574788
1151	0.567552
1152	0.561448
1153	0.564180
1154	0.560408
1155	0.556580
1156	0.568624
1157	0.572048
1158	0.569848
1159	0.568872
1160	0.584968
1161	0.581216
1162	0.579080
1163	0.560600
1164	0.574584
1165	0.588532
1166	0.599712
1167	0.589580
1168	0.572132
1169	0.578160
1170	0.584120
1171	0.576364
1172	0.571532
1173	0.571468
1174	0.576004
1175	0.580556
1176	0.570792
1177	0.573012
1178	0.573252
1179	0.583432
1180	0.576548
1181	0.560920
1182	0.553112
1183	0.572840
1184	0.577268
1185	0.582236
1186	0.592580
1187	0.584908
1188	0.593716
1189	0.609244
1190	0.612372
1191	0.605872
1192	0.602652
1193	0.604060
1194	0.590384
1195	0.589772
1196	0.598616
1197	0.595828
1198	0.593176
1199	0.590836
1200	0.595940
1201	0.584480
1202	0.599284
1203	0.581580
1204	0.579956
1205	0.581624
1206	0.574444
1207	0.571452
1208	0.586012
1209	0.584984
1210	0.598536
1211	0.599896
1212	0.588652
1213	0.585656
1214	0.588740
1215	0.566616
1216	0.560772
1217	0.557300
1218	0.565292
1219	0.569356
1220	0.569628
1221	0.551112
1222	0.545680
1223	0.548300
1224	0.552884
1225	0.564504
1226	0.571760
1227	0.575060
1228	0.562564
1229	0.552592
1230	0.566544
1231	0.566884
1232	0.559516
1233	0.574808
1234	0.584772
1235	0.569196
1236	0.569104
1237	0.582912
1238	0.581172
1239	0.580660
1240	0.564896
1241	0.574160
1242	0.575124
1243	0.577788
1244	0.582524
1245	0.579260
1246	0.583568
1247	0.591420
1248	0.594572
1249	0.584676
1250	0.583516
1251	0.582968
1252	0.586328
1253	0.583872
1254	0.578268
1255	0.570972
1256	0.576072
1257	0.586684
1258	0.569648
1259	0.574644
1260	0.575324
1261	0.563676
1262	0.573820
1263	0.579956
1264	0.574708
1265	0.575708
1266	0.585732
1267	0.588236
1268	0.591900
1269	0.570024
1270	0.581912
1271	0.586728
1272	0.575808
1273	0.574868
1274	0.584036
1275	0.569232
1276	0.559884
1277	0.561880
1278	0.564396
1279	0.575848
1280	0.576004
1281	0.572108
1282	0.573880
1283	0.587192
1284	0.583780
1285	0.590744
1286	0.605672
1287	0.613936
1288	0.606432
1289	0.613520
1290	0.613992
1291	0.622072
1292	0.604960
1293	0.612196
1294	0.608324
1295	0.586496
1296	0.595404
1297	0.594616
1298	0.589820
1299	0.585964
1300	0.589896
1301	0.593212
1302	0.606560
1303	0.599468
1304	0.588780
1305	0.596060
1306	0.597384
1307	0.607712
1308	0.611544
1309	0.607716
1310	0.610028
1311	0.593976
1312	0.594940
1313	0.603016
1314	0.594128
1315	0.596024
1316	0.604308
1317	0.615896
1318	0.604648
1319	0.581892
1320	0.585268
1321	0.578624
1322	0.568884
1323	0.582748
1324	0.589188
1325	0.588492
1326	0.598936
1327	0.593352
1328	0.585940
1329	0.592900
1330	0.596312
1331	0.596776
1332	0.585164
1333	0.587384
1334	0.596068
1335	0.583188
1336	0.591484
1337	0.599920
1338	0.588512
1339	0.595576
1340	0.597880
1341	0.592252
1342	0.600176
1343	0.590020
1344	0.581544
1345	0.582572
1346	0.585152
1347	0.592812
1348	0.612896
1349	0.606020
1350	0.608160
1351	0.602936
1352	0.614712
1353	0.584376
1354	0.585968
1355	0.574876
1356	0.576652
1357	0.583708
1358	0.591348
1359	0.600760
1360	0.591688
1361	0.580832
1362	0.594300
1363	0.588436
1364	0.586592
1365	0.588676
1366	0.586860
1367	0.591212
1368	0.583564
1369	0.591632
1370	0.605408
1371	0.599600
1372	0.591568
1373	0.576220
1374	0.578276
1375	0.564308
1376	0.563316
1377	0.572628
1378	0.587376
1379	0.572604
1380	0.575924
1381	0.578428
1382	0.573488
1383	0.571336
1384	0.565628
1385	0.563512
1386	0.564532
1387	0.559824
1388	0.560628
1389	0.575480
1390	0.575644
1391	0.562848
1392	0.564816
1393	0.558252
1394	0.565408
1395	0.570216
1396	0.575544
1397	0.584924
1398	0.590860
1399	0.572304
1400	0.576152
1401	0.585432
1402	0.584692
1403	0.599368
1404	0.601460
1405	0.594620
1406	0.588356
1407	0.595368
1408	0.600332
1409	0.596492
1410	0.593680
1411	0.570524
1412	0.591308
1413	0.593192
1414	0.583448
1415	0.589460
1416	0.600576
1417	0.598988
1418	0.604908
1419	0.581256
1420	0.584968
1421	0.591120
1422	0.590604
1423	0.588260
1424	0.587112
1425	0.603152
1426	0.601828
1427	0.582160
1428	0.599912
1429	0.599740
1430	0.602676
1431	0.602884
1432	0.599664
1433	0.600968
1434	0.584656
1435	0.588432
1436	0.589592
1437	0.600156
1438	0.605300
1439	0.599532
1440	0.602336
1441	0.606260
1442	0.612212
1443	0.613132
1444	0.601944
1445	0.588260
1446	0.593932
1447	0.597924
1448	0.583304
1449	0.600476
1450	0.593060
1451	0.592148
1452	0.595272
1453	0.598256
1454	0.589228
1455	0.601656
1456	0.602668
1457	0.600664
1458	0.591448
1459	0.591520
1460	0.590024
1461	0.599456
1462	0.606628
1463	0.603684
1464	0.605540
1465	0.611612
1466	0.606596
1467	0.587776
1468	0.594928
1469	0.582660
1470	0.594124
1471	0.579056
1472	0.586792
1473	0.611416
1474	0.604540
1475	0.593204
1476	0.587208
1477	0.577820
1478	0.573936
1479	0.590028
1480	0.586400
1481	0.599152
1482	0.599868
1483	0.574284
1484	0.571220
1485	0.585276
1486	0.578248
1487	0.584420
1488	0.583908
1489	0.585800
1490	0.586492
1491	0.579800
1492	0.578660
1493	0.573368
1494	0.587788
1495	0.582220
1496	0.575584
1497	0.583576
1498	0.594136
1499	0.594596
1500	0.598372
1501	0.602036
1502	0.596872
1503	0.608736
1504	0.606452
1505	0.598536
1506	0.608008
1507	0.604692
1508	0.608964
1509	0.606380
1510	0.614100
1511	0.609996
1512	0.607060
1513	0.607912
1514	0.605912
1515	0.601604
1516	0.591480
1517	0.587904
1518	0.608432
1519	0.603840
1520	0.612412
1521	0.602864
1522	0.596592
1523	0.603496
1524	0.617396
1525	0.604572
1526	0.610884
1527	0.605720
1528	0.605208
1529	0.614152
1530	0.593452
1531	0.592732
1532	0.593260
1533	0.600212
1534	0.597988
1535	0.590272
1536	0.584940
1537	0.589172
1538	0.586036
1539	0.582616
1540	0.583400
1541	0.576684
1542	0.584756
1543	0.583096
1544	0.583076
1545	0.576184
1546	0.570000
1547	0.581464
1548	0.594684
1549	0.583960
1550	0.584004
1551	0.577740
1552	0.593120
1553	0.587284
1554	0.597068
1555	0.597252
1556	0.585828
1557	0.593328
1558	0.585768
1559	0.574912
1560	0.565676
1561	0.566600
1562	0.564216
1563	0.565540
1564	0.578316
1565	0.576244
1566	0.565552
1567	0.569504
1568	0.563924
1569	0.571420
1570	0.587864
1571	0.583252
1572	0.569060
1573	0.579028
1574	0.576880
1575	0.580080
1576	0.577312
1577	0.573316
1578	0.562500
1579	0.561060
1580	0.570688
1581	0.570600
1582	0.575196
1583	0.558076
1584	0.565736
1585	0.568028
1586	0.567564
1587	0.568656
1588	0.563800
1589	0.551260
1590	0.544376
1591	0.555448
1592	0.540300
1593	0.542596
1594	0.541008
1595	0.559680
1596	0.571888
1597	0.561496
1598	0.568692
1599	0.571848
1600	0.580024
1601	0.589196
1602	0.574876
1603	0.579880
1604	0.577020
1605	0.580824
1606	0.583380
1607	0.588496
1608	0.584320
1609	0.569104
1610	0.576676
1611	0.600204
1612	0.599532
1613	0.585480
1614	0.583784
1615	0.583820
1616	0.594372
1617	0.599612
1618	0.585148
1619	0.594148
1620	0.598920
1621	0.589560
1622	0.591380
1623	0.572480
1624	0.557560
1625	0.562648
1626	0.569116
1627	0.575060
1628	0.567288
1629	0.579984
1630	0.572136
1631	0.547872
1632	0.564144
1633	0.566544
1634	0.561844
1635	0.558740
1636	0.565204
1637	0.552476
1638	0.567864
1639	0.571668
1640	0.567984
1641	0.557132
1642	0.567244
1643	0.574276
1644	0.566648
1645	0.563104
1646	0.569140
1647	0.572996
1648	0.570992
1649	0.574200
1650	0.565596
1651	0.562880
1652	0.556108
1653	0.564028
1654	0.563880
1655	0.560320
1656	0.556884
1657	0.540628
1658	0.556720
1659	0.566928
1660	0.568128
1661	0.564396
1662	0.577540
1663	0.577376
1664	0.576564
1665	0.571152
1666	0.576864
1667	0.572796
1668	0.560180
1669	0.561412
1670	0.566956
1671	0.569252
1672	0.580304
1673	0.560260
1674	0.568220
1675	0.574700
1676	0.580796
1677	0.574492
1678	0.576440
1679	0.584456
1680	0.590016
1681	0.592220
1682	0.597236
1683	0.576140
1684	0.580652
1685	0.577704
1686	0.574100
1687	0.575848
1688	0.585124
1689	0.585368
1690	0.573400
1691	0.577456
1692	0.569984
1693	0.570312
1694	0.564064
1695	0.563584
1696	0.566032
1697	0.551632
1698	0.568288
1699	0.570788
1700	0.588300
1701	0.593712
1702	0.585160
1703	0.570436
1704	0.576716
1705	0.584792
1706	0.580920
1707	0.582552
1708	0.592352
1709	0.581592
1710	0.573776
1711	0.583488
1712	0.589208
1713	0.593648
1714	0.608284
1715	0.617940
1716	0.612728
1717	0.613628
1718	0.597956
1719	0.607260
1720	0.595388
1721	0.588548
1722	0.588620
1723	0.587520
1724	0.597272
1725	0.577248
1726	0.577048
1727	0.595260
1728	0.586740
1729	0.579420
1730	0.565632
1731	0.561140
1732	0.565212
1733	0.585228
1734	0.587780
1735	0.584784
1736	0.578808
1737	0.585452
1738	0.586956
1739	0.587860
1740	0.574816
1741	0.577224
1742	0.575648
1743	0.578084
1744	0.583752
1745	0.588380
1746	0.590596
1747	0.599160
1748	0.600276
1749	0.598144
1750	0.591952
1751	0.578516
1752	0.576216
1753	0.581976
1754	0.582932
1755	0.580904
1756	0.589976
1757	0.597032
1758	0.575224
1759	0.576696
1760	0.584912
1761	0.584904
1762	0.581792
1763	0.577992
1764	0.588680
1765	0.573852
1766	0.576648
1767	0.586184
1768	0.593128
1769	0.590156
1770	0.596916
1771	0.585580
1772	0.576228
1773	0.570304
1774	0.568004
1775	0.578008
1776	0.578200
1777	0.574088
1778	0.572408
1779	0.573004
1780	0.560804
1781	0.567088
1782	0.567612
1783	0.551648
1784	0.556364
1785	0.568336
1786	0.572288
1787	0.559888
1788	0.553212
1789	0.556860
1790	0.560132
1791	0.560780
1792	0.557948
1793	0.558532
1794	0.575744
1795	0.566172
1796	0.552312
1797	0.553632
1798	0.558812
1799	0.562320
1800	0.571380
1801	0.560936
1802	0.558432
1803	0.570956
1804	0.562208
1805	0.573316
1806	0.570432
1807	0.570492
1808	0.585264
1809	0.580204
1810	0.578180
1811	0.575520
1812	0.564100
1813	0.568584
1814	0.569972
1815	0.569632
1816	0.575160
1817	0.579848
1818	0.597976
1819	0.570668
1820	0.579708
1821	0.573896
1822	0.578948
1823	0.581844
1824	0.592808
1825	0.602500
1826	0.593088
1827	0.592644
1828	0.578720
1829	0.589260
1830	0.575176
1831	0.581884
1832	0.590220
1833	0.566252
1834	0.566960
1835	0.572584
1836	0.581492
1837	0.582416
1838	0.593004
1839	0.577860
1840	0.576400
1841	0.559804
1842	0.565488
1843	0.561560
1844	0.571108
1845	0.568420
1846	0.568332
1847	0.564920
1848	0.561284
1849	0.567164
1850	0.581264
1851	0.580000
1852	0.578840
1853	0.574060
1854	0.577136
1855	0.580796
1856	0.589240
1857	0.602804
1858	0.612768
1859	0.613028
1860	0.614132
1861	0.607584
1862	0.606024
1863	0.594572
1864	0.577748
1865	0.569116
1866	0.570916
1867	0.584440
1868	0.593804
1869	0.591632
1870	0.587252
1871	0.581864
1872	0.573944
1873	0.581168
1874	0.588220
1875	0.599596
1876	0.598792
1877	0.579696
1878	0.575232
1879	0.590032
1880	0.589932
1881	0.581116
1882	0.596664
1883	0.591716
1884	0.582380
1885	0.578420
1886	0.581680
1887	0.579000
1888	0.584004
1889	0.582396
1890	0.599388
1891	0.581892
1892	0.581924
1893	0.576732
1894	0.576324
1895	0.580740
1896	0.575228
1897	0.563548
1898	0.558668
1899	0.566004
1900	0.570396
1901	0.562388
1902	0.567828
1903	0.562032
1904	0.559656
1905	0.561928
1906	0.562896
1907	0.553664
1908	0.544708
1909	0.559212
1910	0.555588
1911	0.548348
1912	0.550016
1913	0.544436
1914	0.549880
1915	0.563228
1916	0.560824
1917	0.563112
1918	0.562136
1919	0.569596
1920	0.560460
1921	0.559852
1922	0.552436
1923	0.565016
1924	0.562024
1925	0.556472
1926	0.562788
1927	0.561576
1928	0.566620
1929	0.564900
1930	0.554348
1931	0.551732
1932	0.555620
1933	0.564200
1934	0.567260
1935	0.560880
1936	0.569196
1937	0.577040
1938	0.574568
1939	0.570680
1940	0.580152
1941	0.579160
1942	0.584424
1943	0.585632
1944	0.588956
1945	0.584252
1946	0.572016
1947	0.587104
1948	0.591572
1949	0.607444
1950	0.595108
1951	0.586308
1952	0.589320
1953	0.585488
1954	0.575680
1955	0.563504
1956	0.580620
1957	0.583208
1958	0.586948
1959	0.584264
1960	0.595504
1961	0.584948
1962	0.580948
1963	0.582536
1964	0.581400
1965	0.586180
1966	0.576800
1967	0.590672
1968	0.594176
1969	0.581636
1970	0.564820
1971	0.576944
1972	0.563332
1973	0.564304
1974	0.569992
1975	0.585904
1976	0.596612
1977	0.597156
1978	0.597120
1979	0.587976
1980	0.576956
1981	0.587392
1982	0.589536
1983	0.590684
1984	0.594184
1985	0.596220
1986	0.589512
1987	0.580792
1988	0.575892
1989	0.586788
1990	0.575464
1991	0.586644
1992	0.591676
1993	0.596584
1994	0.592444
1995	0.579152
1996	0.574988
1997	0.584660
1998	0.587196
1999	0.584788
2000	0.586512
