1	0.013075
2	0.041250
3	0.063925
4	0.092100
5	0.070000
6	0.109500
7	0.125700
8	0.142250
9	0.161675
10	0.174325
11	0.221625
12	0.247050
13	0.229000
14	0.265100
15	0.278000
16	0.313950
17	0.306675
18	0.307500
19	0.349675
20	0.372950
21	0.364275
22	0.385450
23	0.400100
24	0.389725
25	0.393400
26	0.380150
27	0.423150
28	0.472300
29	0.451175
30	0.461925
31	0.401850
32	0.410200
33	0.501675
34	0.480900
35	0.483475
36	0.491375
37	0.545025
38	0.508700
39	0.452750
40	0.482900
41	0.565225
42	0.575275
43	0.527525
44	0.597825
45	0.543100
46	0.580275
47	0.585225
48	0.588900
49	0.603850
50	0.539150
51	0.552700
52	0.579200
53	0.561200
54	0.548900
55	0.566025
56	0.588500
57	0.613375
58	0.590125
59	0.606950
60	0.543325
61	0.640850
62	0.592975
63	0.592550
64	0.617650
65	0.649400
66	0.610100
67	0.584500
68	0.651675
69	0.650700
70	0.624200
71	0.644625
72	0.625075
73	0.626825
74	0.639325
75	0.596725
76	0.657850
77	0.609300
78	0.650450
79	0.671150
80	0.644825
81	0.652425
82	0.627025
83	0.642175
84	0.692475
85	0.669625
86	0.646975
87	0.663050
88	0.679000
89	0.642050
90	0.641925
91	0.649275
92	0.667750
93	0.690750
94	0.632900
95	0.675050
96	0.698350
97	0.701050
98	0.693750
99	0.670550
100	0.666825
101	0.681475
102	0.705125
103	0.702875
104	0.675025
105	0.688425
106	0.691800
107	0.719725
108	0.701300
109	0.679825
110	0.677600
111	0.669450
112	0.706125
113	0.715650
114	0.692550
115	0.683950
116	0.711875
117	0.677425
118	0.673350
119	0.690025
120	0.676525
121	0.652025
122	0.697075
123	0.696300
124	0.704100
125	0.695975
126	0.698075
127	0.713250
128	0.682700
129	0.680050
130	0.685375
131	0.713875
132	0.686400
133	0.676675
134	0.678775
135	0.673475
136	0.694475
137	0.704200
138	0.681875
139	0.679050
140	0.719600
141	0.716875
142	0.698475
143	0.703750
144	0.700875
145	0.697000
146	0.694525
147	0.683725
148	0.694575
149	0.705325
150	0.688125
151	0.715275
152	0.692925
153	0.729650
154	0.715650
155	0.693625
156	0.717275
157	0.727025
158	0.701150
159	0.720950
160	0.711300
161	0.714125
162	0.700100
163	0.709525
164	0.716100
165	0.698300
166	0.704150
167	0.702150
168	0.695525
169	0.696375
170	0.707475
171	0.687925
172	0.688275
173	0.681950
174	0.700775
175	0.701950
176	0.722675
177	0.697375
178	0.707850
179	0.685050
180	0.713175
181	0.702775
182	0.703825
183	0.694675
184	0.707450
185	0.677750
186	0.692000
187	0.718350
188	0.714975
189	0.689425
190	0.704000
191	0.709375
192	0.719175
193	0.698325
194	0.707275
195	0.713875
196	0.706025
197	0.683225
198	0.705350
199	0.698825
200	0.717150
201	0.684150
202	0.715725
203	0.697000
204	0.716475
205	0.690900
206	0.683250
207	0.688550
208	0.698000
209	0.689400
210	0.712150
211	0.698700
212	0.691250
213	0.718100
214	0.696375
215	0.684600
216	0.683975
217	0.716675
218	0.709250
219	0.704575
220	0.683225
221	0.681225
222	0.692275
223	0.677100
224	0.686925
225	0.705325
226	0.698575
227	0.683900
228	0.710400
229	0.678425
230	0.696475
231	0.681675
232	0.696225
233	0.680450
234	0.699275
235	0.688925
236	0.689725
237	0.689975
238	0.688500
239	0.682975
240	0.677300
241	0.693675
242	0.702325
243	0.701825
244	0.703800
245	0.686900
246	0.696100
247	0.702725
248	0.675400
249	0.701375
250	0.683675
251	0.692900
252	0.687650
253	0.692750
254	0.699175
255	0.687050
256	0.702300
257	0.695925
258	0.720200
259	0.698750
260	0.696500
261	0.699025
262	0.721375
263	0.715125
264	0.713750
265	0.700575
266	0.702075
267	0.693525
268	0.708600
269	0.702050
270	0.686400
271	0.690875
272	0.708800
273	0.705225
274	0.691500
275	0.696250
276	0.727625
277	0.702750
278	0.686025
279	0.706850
280	0.699975
281	0.709375
282	0.708175
283	0.701175
284	0.702975
285	0.696575
286	0.697175
287	0.706625
288	0.710475
289	0.711150
290	0.705300
291	0.696750
292	0.712425
293	0.687200
294	0.692500
295	0.714725
296	0.673425
297	0.719225
298	0.722200
299	0.711175
300	0.697600
301	0.704900
302	0.703775
303	0.722425
304	0.709400
305	0.701125
306	0.689700
307	0.718625
308	0.711550
309	0.696425
310	0.690250
311	0.724325
312	0.700475
313	0.723075
314	0.711650
315	0.704450
316	0.701125
317	0.697950
318	0.697900
319	0.706575
320	0.689125
321	0.700750
322	0.692650
323	0.724650
324	0.703400
325	0.708275
326	0.703550
327	0.705825
328	0.710275
329	0.695175
330	0.703825
331	0.701975
332	0.711700
333	0.695875
334	0.690775
335	0.703000
336	0.711925
337	0.691825
338	0.726400
339	0.710750
340	0.693600
341	0.680025
342	0.705550
343	0.701625
344	0.709775
345	0.681975
346	0.696875
347	0.696250
348	0.692575
349	0.686850
350	0.687600
351	0.699100
352	0.687875
353	0.701025
354	0.713475
355	0.720675
356	0.708950
357	0.695950
358	0.706275
359	0.705700
360	0.718975
361	0.691450
362	0.703950
363	0.722775
364	0.706700
365	0.718425
366	0.689925
367	0.694150
368	0.741075
369	0.712225
370	0.709100
371	0.663850
372	0.664100
373	0.682800
374	0.699425
375	0.679550
376	0.710000
377	0.678400
378	0.711275
379	0.721150
380	0.710625
381	0.726225
382	0.703300
383	0.690175
384	0.694700
385	0.701100
386	0.695375
387	0.720400
388	0.706450
389	0.699150
390	0.704500
391	0.696100
392	0.707550
393	0.699625
394	0.708400
395	0.732550
396	0.701900
397	0.682775
398	0.694875
399	0.703825
400	0.683225
401	0.715450
402	0.710225
403	0.696475
404	0.708550
405	0.692175
406	0.719500
407	0.716725
408	0.719075
409	0.689100
410	0.701675
411	0.700025
412	0.708650
413	0.687025
414	0.699925
415	0.717000
416	0.721925
417	0.704800
418	0.694250
419	0.677775
420	0.718700
421	0.690775
422	0.693800
423	0.712800
424	0.684550
425	0.714825
426	0.714250
427	0.704925
428	0.703425
429	0.718900
430	0.701800
431	0.713600
432	0.705925
433	0.710450
434	0.703900
435	0.692875
436	0.706500
437	0.706575
438	0.709925
439	0.712625
440	0.700950
441	0.710800
442	0.704475
443	0.706575
444	0.695625
445	0.702350
446	0.697400
447	0.693050
448	0.711650
449	0.712700
450	0.709800
451	0.687125
452	0.714725
453	0.699425
454	0.716650
455	0.702050
456	0.700050
457	0.691175
458	0.688200
459	0.703675
460	0.714025
461	0.698950
462	0.724700
463	0.690075
464	0.688525
465	0.716450
466	0.711000
467	0.692625
468	0.708425
469	0.700850
470	0.715375
471	0.703350
472	0.671175
473	0.705675
474	0.687600
475	0.704050
476	0.690575
477	0.710850
478	0.687975
479	0.701500
480	0.710100
481	0.692575
482	0.710400
483	0.690675
484	0.686800
485	0.702450
486	0.684500
487	0.701600
488	0.711375
489	0.692500
490	0.691350
491	0.706175
492	0.716875
493	0.693800
494	0.694800
495	0.706525
496	0.712800
497	0.713025
498	0.698300
499	0.699775
500	0.736350
501	0.717275
502	0.703250
503	0.682050
504	0.717475
505	0.700675
506	0.710725
507	0.692100
508	0.706725
509	0.719900
510	0.712475
511	0.697775
512	0.694575
513	0.692575
514	0.688825
515	0.705225
516	0.663950
517	0.696975
518	0.701450
519	0.705025
520	0.680575
521	0.698600
522	0.696600
523	0.692100
524	0.701900
525	0.695075
526	0.716425
527	0.700625
528	0.682650
529	0.700050
530	0.725675
531	0.703325
532	0.697100
533	0.703050
534	0.681675
535	0.706425
536	0.702100
537	0.697825
538	0.700675
539	0.719650
540	0.708550
541	0.693975
542	0.698150
543	0.695300
544	0.694900
545	0.701450
546	0.705600
547	0.699625
548	0.709750
549	0.706950
550	0.683475
551	0.681575
552	0.670050
553	0.709150
554	0.708675
555	0.691225
556	0.731725
557	0.703325
558	0.704200
559	0.699875
560	0.704450
561	0.715450
562	0.690775
563	0.700175
564	0.698050
565	0.672350
566	0.710675
567	0.695800
568	0.699300
569	0.701775
570	0.700600
571	0.707200
572	0.693625
573	0.703900
574	0.701075
575	0.692825
576	0.697875
577	0.701900
578	0.704525
579	0.702350
580	0.691450
581	0.685550
582	0.699525
583	0.700600
584	0.708750
585	0.680250
586	0.691750
587	0.697000
588	0.688600
589	0.709275
590	0.700600
591	0.699675
592	0.700825
593	0.705800
594	0.707375
595	0.681725
596	0.709650
597	0.687725
598	0.704050
599	0.699575
600	0.709700
601	0.685950
602	0.710950
603	0.715800
604	0.710875
605	0.718825
606	0.696375
607	0.690925
608	0.731575
609	0.717250
610	0.701250
611	0.702525
612	0.687700
613	0.690450
614	0.700625
615	0.687250
616	0.723400
617	0.701125
618	0.692825
619	0.703675
620	0.703100
621	0.713825
622	0.716600
623	0.707750
624	0.716750
625	0.707900
626	0.720425
627	0.704125
628	0.709950
629	0.705850
630	0.696800
631	0.685850
632	0.703725
633	0.698150
634	0.691125
635	0.708200
636	0.682850
637	0.714300
638	0.694225
639	0.705800
640	0.725550
641	0.682975
642	0.699000
643	0.693175
644	0.690875
645	0.720675
646	0.702325
647	0.705125
648	0.690550
649	0.717650
650	0.701600
651	0.682725
652	0.702700
653	0.700350
654	0.691175
655	0.699450
656	0.698100
657	0.692150
658	0.700025
659	0.699475
660	0.687825
661	0.700350
662	0.704600
663	0.688900
664	0.672725
665	0.688300
666	0.714575
667	0.681775
668	0.695225
669	0.689150
670	0.707875
671	0.686925
672	0.694050
673	0.696150
674	0.675450
675	0.674025
676	0.705800
677	0.695025
678	0.679550
679	0.675150
680	0.696600
681	0.691800
682	0.701750
683	0.697100
684	0.720950
685	0.696125
686	0.677650
687	0.722200
688	0.706200
689	0.696425
690	0.696900
691	0.671950
692	0.699625
693	0.712500
694	0.690925
695	0.700500
696	0.698100
697	0.702475
698	0.707900
699	0.694950
700	0.692825
701	0.699400
702	0.710950
703	0.688850
704	0.686875
705	0.712350
706	0.712000
707	0.710350
708	0.670325
709	0.697450
710	0.708725
711	0.704900
712	0.712825
713	0.705750
714	0.674975
715	0.694250
716	0.704250
717	0.683850
718	0.721025
719	0.691950
720	0.713300
721	0.684225
722	0.694300
723	0.713025
724	0.705300
725	0.703150
726	0.711125
727	0.715950
728	0.692675
729	0.715425
730	0.706700
731	0.700475
732	0.699125
733	0.697425
734	0.706775
735	0.704850
736	0.704825
737	0.704725
738	0.717125
739	0.679400
740	0.699000
741	0.700625
742	0.715550
743	0.691225
744	0.710825
745	0.697125
746	0.705050
747	0.713950
748	0.701250
749	0.701475
750	0.693675
751	0.721825
752	0.685400
753	0.709100
754	0.705875
755	0.712975
756	0.693975
757	0.706675
758	0.693900
759	0.729925
760	0.699400
761	0.708350
762	0.705100
763	0.705800
764	0.698600
765	0.692150
766	0.715075
767	0.699325
768	0.717300
769	0.687625
770	0.692150
771	0.712075
772	0.695000
773	0.714375
774	0.677925
775	0.724700
776	0.703400
777	0.703300
778	0.694725
779	0.704950
780	0.708825
781	0.698050
782	0.694875
783	0.671125
784	0.689725
785	0.725175
786	0.699775
787	0.708025
788	0.695325
789	0.719650
790	0.713575
791	0.686475
792	0.694175
793	0.691200
794	0.701900
795	0.690125
796	0.682550
797	0.689750
798	0.709375
799	0.685250
800	0.706000
801	0.705425
802	0.706075
803	0.724075
804	0.699725
805	0.690550
806	0.698200
807	0.701025
808	0.712300
809	0.697375
810	0.704725
811	0.709075
812	0.720800
813	0.706150
814	0.732125
815	0.703400
816	0.697050
817	0.707950
818	0.696550
819	0.721725
820	0.679100
821	0.720725
822	0.699725
823	0.711025
824	0.707400
825	0.710475
826	0.694225
827	0.705300
828	0.693900
829	0.704050
830	0.701700
831	0.682200
832	0.715975
833	0.691300
834	0.692975
835	0.709875
836	0.714375
837	0.705575
838	0.691900
839	0.691950
840	0.685225
841	0.686925
842	0.700750
843	0.701750
844	0.683450
845	0.696225
846	0.700350
847	0.694825
848	0.684950
849	0.682700
850	0.730100
851	0.706750
852	0.711925
853	0.702100
854	0.702550
855	0.703550
856	0.702200
857	0.694275
858	0.702400
859	0.716825
860	0.704775
861	0.712250
862	0.707700
863	0.696450
864	0.716975
865	0.696525
866	0.717050
867	0.686825
868	0.696825
869	0.695000
870	0.687275
871	0.700325
872	0.688125
873	0.695850
874	0.675975
875	0.688025
876	0.695025
877	0.685750
878	0.709525
879	0.679100
880	0.706525
881	0.708575
882	0.696925
883	0.697000
884	0.669700
885	0.697200
886	0.699125
887	0.687450
888	0.675775
889	0.704150
890	0.698475
891	0.709325
892	0.714700
893	0.702450
894	0.692750
895	0.680425
896	0.718775
897	0.685400
898	0.689825
899	0.712750
900	0.709425
901	0.671725
902	0.712425
903	0.700525
904	0.725075
905	0.691700
906	0.681775
907	0.699350
908	0.694900
909	0.698125
910	0.707600
911	0.721425
912	0.696425
913	0.687425
914	0.697000
915	0.686700
916	0.682800
917	0.714725
918	0.701575
919	0.690975
920	0.694175
921	0.697300
922	0.712950
923	0.703100
924	0.723900
925	0.689675
926	0.686625
927	0.707125
928	0.686100
929	0.686175
930	0.705500
931	0.679375
932	0.697500
933	0.707775
934	0.695750
935	0.696275
936	0.722575
937	0.695450
938	0.690700
939	0.715350
940	0.688075
941	0.698575
942	0.707400
943	0.705175
944	0.687825
945	0.702975
946	0.711275
947	0.685275
948	0.693525
949	0.717825
950	0.705300
951	0.689025
952	0.710425
953	0.689200
954	0.691175
955	0.709975
956	0.726975
957	0.675450
958	0.693000
959	0.705500
960	0.717800
961	0.691600
962	0.705950
963	0.698825
964	0.699675
965	0.709475
966	0.704250
967	0.706875
968	0.707350
969	0.691350
970	0.701300
971	0.690700
972	0.720200
973	0.723300
974	0.707750
975	0.715625
976	0.708075
977	0.713175
978	0.697600
979	0.692875
980	0.694100
981	0.691200
982	0.710025
983	0.706725
984	0.719550
985	0.696150
986	0.678350
987	0.702725
988	0.684200
989	0.682250
990	0.686800
991	0.674200
992	0.689875
993	0.700200
994	0.710050
995	0.707925
996	0.702975
997	0.695475
998	0.694475
999	0.723350
1000	0.727000
1001	0.705550
1002	0.702800
1003	0.709125
1004	0.713750
1005	0.705675
1006	0.718800
1007	0.684550
1008	0.694750
1009	0.708100
1010	0.681475
1011	0.699500
1012	0.713275
1013	0.697375
1014	0.679450
1015	0.701350
1016	0.705675
1017	0.717900
1018	0.699650
1019	0.705525
1020	0.698225
1021	0.710200
1022	0.688400
1023	0.696750
1024	0.705175
1025	0.704375
1026	0.703325
1027	0.698450
1028	0.702675
1029	0.696175
1030	0.690900
1031	0.704775
1032	0.701125
1033	0.704225
1034	0.693250
1035	0.697375
1036	0.693225
1037	0.691625
1038	0.702550
1039	0.699350
1040	0.713575
1041	0.671725
1042	0.696350
1043	0.715975
1044	0.692750
1045	0.674350
1046	0.712775
1047	0.720050
1048	0.697450
1049	0.704925
1050	0.706350
1051	0.703650
1052	0.710125
1053	0.688850
1054	0.680350
1055	0.674675
1056	0.696775
1057	0.688900
1058	0.728350
1059	0.704200
1060	0.708425
1061	0.692775
1062	0.728525
1063	0.702950
1064	0.719050
1065	0.702750
1066	0.679900
1067	0.708100
1068	0.713375
1069	0.697375
1070	0.708175
1071	0.699800
1072	0.704875
1073	0.694750
1074	0.693775
1075	0.699300
1076	0.707450
1077	0.703250
1078	0.681600
1079	0.693150
1080	0.698775
1081	0.669775
1082	0.717075
1083	0.679600
1084	0.709100
1085	0.707850
1086	0.693250
1087	0.696775
1088	0.692600
1089	0.708825
1090	0.714875
1091	0.711175
1092	0.698475
1093	0.711250
1094	0.692300
1095	0.675150
1096	0.697425
1097	0.699575
1098	0.695400
1099	0.705350
1100	0.705225
1101	0.688175
1102	0.717100
1103	0.721500
1104	0.685700
1105	0.681350
1106	0.689375
1107	0.700600
1108	0.666525
1109	0.708225
1110	0.705550
1111	0.715050
1112	0.708450
1113	0.694175
1114	0.703275
1115	0.723375
1116	0.686175
1117	0.689350
1118	0.709475
1119	0.708275
1120	0.699025
1121	0.717100
1122	0.688500
1123	0.687000
1124	0.709725
1125	0.709550
1126	0.716575
1127	0.697800
1128	0.682050
1129	0.703100
1130	0.706050
1131	0.669900
1132	0.697200
1133	0.711650
1134	0.684125
1135	0.719650
1136	0.704275
1137	0.696225
1138	0.696500
1139	0.729325
1140	0.695000
1141	0.720325
1142	0.723175
1143	0.726125
1144	0.701350
1145	0.695375
1146	0.697100
1147	0.691675
1148	0.696575
1149	0.699325
1150	0.708750
1151	0.705950
1152	0.673975
1153	0.700850
1154	0.697000
1155	0.706125
1156	0.695225
1157	0.693250
1158	0.718125
1159	0.711725
1160	0.677350
1161	0.698200
1162	0.684725
1163	0.715550
1164	0.732750
1165	0.719925
1166	0.701075
1167	0.708175
1168	0.691400
1169	0.685850
1170	0.707500
1171	0.703250
1172	0.710350
1173	0.690450
1174	0.702175
1175	0.694775
1176	0.711975
1177	0.697600
1178	0.702675
1179	0.710075
1180	0.718350
1181	0.694575
1182	0.695325
1183	0.686025
1184	0.708600
1185	0.685100
1186	0.692550
1187	0.702375
1188	0.686475
1189	0.699100
1190	0.704400
1191	0.707125
1192	0.687650
1193	0.720375
1194	0.718650
1195	0.704375
1196	0.700550
1197	0.687100
1198	0.712000
1199	0.686500
1200	0.709700
1201	0.718325
1202	0.692875
1203	0.716700
1204	0.700325
1205	0.706600
1206	0.706775
1207	0.698225
1208	0.713275
1209	0.699425
1210	0.689225
1211	0.684800
1212	0.685500
1213	0.701500
1214	0.688200
1215	0.704275
1216	0.711750
1217	0.713500
1218	0.715175
1219	0.698025
1220	0.689175
1221	0.699850
1222	0.695550
1223	0.708925
1224	0.701200
1225	0.683775
1226	0.716650
1227	0.703275
1228	0.701125
1229	0.710975
1230	0.695250
1231	0.715800
1232	0.698725
1233	0.715700
1234	0.694450
1235	0.700525
1236	0.711500
1237	0.692600
1238	0.695125
1239	0.717000
1240	0.706950
1241	0.682525
1242	0.716000
1243	0.710975
1244	0.699425
1245	0.700600
1246	0.686150
1247	0.718075
1248	0.696075
1249	0.693925
1250	0.690200
1251	0.701675
1252	0.706975
1253	0.706875
1254	0.683100
1255	0.732775
1256	0.697575
1257	0.707125
1258	0.698325
1259	0.702000
1260	0.714225
1261	0.702050
1262	0.706000
1263	0.709200
1264	0.705050
1265	0.705125
1266	0.691375
1267	0.699400
1268	0.699850
1269	0.732400
1270	0.733400
1271	0.736475
1272	0.702100
1273	0.720600
1274	0.709200
1275	0.710175
1276	0.694450
1277	0.711775
1278	0.706375
1279	0.693525
1280	0.683300
1281	0.699875
1282	0.700775
1283	0.690000
1284	0.687450
1285	0.692550
1286	0.705375
1287	0.698875
1288	0.691200
1289	0.703500
1290	0.706875
1291	0.715175
1292	0.716925
1293	0.702575
1294	0.712575
1295	0.715825
1296	0.693975
1297	0.707725
1298	0.671750
1299	0.714000
1300	0.683625
1301	0.700975
1302	0.693650
1303	0.700500
1304	0.687550
1305	0.716100
1306	0.684400
1307	0.674200
1308	0.701475
1309	0.735950
1310	0.714675
1311	0.672300
1312	0.699850
1313	0.709225
1314	0.695700
1315	0.697900
1316	0.698075
1317	0.683450
1318	0.709650
1319	0.688725
1320	0.740525
1321	0.707525
1322	0.731850
1323	0.725050
1324	0.710950
1325	0.701175
1326	0.674650
1327	0.702050
1328	0.699300
1329	0.723775
1330	0.700575
1331	0.712125
1332	0.722025
1333	0.726125
1334	0.718350
1335	0.714675
1336	0.721250
1337	0.715925
1338	0.703200
1339	0.712175
1340	0.687675
1341	0.719775
1342	0.695875
1343	0.704875
1344	0.702275
1345	0.730825
1346	0.720775
1347	0.705200
1348	0.733525
1349	0.724475
1350	0.733275
1351	0.706050
1352	0.716275
1353	0.697900
1354	0.670175
1355	0.703525
1356	0.690175
1357	0.698350
1358	0.688950
1359	0.715275
1360	0.706025
1361	0.691775
1362	0.680250
1363	0.700275
1364	0.680275
1365	0.718875
1366	0.692150
1367	0.721800
1368	0.707550
1369	0.715125
1370	0.706825
1371	0.710750
1372	0.694900
1373	0.703775
1374	0.689925
1375	0.693175
1376	0.697800
1377	0.697625
1378	0.697925
1379	0.702600
1380	0.709525
1381	0.718025
1382	0.696025
1383	0.709925
1384	0.705900
1385	0.687250
1386	0.697675
1387	0.728700
1388	0.718725
1389	0.711875
1390	0.683850
1391	0.689775
1392	0.718875
1393	0.712750
1394	0.706800
1395	0.699525
1396	0.708525
1397	0.698950
1398	0.678100
1399	0.709600
1400	0.691975
1401	0.708225
1402	0.732550
1403	0.700475
1404	0.697250
1405	0.679100
1406	0.713625
1407	0.705025
1408	0.701225
1409	0.715475
1410	0.703900
1411	0.710350
1412	0.698550
1413	0.700175
1414	0.717775
1415	0.678150
1416	0.670625
1417	0.683025
1418	0.705300
1419	0.708575
1420	0.705850
1421	0.715125
1422	0.711275
1423	0.709000
1424	0.703100
1425	0.683975
1426	0.693100
1427	0.716300
1428	0.672700
1429	0.711225
1430	0.673200
1431	0.691550
1432	0.717575
1433	0.717650
1434	0.715150
1435	0.696600
1436	0.711100
1437	0.696250
1438	0.706000
1439	0.712500
1440	0.707975
1441	0.691400
1442	0.700000
1443	0.699175
1444	0.695225
1445	0.723350
1446	0.717375
1447	0.703175
1448	0.689125
1449	0.674150
1450	0.703375
1451	0.703025
1452	0.687475
1453	0.701075
1454	0.715225
1455	0.690025
1456	0.699050
1457	0.687100
1458	0.712025
1459	0.699400
1460	0.685250
1461	0.720900
1462	0.716450
1463	0.700175
1464	0.701000
1465	0.700175
1466	0.687875
1467	0.688125
1468	0.701650
1469	0.680625
1470	0.716725
1471	0.707800
1472	0.709275
1473	0.705825
1474	0.708400
1475	0.671850
1476	0.712425
1477	0.707575
1478	0.724625
1479	0.703925
1480	0.721975
1481	0.714675
1482	0.718375
1483	0.698875
1484	0.688600
1485	0.710700
1486	0.707650
1487	0.699875
1488	0.732125
1489	0.709000
1490	0.687625
1491	0.698025
1492	0.697050
1493	0.711175
1494	0.712500
1495	0.708500
1496	0.687650
1497	0.709925
1498	0.680000
1499	0.681050
1500	0.708350
1501	0.708250
1502	0.676125
1503	0.709775
1504	0.688675
1505	0.694250
1506	0.690500
1507	0.706300
1508	0.714675
1509	0.684525
1510	0.724275
1511	0.714200
1512	0.712175
1513	0.707875
1514	0.682400
1515	0.702625
1516	0.706025
1517	0.698775
1518	0.701500
1519	0.711550
1520	0.710525
1521	0.700075
1522	0.696600
1523	0.695600
1524	0.697175
1525	0.703425
1526	0.692950
1527	0.682400
1528	0.704500
1529	0.708950
1530	0.712925
1531	0.709850
1532	0.707350
1533	0.711725
1534	0.700500
1535	0.708550
1536	0.682525
1537	0.702800
1538	0.707975
1539	0.712875
1540	0.680900
1541	0.696575
1542	0.687350
1543	0.720950
1544	0.699700
1545	0.722375
1546	0.687550
1547	0.693250
1548	0.705875
1549	0.698300
1550	0.695275
1551	0.675750
1552	0.710800
1553	0.678950
1554	0.695200
1555	0.695875
1556	0.693400
1557	0.691850
1558	0.717300
1559	0.689050
1560	0.710850
1561	0.693200
1562	0.709025
1563	0.712950
1564	0.716825
1565	0.690175
1566	0.689375
1567	0.695250
1568	0.715075
1569	0.713425
1570	0.681775
1571	0.695400
1572	0.689950
1573	0.714450
1574	0.714125
1575	0.723325
1576	0.697150
1577	0.708700
1578	0.733050
1579	0.706375
1580	0.703375
1581	0.698550
1582	0.710225
1583	0.687825
1584	0.693000
1585	0.686725
1586	0.700350
1587	0.704775
1588	0.681125
1589	0.712900
1590	0.712375
1591	0.689150
1592	0.711975
1593	0.718950
1594	0.713700
1595	0.679200
1596	0.708275
1597	0.698825
1598	0.704250
1599	0.674075
1600	0.703525
1601	0.691050
1602	0.708275
1603	0.695450
1604	0.709000
1605	0.691150
1606	0.715025
1607	0.695675
1608	0.714275
1609	0.699925
1610	0.709550
1611	0.703400
1612	0.710025
1613	0.737125
1614	0.708325
1615	0.720350
1616	0.711650
1617	0.703950
1618	0.715375
1619	0.703450
1620	0.723925
1621	0.701200
1622	0.683450
1623	0.709750
1624	0.704675
1625	0.682800
1626	0.719425
1627	0.713875
1628	0.691825
1629	0.707400
1630	0.685100
1631	0.696000
1632	0.687975
1633	0.701975
1634	0.693700
1635	0.700900
1636	0.690925
1637	0.693425
1638	0.684275
1639	0.727375
1640	0.719350
1641	0.690450
1642	0.698625
1643	0.712950
1644	0.698875
1645	0.712500
1646	0.732500
1647	0.699150
1648	0.701425
1649	0.710050
1650	0.703050
1651	0.706150
1652	0.709375
1653	0.691825
1654	0.708350
1655	0.707525
1656	0.711000
1657	0.699975
1658	0.702975
1659	0.717000
1660	0.699775
1661	0.679425
1662	0.704625
1663	0.686350
1664	0.706475
1665	0.708525
1666	0.724825
1667	0.705500
1668	0.709875
1669	0.692025
1670	0.699800
1671	0.701575
1672	0.706575
1673	0.709300
1674	0.709375
1675	0.706675
1676	0.708425
1677	0.719500
1678	0.704900
1679	0.688275
1680	0.722850
1681	0.725950
1682	0.700850
1683	0.691675
1684	0.701900
1685	0.704000
1686	0.697200
1687	0.703650
1688	0.722725
1689	0.689250
1690	0.706600
1691	0.703475
1692	0.700900
1693	0.681075
1694	0.691650
1695	0.690700
1696	0.705950
1697	0.669000
1698	0.700775
1699	0.701200
1700	0.702425
1701	0.699925
1702	0.679875
1703	0.706100
1704	0.697275
1705	0.715525
1706	0.700925
1707	0.702625
1708	0.710650
1709	0.686950
1710	0.705850
1711	0.683025
1712	0.710475
1713	0.696125
1714	0.700875
1715	0.683925
1716	0.676525
1717	0.698250
1718	0.698775
1719	0.712075
1720	0.693450
1721	0.676800
1722	0.724275
1723	0.712575
1724	0.718925
1725	0.685900
1726	0.690450
1727	0.705750
1728	0.689850
1729	0.701925
1730	0.702575
1731	0.710250
1732	0.692325
1733	0.691500
1734	0.700525
1735	0.698525
1736	0.695150
1737	0.698550
1738	0.687975
1739	0.689375
1740	0.684300
1741	0.688075
1742	0.701250
1743	0.694400
1744	0.705200
1745	0.676125
1746	0.705025
1747	0.688075
1748	0.708750
1749	0.707475
1750	0.672950
1751	0.687125
1752	0.724475
1753	0.709500
1754	0.723025
1755	0.691550
1756	0.717200
1757	0.695925
1758	0.695400
1759	0.684600
1760	0.698050
1761	0.693025
1762	0.688150
1763	0.678250
1764	0.697425
1765	0.677875
1766	0.712050
1767	0.735750
1768	0.689325
1769	0.697600
1770	0.695400
1771	0.711450
1772	0.677350
1773	0.718450
1774	0.707075
1775	0.730725
1776	0.709525
1777	0.707400
1778	0.686300
1779	0.702100
1780	0.714925
1781	0.696500
1782	0.712600
1783	0.696900
1784	0.692500
1785	0.707150
1786	0.720425
1787	0.694300
1788	0.700725
1789	0.718625
1790	0.697925
1791	0.692775
1792	0.710075
1793	0.716550
1794	0.709150
1795	0.691625
1796	0.700625
1797	0.709375
1798	0.704300
1799	0.702750
1800	0.703375
1801	0.722000
1802	0.699175
1803	0.716950
1804	0.701850
1805	0.700275
1806	0.723825
1807	0.711975
1808	0.691950
1809	0.691350
1810	0.691775
1811	0.702825
1812	0.710825
1813	0.711200
1814	0.729900
1815	0.727800
1816	0.686650
1817	0.704325
1818	0.703350
1819	0.706000
1820	0.703075
1821	0.709475
1822	0.703375
1823	0.704950
1824	0.696375
1825	0.693375
1826	0.703225
1827	0.712400
1828	0.699650
1829	0.700425
1830	0.693350
1831	0.706100
1832	0.704375
1833	0.700850
1834	0.704000
1835	0.701450
1836	0.691525
1837	0.691750
1838	0.700825
1839	0.723475
1840	0.685950
1841	0.672175
1842	0.709900
1843	0.688525
1844	0.703925
1845	0.690025
1846	0.698050
1847	0.678100
1848	0.697800
1849	0.699025
1850	0.721825
1851	0.713325
1852	0.708225
1853	0.698500
1854	0.703925
1855	0.690025
1856	0.707775
1857	0.708100
1858	0.697100
1859	0.709725
1860	0.703850
1861	0.712975
1862	0.706950
1863	0.689150
1864	0.673400
1865	0.687550
1866	0.706650
1867	0.688525
1868	0.708225
1869	0.691600
1870	0.675075
1871	0.694375
1872	0.705925
1873	0.685300
1874	0.688075
1875	0.704650
1876	0.692225
1877	0.716100
1878	0.705400
1879	0.704725
1880	0.693900
1881	0.704375
1882	0.719075
1883	0.701375
1884	0.702700
1885	0.663425
1886	0.702175
1887	0.704075
1888	0.691100
1889	0.699700
1890	0.687350
1891	0.709675
1892	0.715925
1893	0.714075
1894	0.699050
1895	0.697150
1896	0.690200
1897	0.687175
1898	0.708550
1899	0.700475
1900	0.686550
1901	0.709175
1902	0.700800
1903	0.699350
1904	0.711750
1905	0.700575
1906	0.695925
1907	0.687825
1908	0.709050
1909	0.700850
1910	0.685400
1911	0.718875
1912	0.680200
1913	0.699200
1914	0.707000
1915	0.730475
1916	0.699350
1917	0.680000
1918	0.696175
1919	0.707950
1920	0.707375
1921	0.713175
1922	0.726100
1923	0.694375
1924	0.703025
1925	0.716200
1926	0.710875
1927	0.702875
1928	0.717600
1929	0.717925
1930	0.697850
1931	0.665875
1932	0.699450
1933	0.702325
1934	0.670075
1935	0.707125
1936	0.707750
1937	0.715300
1938	0.684650
1939	0.696375
1940	0.693625
1941	0.732875
1942	0.709425
1943	0.688975
1944	0.716275
1945	0.689425
1946	0.704600
1947	0.687350
1948	0.700025
1949	0.694900
1950	0.705550
1951	0.699575
1952	0.709050
1953	0.696625
1954	0.703600
1955	0.716100
1956	0.692225
1957	0.698950
1958	0.700975
1959	0.696725
1960	0.699975
1961	0.681750
1962	0.707175
1963	0.688350
1964	0.711950
1965	0.707175
1966	0.711825
1967	0.697250
1968	0.673950
1969	0.709675
1970	0.709425
1971	0.687100
1972	0.709475
1973	0.700925
1974	0.706425
1975	0.719050
1976	0.695175
1977	0.719275
1978	0.711150
1979	0.698575
1980	0.704425
1981	0.708300
1982	0.711400
1983	0.712000
1984	0.679625
1985	0.708875
1986	0.696225
1987	0.697175
1988	0.671900
1989	0.715700
1990	0.688700
1991	0.686675
1992	0.680175
1993	0.700225
1994	0.695525
1995	0.686025
1996	0.710400
1997	0.711725
1998	0.691100
1999	0.696300
2000	0.706100
2001	0.696000
2002	0.708175
2003	0.697425
2004	0.720475
2005	0.691350
2006	0.686475
2007	0.714600
2008	0.715200
2009	0.725875
2010	0.709175
2011	0.705775
2012	0.693175
2013	0.687100
2014	0.696000
2015	0.694400
2016	0.699825
2017	0.702600
2018	0.720600
2019	0.697700
2020	0.695825
2021	0.673025
2022	0.673975
2023	0.715125
2024	0.696550
2025	0.710875
2026	0.698775
2027	0.690525
2028	0.715050
2029	0.691225
2030	0.699125
2031	0.697700
2032	0.694975
2033	0.703525
2034	0.683150
2035	0.702000
2036	0.693000
2037	0.697675
2038	0.685100
2039	0.714400
2040	0.715875
2041	0.674600
2042	0.697075
2043	0.689075
2044	0.711750
2045	0.685075
2046	0.695375
2047	0.710500
2048	0.700625
2049	0.669500
2050	0.669575
2051	0.691550
2052	0.696100
2053	0.717475
2054	0.701750
2055	0.704900
2056	0.709375
2057	0.693975
2058	0.705675
2059	0.700850
2060	0.701950
2061	0.689900
2062	0.698700
2063	0.692325
2064	0.674000
2065	0.706825
2066	0.717950
2067	0.726175
2068	0.700400
2069	0.699200
2070	0.705900
2071	0.689250
2072	0.695550
2073	0.719250
2074	0.684425
2075	0.707675
2076	0.702250
2077	0.694300
2078	0.678625
2079	0.695150
2080	0.710750
2081	0.710275
2082	0.696375
2083	0.700250
2084	0.699350
2085	0.702625
2086	0.687850
2087	0.683925
2088	0.689125
2089	0.699200
2090	0.714200
2091	0.698925
2092	0.688375
2093	0.689300
2094	0.708400
2095	0.698650
2096	0.675575
2097	0.689950
2098	0.676025
2099	0.706600
2100	0.714000
2101	0.709775
2102	0.679925
2103	0.709925
2104	0.719125
2105	0.704200
2106	0.695125
2107	0.710150
2108	0.718225
2109	0.678050
2110	0.704775
2111	0.707700
2112	0.714075
2113	0.704375
2114	0.690600
2115	0.710775
2116	0.689500
2117	0.696500
2118	0.714675
2119	0.724350
2120	0.719375
2121	0.713900
2122	0.720625
2123	0.694700
2124	0.694825
2125	0.711600
2126	0.691425
2127	0.713025
2128	0.695200
2129	0.700175
2130	0.700650
2131	0.720900
2132	0.709850
2133	0.724050
2134	0.689000
2135	0.700725
2136	0.694525
2137	0.693725
2138	0.690900
2139	0.677125
2140	0.697975
2141	0.679325
2142	0.713325
2143	0.680950
2144	0.712800
2145	0.693075
2146	0.696000
2147	0.721575
2148	0.703900
2149	0.703975
2150	0.705500
2151	0.700225
2152	0.693150
2153	0.674525
2154	0.679200
2155	0.690075
2156	0.706825
2157	0.676475
2158	0.696525
2159	0.699950
2160	0.705375
2161	0.700025
2162	0.694025
2163	0.697775
2164	0.704625
2165	0.694875
2166	0.702050
2167	0.686450
2168	0.696725
2169	0.714425
2170	0.710225
2171	0.684225
2172	0.702825
2173	0.715875
2174	0.711975
2175	0.735175
2176	0.706950
2177	0.717875
2178	0.705075
2179	0.698850
2180	0.698500
2181	0.705000
2182	0.709225
2183	0.695925
2184	0.683875
2185	0.693000
2186	0.689850
2187	0.692625
2188	0.686200
2189	0.692275
2190	0.709600
2191	0.711050
2192	0.688100
2193	0.727525
2194	0.713075
2195	0.709225
2196	0.707250
2197	0.693175
2198	0.675350
2199	0.687625
2200	0.724950
2201	0.686800
2202	0.712425
2203	0.697775
2204	0.698825
2205	0.684050
2206	0.698725
2207	0.695450
2208	0.693500
2209	0.718700
2210	0.712225
2211	0.728175
2212	0.705750
2213	0.697775
2214	0.712600
2215	0.696675
2216	0.699450
2217	0.703575
2218	0.707050
2219	0.704575
2220	0.709075
2221	0.703125
2222	0.690100
2223	0.679750
2224	0.689150
2225	0.698000
2226	0.713575
2227	0.699575
2228	0.711675
2229	0.687000
2230	0.685200
2231	0.714300
2232	0.697725
2233	0.695325
2234	0.720325
2235	0.700625
2236	0.688100
2237	0.712825
2238	0.692950
2239	0.702375
2240	0.698175
2241	0.691750
2242	0.685025
2243	0.705400
2244	0.706550
2245	0.691975
2246	0.697975
2247	0.681900
2248	0.697375
2249	0.684175
2250	0.708175
2251	0.722275
2252	0.694600
2253	0.694250
2254	0.708625
2255	0.699350
2256	0.693075
2257	0.711400
2258	0.679450
2259	0.700550
2260	0.719950
2261	0.707550
2262	0.711775
2263	0.705750
2264	0.696050
2265	0.701800
2266	0.686850
2267	0.692200
2268	0.687050
2269	0.690875
2270	0.693625
2271	0.703975
2272	0.699250
2273	0.666500
2274	0.686175
2275	0.710050
2276	0.693500
2277	0.721075
2278	0.704525
2279	0.686450
2280	0.688750
2281	0.688275
2282	0.685950
2283	0.678900
2284	0.692275
2285	0.708150
2286	0.712500
2287	0.686025
2288	0.698025
2289	0.702400
2290	0.697725
2291	0.713350
2292	0.716550
2293	0.705550
2294	0.682525
2295	0.709425
2296	0.685750
2297	0.699925
2298	0.705675
2299	0.713300
2300	0.709000
2301	0.693650
2302	0.693450
2303	0.699875
2304	0.706325
2305	0.708325
2306	0.684900
2307	0.698050
2308	0.704125
2309	0.687600
2310	0.698225
2311	0.705575
2312	0.699325
2313	0.699600
2314	0.700200
2315	0.724725
2316	0.716900
2317	0.715575
2318	0.668475
2319	0.686400
2320	0.692725
2321	0.694700
2322	0.716250
2323	0.687550
2324	0.697150
2325	0.709725
2326	0.695325
2327	0.726650
2328	0.687825
2329	0.700050
2330	0.695575
2331	0.725225
2332	0.688450
2333	0.693825
2334	0.710450
2335	0.707325
2336	0.704425
2337	0.700625
2338	0.701050
2339	0.700675
2340	0.717200
2341	0.693900
2342	0.707550
2343	0.703150
2344	0.691675
2345	0.705650
2346	0.698525
2347	0.715600
2348	0.719050
2349	0.719500
2350	0.692050
2351	0.713875
2352	0.703375
2353	0.715375
2354	0.704425
2355	0.714250
2356	0.696200
2357	0.707325
2358	0.691400
2359	0.684300
2360	0.691200
2361	0.704800
2362	0.707000
2363	0.697200
2364	0.716625
2365	0.718875
2366	0.704525
2367	0.695850
2368	0.712200
2369	0.692600
2370	0.715150
2371	0.700350
2372	0.688550
2373	0.701025
2374	0.703450
2375	0.726825
2376	0.701675
2377	0.701175
2378	0.718075
2379	0.703625
2380	0.691275
2381	0.698050
2382	0.698800
2383	0.714125
2384	0.698700
2385	0.721175
2386	0.707725
2387	0.701300
2388	0.701900
2389	0.700875
2390	0.697550
2391	0.702075
2392	0.701175
2393	0.688800
2394	0.701975
2395	0.700775
2396	0.692525
2397	0.706150
2398	0.705025
2399	0.698500
2400	0.692050
2401	0.722650
2402	0.717900
2403	0.704350
2404	0.700450
2405	0.680400
2406	0.698475
2407	0.696000
2408	0.697850
2409	0.703850
2410	0.693750
2411	0.697325
2412	0.711025
2413	0.699100
2414	0.699400
2415	0.670150
2416	0.696225
2417	0.693725
2418	0.704375
2419	0.699775
2420	0.717275
2421	0.716200
2422	0.685375
2423	0.702250
2424	0.690950
2425	0.704950
2426	0.699475
2427	0.697725
2428	0.680725
2429	0.707900
2430	0.708100
2431	0.721050
2432	0.699650
2433	0.704525
2434	0.699475
2435	0.699750
2436	0.692175
2437	0.712725
2438	0.717350
2439	0.706150
2440	0.688850
2441	0.698925
2442	0.687800
2443	0.691675
2444	0.710350
2445	0.704625
2446	0.705150
2447	0.715875
2448	0.703375
2449	0.708025
2450	0.700850
2451	0.685150
2452	0.712900
2453	0.694000
2454	0.698450
2455	0.705550
2456	0.701250
2457	0.711525
2458	0.706325
2459	0.721400
2460	0.693575
2461	0.716025
2462	0.700225
2463	0.709550
2464	0.722125
2465	0.710125
2466	0.714425
2467	0.710925
2468	0.715800
2469	0.705125
2470	0.704125
2471	0.687700
2472	0.676175
2473	0.724675
2474	0.705125
2475	0.706900
2476	0.683800
2477	0.699225
2478	0.698825
2479	0.702775
2480	0.696200
2481	0.703650
2482	0.680950
2483	0.707575
2484	0.700075
2485	0.700800
2486	0.697100
2487	0.681950
2488	0.693350
2489	0.698775
2490	0.683075
2491	0.689275
2492	0.684275
2493	0.695575
2494	0.697875
2495	0.706150
2496	0.693375
2497	0.685900
2498	0.697175
2499	0.702375
2500	0.688500
2501	0.690000
2502	0.697850
2503	0.698800
2504	0.705625
2505	0.696650
2506	0.716875
2507	0.697825
2508	0.696025
2509	0.699950
2510	0.705650
2511	0.715550
2512	0.722600
2513	0.684125
2514	0.704625
2515	0.705425
2516	0.707500
2517	0.697250
2518	0.715075
2519	0.702050
2520	0.708425
2521	0.705500
2522	0.689125
2523	0.703450
2524	0.710750
2525	0.704700
2526	0.710625
2527	0.713825
2528	0.707375
2529	0.731775
2530	0.711825
2531	0.713375
2532	0.695650
2533	0.708075
2534	0.691325
2535	0.703825
2536	0.689275
2537	0.711200
2538	0.684350
2539	0.694000
2540	0.694625
2541	0.686000
2542	0.720750
2543	0.707350
2544	0.712875
2545	0.703600
2546	0.685550
2547	0.689525
2548	0.723400
2549	0.687925
2550	0.698100
2551	0.702075
2552	0.692975
2553	0.687250
2554	0.718750
2555	0.682950
2556	0.692175
2557	0.711050
2558	0.701825
2559	0.716975
2560	0.718150
2561	0.713475
2562	0.677125
2563	0.684925
2564	0.711600
2565	0.707500
2566	0.713000
2567	0.711675
2568	0.701575
2569	0.702500
2570	0.707925
2571	0.681600
2572	0.705975
2573	0.702400
2574	0.695175
2575	0.703850
2576	0.699800
2577	0.679100
2578	0.696100
2579	0.693950
2580	0.699250
2581	0.712850
2582	0.692450
2583	0.678400
2584	0.704200
2585	0.686950
2586	0.679575
2587	0.712575
2588	0.677325
2589	0.705825
2590	0.698675
2591	0.701125
2592	0.714225
2593	0.712050
2594	0.702050
2595	0.711850
2596	0.691800
2597	0.712600
2598	0.698900
2599	0.720450
2600	0.707125
2601	0.695025
2602	0.718300
2603	0.716325
2604	0.688200
2605	0.713875
2606	0.690600
2607	0.684500
2608	0.694800
2609	0.704800
2610	0.682625
2611	0.697450
2612	0.705825
2613	0.709850
2614	0.709675
2615	0.697950
2616	0.705475
2617	0.715950
2618	0.680925
2619	0.710550
2620	0.703750
2621	0.684075
2622	0.693875
2623	0.696175
2624	0.710075
2625	0.685425
2626	0.702625
2627	0.704250
2628	0.687125
2629	0.676425
2630	0.701975
2631	0.704400
2632	0.715350
2633	0.698350
2634	0.720675
2635	0.681500
2636	0.706525
2637	0.707050
2638	0.702775
2639	0.705625
2640	0.713050
2641	0.706025
2642	0.734150
2643	0.708925
2644	0.688800
2645	0.706850
2646	0.679525
2647	0.707275
2648	0.698150
2649	0.712975
2650	0.712850
2651	0.680250
2652	0.694725
2653	0.676425
2654	0.702775
2655	0.695250
2656	0.718700
2657	0.712500
2658	0.705300
2659	0.711875
2660	0.697025
2661	0.686450
2662	0.686800
2663	0.727050
2664	0.678975
2665	0.704775
2666	0.699500
2667	0.692675
2668	0.710125
2669	0.708475
2670	0.727875
2671	0.706250
2672	0.706650
2673	0.704250
2674	0.679025
2675	0.704375
2676	0.695800
2677	0.716200
2678	0.720475
2679	0.713875
2680	0.700800
2681	0.715025
2682	0.704050
2683	0.722500
2684	0.694275
2685	0.689375
2686	0.712100
2687	0.706325
2688	0.699500
2689	0.708550
2690	0.704225
2691	0.715900
2692	0.709500
2693	0.712125
2694	0.690700
2695	0.701325
2696	0.702500
2697	0.688650
2698	0.677375
2699	0.704700
2700	0.706750
2701	0.718650
2702	0.728075
2703	0.703550
2704	0.695675
2705	0.707350
2706	0.708375
2707	0.697650
2708	0.681125
2709	0.710025
2710	0.687575
2711	0.700425
2712	0.696575
2713	0.702375
2714	0.705575
2715	0.714925
2716	0.685925
2717	0.698725
2718	0.701100
2719	0.721700
2720	0.697775
2721	0.711325
2722	0.688600
2723	0.721100
2724	0.711600
2725	0.723675
2726	0.694450
2727	0.714950
2728	0.718100
2729	0.705850
2730	0.711225
2731	0.702300
2732	0.688250
2733	0.705450
2734	0.699750
2735	0.720800
2736	0.705950
2737	0.692775
2738	0.697125
2739	0.701500
2740	0.717150
2741	0.710175
2742	0.707775
2743	0.715125
2744	0.679850
2745	0.695100
2746	0.710175
2747	0.701925
2748	0.688675
2749	0.690350
2750	0.700650
2751	0.699125
2752	0.714475
2753	0.696925
2754	0.704925
2755	0.698675
2756	0.682475
2757	0.691800
2758	0.699250
2759	0.696350
2760	0.703325
2761	0.704175
2762	0.715425
2763	0.724600
2764	0.711250
2765	0.693650
2766	0.679350
2767	0.692850
2768	0.726325
2769	0.682775
2770	0.682925
2771	0.680225
2772	0.701775
2773	0.697275
2774	0.706675
2775	0.699350
2776	0.698200
2777	0.700275
2778	0.698150
2779	0.688300
2780	0.697300
2781	0.690200
2782	0.702875
2783	0.714550
2784	0.700875
2785	0.697750
2786	0.676600
2787	0.728850
2788	0.697525
2789	0.693650
2790	0.705050
2791	0.682800
2792	0.688825
2793	0.689275
2794	0.702525
2795	0.715375
2796	0.700725
2797	0.674350
2798	0.697875
2799	0.717225
2800	0.696700
2801	0.692050
2802	0.694100
2803	0.703775
2804	0.710975
2805	0.719650
2806	0.708275
2807	0.729300
2808	0.698350
2809	0.696225
2810	0.702475
2811	0.686850
2812	0.694375
2813	0.726100
2814	0.713125
2815	0.710000
2816	0.700675
2817	0.698550
2818	0.706925
2819	0.677000
2820	0.708150
2821	0.702775
2822	0.716975
2823	0.705875
2824	0.691875
2825	0.706225
2826	0.701800
2827	0.726200
2828	0.703250
2829	0.690250
2830	0.712375
2831	0.729675
2832	0.702975
2833	0.698750
2834	0.701600
2835	0.679250
2836	0.662000
2837	0.693225
2838	0.695625
2839	0.698575
2840	0.707650
2841	0.699125
2842	0.719725
2843	0.710475
2844	0.704025
2845	0.696250
2846	0.723800
2847	0.684450
2848	0.715875
2849	0.714850
2850	0.688475
2851	0.710625
2852	0.707050
2853	0.690175
2854	0.718750
2855	0.710925
2856	0.698150
2857	0.692100
2858	0.694300
2859	0.689325
2860	0.695225
2861	0.710575
2862	0.702650
2863	0.708400
2864	0.700175
2865	0.730225
2866	0.723150
2867	0.707950
2868	0.681500
2869	0.714675
2870	0.678800
2871	0.674925
2872	0.695550
2873	0.703200
2874	0.702125
2875	0.710725
2876	0.692525
2877	0.703050
2878	0.708325
2879	0.709100
2880	0.698425
2881	0.697975
2882	0.708750
2883	0.707525
2884	0.697450
2885	0.714025
2886	0.699150
2887	0.703525
2888	0.709975
2889	0.697150
2890	0.697850
2891	0.700775
2892	0.706425
2893	0.698500
2894	0.681675
2895	0.695300
2896	0.679250
2897	0.706125
2898	0.699300
2899	0.713350
2900	0.694375
2901	0.697850
2902	0.711225
2903	0.709900
2904	0.707725
2905	0.706000
2906	0.706650
2907	0.683450
2908	0.704250
2909	0.707825
2910	0.709450
2911	0.699775
2912	0.696875
2913	0.716250
2914	0.714775
2915	0.707800
2916	0.718400
2917	0.710650
2918	0.682975
2919	0.698375
2920	0.693925
2921	0.696775
2922	0.704850
2923	0.696025
2924	0.698600
2925	0.710900
2926	0.713500
2927	0.697625
2928	0.711450
2929	0.720450
2930	0.688650
2931	0.725625
2932	0.696775
2933	0.718875
2934	0.676700
2935	0.711475
2936	0.704725
2937	0.688450
2938	0.709925
2939	0.692650
2940	0.710525
2941	0.696950
2942	0.701975
2943	0.693700
2944	0.683600
2945	0.694075
2946	0.712250
2947	0.711225
2948	0.701175
2949	0.693575
2950	0.707425
2951	0.688025
2952	0.701975
2953	0.696675
2954	0.703975
2955	0.714925
2956	0.686925
2957	0.706900
2958	0.696175
2959	0.698875
2960	0.678550
2961	0.709950
2962	0.716800
2963	0.714500
2964	0.709625
2965	0.692400
2966	0.728150
2967	0.715125
2968	0.706875
2969	0.694700
2970	0.707975
2971	0.702050
2972	0.691675
2973	0.685825
2974	0.706600
2975	0.697825
2976	0.702475
2977	0.707875
2978	0.700250
2979	0.688075
2980	0.687500
2981	0.701000
2982	0.680625
2983	0.679325
2984	0.702675
2985	0.721300
2986	0.703350
2987	0.698075
2988	0.693050
2989	0.708300
2990	0.710250
2991	0.687775
2992	0.731200
2993	0.702975
2994	0.704750
2995	0.700450
2996	0.693475
2997	0.701475
2998	0.697850
2999	0.690200
3000	0.705625
