1	0.000016
2	0.000048
3	0.000096
4	0.000160
5	0.000240
6	0.000352
7	0.000528
8	0.000768
9	0.000944
10	0.001472
11	0.001952
12	0.002800
13	0.003792
14	0.004960
15	0.006496
16	0.008144
17	0.010000
18	0.012144
19	0.013664
20	0.016032
21	0.018080
22	0.020368
23	0.022960
24	0.025408
25	0.027584
26	0.030128
27	0.032512
28	0.034992
29	0.037424
30	0.039360
31	0.041744
32	0.043968
33	0.045904
34	0.047552
35	0.049008
36	0.050560
37	0.051808
38	0.053440
39	0.055184
40	0.056288
41	0.057696
42	0.058976
43	0.059456
44	0.061024
45	0.063072
46	0.064608
47	0.065744
48	0.068064
49	0.070176
50	0.072016
51	0.073376
52	0.074400
53	0.075584
54	0.077056
55	0.078528
56	0.080544
57	0.081600
58	0.082528
59	0.083072
60	0.083904
61	0.085744
62	0.087328
63	0.088928
64	0.090080
65	0.091952
66	0.094304
67	0.096432
68	0.097424
69	0.098560
70	0.099728
71	0.100080
72	0.101600
73	0.103200
74	0.104304
75	0.105152
76	0.105840
77	0.106704
78	0.108608
79	0.110352
80	0.111776
81	0.112832
82	0.114800
83	0.116688
84	0.117632
85	0.119536
86	0.120496
87	0.121696
88	0.122560
89	0.124240
90	0.125376
91	0.125920
92	0.126656
93	0.127552
94	0.129200
95	0.130304
96	0.132320
97	0.133392
98	0.134560
99	0.135904
100	0.137936
101	0.139264
102	0.140592
103	0.141728
104	0.142432
105	0.143872
106	0.144736
107	0.146128
108	0.147120
109	0.147312
110	0.148768
111	0.149248
112	0.150320
113	0.152432
114	0.153328
115	0.154880
116	0.156800
117	0.157808
118	0.159488
119	0.160512
120	0.161376
121	0.162288
122	0.163200
123	0.164000
124	0.164400
125	0.165584
126	0.166320
127	0.167040
128	0.168128
129	0.170064
130	0.172000
131	0.172336
132	0.173744
133	0.174832
134	0.176384
135	0.177488
136	0.178288
137	0.179504
138	0.180272
139	0.181616
140	0.182112
141	0.182976
142	0.183632
143	0.184640
144	0.184944
145	0.186112
146	0.187584
147	0.190160
148	0.190208
149	0.191504
150	0.193344
151	0.194368
152	0.195536
153	0.196128
154	0.197616
155	0.197168
156	0.198624
157	0.199088
158	0.199952
159	0.201136
160	0.201856
161	0.201680
162	0.203488
163	0.206032
164	0.206832
165	0.208176
166	0.209264
167	0.211232
168	0.211312
169	0.212368
170	0.213088
171	0.214224
172	0.214768
173	0.216000
174	0.216080
175	0.216160
176	0.217232
177	0.218848
178	0.219104
179	0.221024
180	0.222352
181	0.223792
182	0.224640
183	0.225552
184	0.227056
185	0.227616
186	0.228176
187	0.229904
188	0.229888
189	0.230528
190	0.231728
191	0.232144
192	0.232592
193	0.234384
194	0.234384
195	0.235888
196	0.237840
197	0.239008
198	0.239552
199	0.240656
200	0.241936
201	0.243328
202	0.242656
203	0.243872
204	0.244448
205	0.245600
206	0.246128
207	0.246528
208	0.246688
209	0.247968
210	0.248592
211	0.249744
212	0.250048
213	0.252608
214	0.254736
215	0.254832
216	0.256288
217	0.257952
218	0.258240
219	0.258400
220	0.258736
221	0.259888
222	0.260464
223	0.260608
224	0.260384
225	0.261424
226	0.262848
227	0.263872
228	0.264640
229	0.266160
230	0.267600
231	0.268544
232	0.269360
233	0.270192
234	0.272736
235	0.272000
236	0.272016
237	0.273904
238	0.273888
239	0.274352
240	0.275152
241	0.275008
242	0.276944
243	0.277344
244	0.278080
245	0.279280
246	0.280192
247	0.282016
248	0.283248
249	0.284224
250	0.286128
251	0.287168
252	0.287792
253	0.288208
254	0.288304
255	0.288496
256	0.289280
257	0.289456
258	0.289296
259	0.290672
260	0.292352
261	0.292912
262	0.293280
263	0.295088
264	0.296736
265	0.296928
266	0.297296
267	0.298592
268	0.299664
269	0.299472
270	0.301024
271	0.301680
272	0.302720
273	0.302496
274	0.303712
275	0.303824
276	0.304672
277	0.305520
278	0.305616
279	0.307424
280	0.307392
281	0.310016
282	0.310832
283	0.310944
284	0.311712
285	0.313072
286	0.313136
287	0.313184
288	0.314544
289	0.315568
290	0.315024
291	0.315504
292	0.316576
293	0.317120
294	0.317872
295	0.319776
296	0.320112
297	0.321632
298	0.323152
299	0.323216
300	0.324928
301	0.325216
302	0.325536
303	0.326208
304	0.326384
305	0.326736
306	0.327552
307	0.327616
308	0.328368
309	0.329760
310	0.330272
311	0.331680
312	0.332544
313	0.333072
314	0.333680
315	0.335392
316	0.336064
317	0.336560
318	0.338064
319	0.338304
320	0.337216
321	0.338848
322	0.340192
323	0.339840
324	0.339776
325	0.340240
326	0.341088
327	0.342112
328	0.344128
329	0.344720
330	0.346128
331	0.346368
332	0.347248
333	0.347648
334	0.348352
335	0.348944
336	0.349664
337	0.349472
338	0.349728
339	0.349616
340	0.350320
341	0.350352
342	0.352208
343	0.354048
344	0.354288
345	0.355120
346	0.356464
347	0.356720
348	0.358160
349	0.358816
350	0.359504
351	0.361504
352	0.361712
353	0.361312
354	0.362208
355	0.361536
356	0.361856
357	0.363328
358	0.363440
359	0.363600
360	0.364816
361	0.365472
362	0.366240
363	0.367280
364	0.368368
365	0.369712
366	0.370272
367	0.370352
368	0.371056
369	0.372496
370	0.373184
371	0.372128
372	0.373712
373	0.374224
374	0.374672
375	0.374400
376	0.375312
377	0.377536
378	0.377584
379	0.378896
380	0.380272
381	0.381072
382	0.382048
383	0.382736
384	0.382464
385	0.382976
386	0.383760
387	0.384272
388	0.384656
389	0.384240
390	0.385264
391	0.385952
392	0.386528
393	0.386784
394	0.387952
395	0.389488
396	0.389824
397	0.390992
398	0.391024
399	0.391888
400	0.392544
401	0.394032
402	0.394800
403	0.394352
404	0.393984
405	0.393888
406	0.394944
407	0.396368
408	0.396336
409	0.396928
410	0.397536
411	0.398560
412	0.398816
413	0.400384
414	0.401008
415	0.402288
416	0.402096
417	0.403296
418	0.403808
419	0.403760
420	0.404960
421	0.404944
422	0.405856
423	0.405264
424	0.406512
425	0.406560
426	0.406896
427	0.408096
428	0.408608
429	0.409104
430	0.409776
431	0.411392
432	0.412992
433	0.412656
434	0.412944
435	0.414016
436	0.414080
437	0.414800
438	0.414080
439	0.414464
440	0.414208
441	0.416288
442	0.416288
443	0.416960
444	0.417888
445	0.419024
446	0.420608
447	0.421024
448	0.421264
449	0.422528
450	0.423008
451	0.422752
452	0.425568
453	0.425424
454	0.424240
455	0.424928
456	0.424224
457	0.425584
458	0.425792
459	0.426704
460	0.428032
461	0.428832
462	0.429472
463	0.429600
464	0.431744
465	0.432880
466	0.432496
467	0.432896
468	0.432784
469	0.433952
470	0.434912
471	0.434752
472	0.435152
473	0.434848
474	0.434576
475	0.436128
476	0.437408
477	0.436192
478	0.437168
479	0.438704
480	0.439680
481	0.440624
482	0.440896
483	0.441024
484	0.441520
485	0.441664
486	0.442576
487	0.442304
488	0.442640
489	0.442768
490	0.442928
491	0.443936
492	0.443936
493	0.445760
494	0.445136
495	0.446896
496	0.448144
497	0.447840
498	0.448352
499	0.450112
500	0.450048
501	0.450992
502	0.451520
503	0.451616
504	0.452496
505	0.450928
506	0.451856
507	0.452272
508	0.452096
509	0.451088
510	0.453168
511	0.455008
512	0.455744
513	0.455248
514	0.456112
515	0.457072
516	0.458240
517	0.457856
518	0.457552
519	0.458656
520	0.458896
521	0.459296
522	0.459456
523	0.459680
524	0.459776
525	0.459024
526	0.460672
527	0.461296
528	0.462560
529	0.462656
530	0.463584
531	0.464496
532	0.465792
533	0.465440
534	0.465712
535	0.467376
536	0.466576
537	0.466624
538	0.466096
539	0.465600
540	0.466304
541	0.467296
542	0.468384
543	0.468592
544	0.470256
545	0.470368
546	0.470176
547	0.471712
548	0.471904
549	0.473472
550	0.472592
551	0.472688
552	0.474544
553	0.474960
554	0.474432
555	0.474224
556	0.473936
557	0.473968
558	0.475200
559	0.474272
560	0.476480
561	0.477648
562	0.478928
563	0.479312
564	0.478736
565	0.479728
566	0.479904
567	0.479296
568	0.479888
569	0.481360
570	0.481312
571	0.480848
572	0.481504
573	0.480368
574	0.480096
575	0.481728
576	0.484688
577	0.484752
578	0.485936
579	0.486000
580	0.485792
581	0.485280
582	0.486080
583	0.486736
584	0.487008
585	0.488032
586	0.489136
587	0.488640
588	0.489456
589	0.488800
590	0.488592
591	0.487520
592	0.489808
593	0.490160
594	0.490448
595	0.490560
596	0.492448
597	0.492928
598	0.492816
599	0.492992
600	0.493248
601	0.494288
602	0.495568
603	0.496400
604	0.494880
605	0.495712
606	0.495328
607	0.494880
608	0.495120
609	0.496480
610	0.495392
611	0.497152
612	0.497232
613	0.497520
614	0.497936
615	0.498272
616	0.497552
617	0.498224
618	0.499360
619	0.501296
620	0.500608
621	0.500816
622	0.499728
623	0.500512
624	0.502080
625	0.503024
626	0.502000
627	0.503216
628	0.503616
629	0.504992
630	0.506544
631	0.506800
632	0.505632
633	0.505680
634	0.506752
635	0.507344
636	0.509536
637	0.508880
638	0.506480
639	0.508064
640	0.507872
641	0.509232
642	0.507744
643	0.508560
644	0.510208
645	0.511744
646	0.509744
647	0.510528
648	0.512368
649	0.510080
650	0.510832
651	0.511744
652	0.512896
653	0.513936
654	0.514928
655	0.512688
656	0.512400
657	0.513568
658	0.513712
659	0.513728
660	0.514672
661	0.515008
662	0.515696
663	0.516416
664	0.517344
665	0.518304
666	0.517360
667	0.517392
668	0.518144
669	0.519184
670	0.518512
671	0.519008
672	0.518624
673	0.517456
674	0.518352
675	0.518176
676	0.518688
677	0.520608
678	0.520944
679	0.521680
680	0.522320
681	0.523632
682	0.523680
683	0.524368
684	0.523280
685	0.523936
686	0.524720
687	0.525424
688	0.523712
689	0.524192
690	0.524656
691	0.523088
692	0.524208
693	0.524720
694	0.526784
695	0.526784
696	0.526336
697	0.526176
698	0.526352
699	0.526912
700	0.528752
701	0.527760
702	0.528480
703	0.528480
704	0.528208
705	0.529968
706	0.529744
707	0.529488
708	0.529200
709	0.530048
710	0.530144
711	0.530768
712	0.531200
713	0.531808
714	0.533072
715	0.531760
716	0.533568
717	0.534096
718	0.533456
719	0.533552
720	0.534368
721	0.534336
722	0.533440
723	0.533808
724	0.533984
725	0.534240
726	0.534832
727	0.535168
728	0.535264
729	0.535376
730	0.536912
731	0.537712
732	0.537952
733	0.538176
734	0.538992
735	0.538608
736	0.538592
737	0.538752
738	0.538176
739	0.539792
740	0.539456
741	0.539232
742	0.538160
743	0.539680
744	0.541760
745	0.541872
746	0.541536
747	0.541600
748	0.541008
749	0.542624
750	0.542656
751	0.544160
752	0.544096
753	0.543552
754	0.544096
755	0.543696
756	0.544416
757	0.543168
758	0.542624
759	0.542976
760	0.542976
761	0.544592
762	0.545232
763	0.546016
764	0.546064
765	0.545616
766	0.547328
767	0.546960
768	0.546880
769	0.548512
770	0.546672
771	0.549344
772	0.547728
773	0.547936
774	0.546928
775	0.547216
776	0.547632
777	0.548288
778	0.548736
779	0.550816
780	0.549360
781	0.548432
782	0.549424
783	0.549808
784	0.548816
785	0.551600
786	0.551040
787	0.550800
788	0.550560
789	0.550544
790	0.551216
791	0.550928
792	0.551696
793	0.550000
794	0.553328
795	0.552784
796	0.552144
797	0.552864
798	0.553632
799	0.553360
800	0.553248
801	0.554864
802	0.554032
803	0.555728
804	0.554816
805	0.553568
806	0.554208
807	0.553792
808	0.555344
809	0.556272
810	0.554736
811	0.556304
812	0.556864
813	0.556656
814	0.557312
815	0.557536
816	0.557536
817	0.557504
818	0.557984
819	0.557488
820	0.557664
821	0.558336
822	0.557392
823	0.556576
824	0.557760
825	0.558624
826	0.557856
827	0.558816
828	0.557920
829	0.559200
830	0.559424
831	0.559696
832	0.561200
833	0.560976
834	0.560288
835	0.561552
836	0.562000
837	0.559968
838	0.562032
839	0.560672
840	0.559216
841	0.561152
842	0.561408
843	0.561344
844	0.562112
845	0.562864
846	0.563200
847	0.565264
848	0.563904
849	0.564320
850	0.563760
851	0.564736
852	0.564720
853	0.565232
854	0.564224
855	0.565248
856	0.563984
857	0.563712
858	0.564320
859	0.565440
860	0.565552
861	0.565408
862	0.566752
863	0.566368
864	0.566016
865	0.568160
866	0.569040
867	0.568320
868	0.567584
869	0.567520
870	0.568064
871	0.568864
872	0.565968
873	0.568272
874	0.569616
875	0.569184
876	0.568256
877	0.569344
878	0.568352
879	0.569680
880	0.569152
881	0.569456
882	0.571424
883	0.569456
884	0.570688
885	0.570848
886	0.570864
887	0.571360
888	0.571008
889	0.570688
890	0.569488
891	0.569600
892	0.572176
893	0.571360
894	0.571104
895	0.570880
896	0.572896
897	0.573456
898	0.572480
899	0.572912
900	0.572208
901	0.571632
902	0.574320
903	0.574672
904	0.575392
905	0.574848
906	0.572496
907	0.574160
908	0.574656
909	0.574048
910	0.574656
911	0.575968
912	0.576352
913	0.576432
914	0.575840
915	0.577072
916	0.576672
917	0.577360
918	0.576464
919	0.576560
920	0.577488
921	0.578032
922	0.575856
923	0.577504
924	0.576800
925	0.578112
926	0.576880
927	0.576560
928	0.577440
929	0.579520
930	0.579696
931	0.578272
932	0.578672
933	0.577376
934	0.578432
935	0.577200
936	0.578528
937	0.577920
938	0.577760
939	0.577840
940	0.577712
941	0.578016
942	0.578912
943	0.577728
944	0.579968
945	0.580736
946	0.581808
947	0.581984
948	0.581056
949	0.581136
950	0.581888
951	0.581440
952	0.583232
953	0.581920
954	0.581968
955	0.579920
956	0.582080
957	0.579600
958	0.580608
959	0.582368
960	0.580176
961	0.581872
962	0.582736
963	0.582288
964	0.582640
965	0.583392
966	0.582720
967	0.583376
968	0.582624
969	0.583392
970	0.582656
971	0.582880
972	0.581856
973	0.582912
974	0.583184
975	0.582576
976	0.583776
977	0.585456
978	0.584528
979	0.585056
980	0.584192
981	0.584544
982	0.584896
983	0.584848
984	0.584512
985	0.585248
986	0.585776
987	0.586896
988	0.586080
989	0.585520
990	0.585200
991	0.584528
992	0.586576
993	0.585504
994	0.586224
995	0.585408
996	0.586448
997	0.586416
998	0.587808
999	0.587728
1000	0.587600
1001	0.586720
1002	0.588832
1003	0.589216
1004	0.586640
1005	0.585712
1006	0.586896
1007	0.587472
1008	0.585920
1009	0.587072
1010	0.586720
1011	0.587008
1012	0.586752
1013	0.588688
1014	0.588288
1015	0.588576
1016	0.588800
1017	0.587952
1018	0.589776
1019	0.588400
1020	0.589344
1021	0.590256
1022	0.590272
1023	0.588640
1024	0.590256
1025	0.589680
1026	0.590048
1027	0.589600
1028	0.590912
1029	0.590640
1030	0.591040
1031	0.590320
1032	0.590240
1033	0.591984
1034	0.591728
1035	0.591296
1036	0.592176
1037	0.593216
1038	0.591728
1039	0.590896
1040	0.591696
1041	0.593024
1042	0.591728
1043	0.591776
1044	0.592768
1045	0.594000
1046	0.593392
1047	0.593392
1048	0.593328
1049	0.594432
1050	0.593472
1051	0.593712
1052	0.592848
1053	0.594400
1054	0.592944
1055	0.592560
1056	0.592960
1057	0.593568
1058	0.592464
1059	0.592624
1060	0.594464
1061	0.595056
1062	0.595056
1063	0.593376
1064	0.594192
1065	0.595584
1066	0.593840
1067	0.595408
1068	0.594736
1069	0.594336
1070	0.596240
1071	0.593568
1072	0.594976
1073	0.595648
1074	0.592048
1075	0.593984
1076	0.594192
1077	0.594544
1078	0.596416
1079	0.595968
1080	0.595184
1081	0.595392
1082	0.596608
1083	0.597280
1084	0.597232
1085	0.595872
1086	0.597120
1087	0.596832
1088	0.597024
1089	0.597072
1090	0.596304
1091	0.596944
1092	0.596448
1093	0.596608
1094	0.595920
1095	0.596016
1096	0.597152
1097	0.597024
1098	0.597680
1099	0.597776
1100	0.597456
1101	0.598032
1102	0.599152
1103	0.599936
1104	0.598928
1105	0.599328
1106	0.598512
1107	0.597552
1108	0.597072
1109	0.599552
1110	0.600448
1111	0.598960
1112	0.599184
1113	0.598352
1114	0.599840
1115	0.599712
1116	0.599920
1117	0.599648
1118	0.599680
1119	0.599376
1120	0.599136
1121	0.599136
1122	0.599936
1123	0.601232
1124	0.601664
1125	0.600832
1126	0.600880
1127	0.601376
1128	0.599776
1129	0.600352
1130	0.601264
1131	0.600960
1132	0.601552
1133	0.599968
1134	0.599632
1135	0.599568
1136	0.601616
1137	0.602352
1138	0.601648
1139	0.600272
1140	0.600128
1141	0.600368
1142	0.600896
1143	0.602544
1144	0.602448
1145	0.602240
1146	0.601136
1147	0.602480
1148	0.602928
1149	0.602320
1150	0.603360
1151	0.601648
1152	0.602480
1153	0.602816
1154	0.602944
1155	0.603024
1156	0.602864
1157	0.602864
1158	0.602832
1159	0.601408
1160	0.601360
1161	0.602944
1162	0.602704
1163	0.603520
1164	0.602256
1165	0.603088
1166	0.602880
1167	0.603584
1168	0.602896
1169	0.601600
1170	0.602432
1171	0.602784
1172	0.603328
1173	0.604592
1174	0.604144
1175	0.605072
1176	0.604208
1177	0.604608
1178	0.604448
1179	0.603040
1180	0.603520
1181	0.604928
1182	0.604752
1183	0.602656
1184	0.605056
1185	0.606080
1186	0.606032
1187	0.605760
1188	0.606160
1189	0.604480
1190	0.603984
1191	0.604432
1192	0.603504
1193	0.606416
1194	0.605232
1195	0.606976
1196	0.605872
1197	0.605872
1198	0.605680
1199	0.608352
1200	0.606608
1201	0.606080
1202	0.604752
1203	0.606096
1204	0.606224
1205	0.604240
1206	0.604992
1207	0.605840
1208	0.604192
1209	0.606240
1210	0.605488
1211	0.607248
1212	0.605136
1213	0.605168
1214	0.607040
1215	0.606592
1216	0.605872
1217	0.605728
1218	0.606640
1219	0.606784
1220	0.607856
1221	0.607616
1222	0.608528
1223	0.608448
1224	0.607264
1225	0.607536
1226	0.608320
1227	0.607232
1228	0.606592
1229	0.607200
1230	0.609760
1231	0.609584
1232	0.610464
1233	0.609632
1234	0.607248
1235	0.607664
1236	0.608512
1237	0.607904
1238	0.607184
1239	0.608768
1240	0.608608
1241	0.608768
1242	0.608016
1243	0.610176
1244	0.610304
1245	0.608096
1246	0.608480
1247	0.609184
1248	0.609744
1249	0.609744
1250	0.608816
1251	0.608992
1252	0.608000
1253	0.609952
1254	0.611216
1255	0.610192
1256	0.608016
1257	0.609312
1258	0.608944
1259	0.609744
1260	0.609840
1261	0.610224
1262	0.608928
1263	0.609984
1264	0.609536
1265	0.609200
1266	0.608608
1267	0.609472
1268	0.609984
1269	0.610336
1270	0.610480
1271	0.611744
1272	0.611040
1273	0.611632
1274	0.610608
1275	0.610832
1276	0.611248
1277	0.610368
1278	0.610688
1279	0.610256
1280	0.609072
1281	0.610304
1282	0.611040
1283	0.610800
1284	0.610880
1285	0.610640
1286	0.611952
1287	0.610352
1288	0.610272
1289	0.610576
1290	0.610880
1291	0.610416
1292	0.610896
1293	0.610352
1294	0.610016
1295	0.611936
1296	0.611024
1297	0.610848
1298	0.611200
1299	0.612336
1300	0.611760
1301	0.610800
1302	0.611472
1303	0.613600
1304	0.612464
1305	0.611440
1306	0.610928
1307	0.611328
1308	0.611744
1309	0.610240
1310	0.611440
1311	0.610112
1312	0.612288
1313	0.611168
1314	0.612544
1315	0.611152
1316	0.611968
1317	0.613408
1318	0.613712
1319	0.614080
1320	0.613264
1321	0.614560
1322	0.614288
1323	0.611856
1324	0.612416
1325	0.612288
1326	0.611808
1327	0.613312
1328	0.612416
1329	0.613184
1330	0.613008
1331	0.613088
1332	0.613776
1333	0.613616
1334	0.614832
1335	0.615392
1336	0.616336
1337	0.613792
1338	0.614064
1339	0.613904
1340	0.613568
1341	0.613168
1342	0.612448
1343	0.613344
1344	0.613312
1345	0.612656
1346	0.613120
1347	0.612992
1348	0.614736
1349	0.614256
1350	0.613312
1351	0.614304
1352	0.613872
1353	0.613824
1354	0.613760
1355	0.614432
1356	0.612992
1357	0.612608
1358	0.613136
1359	0.613680
1360	0.614352
1361	0.614608
1362	0.614512
1363	0.612528
1364	0.614768
1365	0.614624
1366	0.614336
1367	0.614208
1368	0.614992
1369	0.614096
1370	0.614816
1371	0.613120
1372	0.614000
1373	0.614672
1374	0.615056
1375	0.614672
1376	0.613952
1377	0.614720
1378	0.615616
1379	0.614576
1380	0.613552
1381	0.614048
1382	0.615488
1383	0.613600
1384	0.613936
1385	0.614432
1386	0.615536
1387	0.616176
1388	0.615616
1389	0.614848
1390	0.614128
1391	0.615008
1392	0.615248
1393	0.614928
1394	0.615728
1395	0.617360
1396	0.613648
1397	0.615792
1398	0.615536
1399	0.615696
1400	0.613920
1401	0.615520
1402	0.615264
1403	0.615840
1404	0.616320
1405	0.615120
1406	0.616160
1407	0.616880
1408	0.615456
1409	0.615376
1410	0.616384
1411	0.616544
1412	0.615648
1413	0.615344
1414	0.615744
1415	0.615824
1416	0.615808
1417	0.615248
1418	0.615280
1419	0.616656
1420	0.615232
1421	0.616064
1422	0.616352
1423	0.615392
1424	0.615920
1425	0.615344
1426	0.614688
1427	0.616096
1428	0.616880
1429	0.615456
1430	0.616112
1431	0.616688
1432	0.618944
1433	0.617680
1434	0.618000
1435	0.618256
1436	0.617632
1437	0.616976
1438	0.615808
1439	0.617488
1440	0.615632
1441	0.615952
1442	0.616192
1443	0.617856
1444	0.617760
1445	0.616784
1446	0.617904
1447	0.617584
1448	0.617008
1449	0.617856
1450	0.618112
1451	0.618016
1452	0.616528
1453	0.617072
1454	0.619296
1455	0.618592
1456	0.617600
1457	0.617328
1458	0.617824
1459	0.618176
1460	0.616672
1461	0.616064
1462	0.616624
1463	0.617728
1464	0.616640
1465	0.617088
1466	0.616736
1467	0.617168
1468	0.617664
1469	0.618592
1470	0.618944
1471	0.618400
1472	0.619168
1473	0.618144
1474	0.618976
1475	0.619168
1476	0.618336
1477	0.618912
1478	0.618864
1479	0.619840
1480	0.618592
1481	0.617760
1482	0.618208
1483	0.617648
1484	0.618192
1485	0.618880
1486	0.618736
1487	0.618000
1488	0.618944
1489	0.617568
1490	0.618432
1491	0.618176
1492	0.617632
1493	0.618240
1494	0.616832
1495	0.616768
1496	0.618128
1497	0.618240
1498	0.619152
1499	0.617952
1500	0.618128
1501	0.619632
1502	0.618272
1503	0.618064
1504	0.618096
1505	0.618128
1506	0.618992
1507	0.619536
1508	0.618624
1509	0.618736
1510	0.619568
1511	0.618864
1512	0.619856
1513	0.620656
1514	0.619728
1515	0.618480
1516	0.618160
1517	0.620448
1518	0.619840
1519	0.619552
1520	0.620688
1521	0.619696
1522	0.619520
1523	0.619376
1524	0.620272
1525	0.618720
1526	0.619232
1527	0.618576
1528	0.618816
1529	0.619488
1530	0.618512
1531	0.619488
1532	0.620128
1533	0.620320
1534	0.619872
1535	0.619488
1536	0.618928
1537	0.620816
1538	0.618272
1539	0.618800
1540	0.619136
1541	0.618016
1542	0.620224
1543	0.620576
1544	0.620256
1545	0.620432
1546	0.619104
1547	0.617456
1548	0.619712
1549	0.619712
1550	0.618960
1551	0.619120
1552	0.619952
1553	0.618912
1554	0.619472
1555	0.617968
1556	0.617456
1557	0.619056
1558	0.619664
1559	0.619616
1560	0.618608
1561	0.620384
1562	0.620048
1563	0.618656
1564	0.618944
1565	0.619920
1566	0.619280
1567	0.619616
1568	0.621472
1569	0.621440
1570	0.620560
1571	0.622048
1572	0.619936
1573	0.622624
1574	0.620304
1575	0.620752
1576	0.621248
1577	0.619952
1578	0.618432
1579	0.619792
1580	0.621664
1581	0.620912
1582	0.620096
1583	0.620608
1584	0.620704
1585	0.620832
1586	0.620864
1587	0.620800
1588	0.621456
1589	0.621344
1590	0.620672
1591	0.622080
1592	0.620336
1593	0.619552
1594	0.619728
1595	0.619920
1596	0.620272
1597	0.620272
1598	0.620800
1599	0.620432
1600	0.619776
1601	0.620880
1602	0.620608
1603	0.620144
1604	0.620272
1605	0.621360
1606	0.620688
1607	0.620880
1608	0.621104
1609	0.618912
1610	0.620448
1611	0.622672
1612	0.622128
1613	0.621568
1614	0.621856
1615	0.621904
1616	0.621792
1617	0.621712
1618	0.620704
1619	0.620736
1620	0.621392
1621	0.622032
1622	0.619696
1623	0.620304
1624	0.621728
1625	0.621328
1626	0.620800
1627	0.620448
1628	0.621008
1629	0.620432
1630	0.621760
1631	0.622688
1632	0.621152
1633	0.621728
1634	0.620288
1635	0.621424
1636	0.622496
1637	0.621264
1638	0.622544
1639	0.623568
1640	0.621616
1641	0.622336
1642	0.621456
1643	0.622272
1644	0.621936
1645	0.621280
1646	0.621120
1647	0.621744
1648	0.622544
1649	0.622336
1650	0.621584
1651	0.621056
1652	0.621856
1653	0.621376
1654	0.621424
1655	0.622544
1656	0.622784
1657	0.620880
1658	0.621408
1659	0.620736
1660	0.622400
1661	0.622112
1662	0.620528
1663	0.619600
1664	0.620400
1665	0.619552
1666	0.620080
1667	0.620560
1668	0.621296
1669	0.621248
1670	0.621648
1671	0.621696
1672	0.621424
1673	0.620544
1674	0.621744
1675	0.622080
1676	0.621616
1677	0.622720
1678	0.623200
1679	0.622240
1680	0.624752
1681	0.622784
1682	0.621632
1683	0.619408
1684	0.621904
1685	0.622720
1686	0.621584
1687	0.622576
1688	0.621392
1689	0.623856
1690	0.622800
1691	0.622976
1692	0.622400
1693	0.623088
1694	0.623200
1695	0.622912
1696	0.622896
1697	0.623504
1698	0.624032
1699	0.623072
1700	0.623008
1701	0.624144
1702	0.622640
1703	0.624224
1704	0.624416
1705	0.622544
1706	0.622112
1707	0.621136
1708	0.620880
1709	0.621296
1710	0.622848
1711	0.622432
1712	0.622640
1713	0.621936
1714	0.621536
1715	0.622112
1716	0.622000
1717	0.621872
1718	0.625040
1719	0.623744
1720	0.622240
1721	0.622272
1722	0.622544
1723	0.622496
1724	0.623776
1725	0.623168
1726	0.622512
1727	0.623312
1728	0.622880
1729	0.623424
1730	0.622720
1731	0.622544
1732	0.624048
1733	0.624800
1734	0.623472
1735	0.622544
1736	0.623632
1737	0.623936
1738	0.623984
1739	0.622768
1740	0.624688
1741	0.623776
1742	0.621840
1743	0.623712
1744	0.622752
1745	0.623616
1746	0.623232
1747	0.624224
1748	0.624688
1749	0.623680
1750	0.624928
1751	0.623504
1752	0.622752
1753	0.623824
1754	0.622512
1755	0.624096
1756	0.624256
1757	0.623024
1758	0.623344
1759	0.623056
1760	0.624704
1761	0.623552
1762	0.621600
1763	0.621552
1764	0.622880
1765	0.624016
1766	0.622624
1767	0.623056
1768	0.623184
1769	0.624528
1770	0.625360
1771	0.624128
1772	0.623840
1773	0.624208
1774	0.624048
1775	0.623072
1776	0.624416
1777	0.625488
1778	0.623984
1779	0.623376
1780	0.622480
1781	0.622304
1782	0.622880
1783	0.624160
1784	0.625200
1785	0.624032
1786	0.624256
1787	0.624288
1788	0.624992
1789	0.624400
1790	0.623664
1791	0.622608
1792	0.622608
1793	0.623616
1794	0.622624
1795	0.624432
1796	0.622608
1797	0.621920
1798	0.623584
1799	0.622944
1800	0.623168
1801	0.624672
1802	0.623552
1803	0.622800
1804	0.623168
1805	0.622352
1806	0.622416
1807	0.623680
1808	0.623344
1809	0.623664
1810	0.623392
1811	0.623952
1812	0.624448
1813	0.623344
1814	0.625232
1815	0.624080
1816	0.623904
1817	0.623712
1818	0.624240
1819	0.624352
1820	0.624464
1821	0.623696
1822	0.624576
1823	0.623104
1824	0.623808
1825	0.623744
1826	0.624624
1827	0.623440
1828	0.623792
1829	0.626000
1830	0.622928
1831	0.622768
1832	0.623856
1833	0.623472
1834	0.623968
1835	0.623808
1836	0.624432
1837	0.624304
1838	0.623872
1839	0.623504
1840	0.623664
1841	0.624800
1842	0.625024
1843	0.624864
1844	0.622160
1845	0.624592
1846	0.625136
1847	0.622784
1848	0.623824
1849	0.624800
1850	0.624080
1851	0.624496
1852	0.623296
1853	0.624304
1854	0.625056
1855	0.624784
1856	0.625008
1857	0.625344
1858	0.624928
1859	0.622864
1860	0.625088
1861	0.624032
1862	0.624048
1863	0.624896
1864	0.626032
1865	0.626144
1866	0.626208
1867	0.626128
1868	0.625472
1869	0.624272
1870	0.625056
1871	0.624608
1872	0.625392
1873	0.623680
1874	0.622560
1875	0.623632
1876	0.623600
1877	0.624256
1878	0.623584
1879	0.623952
1880	0.623088
1881	0.623760
1882	0.624256
1883	0.626080
1884	0.625360
1885	0.625120
1886	0.624320
1887	0.624480
1888	0.624784
1889	0.624864
1890	0.624688
1891	0.625120
1892	0.624544
1893	0.623168
1894	0.625200
1895	0.624160
1896	0.624448
1897	0.623376
1898	0.623616
1899	0.625456
1900	0.624576
1901	0.626576
1902	0.625104
1903	0.625008
1904	0.624336
1905	0.624928
1906	0.624368
1907	0.624752
1908	0.624704
1909	0.625248
1910	0.625776
1911	0.625040
1912	0.624976
1913	0.625968
1914	0.624688
1915	0.625264
1916	0.625856
1917	0.625808
1918	0.625040
1919	0.623872
1920	0.623904
1921	0.624432
1922	0.624416
1923	0.623216
1924	0.623728
1925	0.625200
1926	0.624800
1927	0.624672
1928	0.623728
1929	0.624736
1930	0.626464
1931	0.624768
1932	0.625024
1933	0.624944
1934	0.624128
1935	0.626352
1936	0.625408
1937	0.624992
1938	0.624064
1939	0.623952
1940	0.624608
1941	0.623568
1942	0.624320
1943	0.626416
1944	0.624992
1945	0.624832
1946	0.625136
1947	0.624704
1948	0.624384
1949	0.624992
1950	0.624288
1951	0.623408
1952	0.623344
1953	0.623328
1954	0.623440
1955	0.624800
1956	0.626256
1957	0.624256
1958	0.623456
1959	0.624400
1960	0.626496
1961	0.624768
1962	0.623904
1963	0.625408
1964	0.624672
1965	0.625264
1966	0.624672
1967	0.625424
1968	0.625040
1969	0.623232
1970	0.624496
1971	0.624144
1972	0.623424
1973	0.623296
1974	0.625408
1975	0.626848
1976	0.623056
1977	0.623872
1978	0.624896
1979	0.623872
1980	0.624256
1981	0.624464
1982	0.625344
1983	0.624160
1984	0.624576
1985	0.624576
1986	0.625056
1987	0.626624
1988	0.624304
1989	0.626640
1990	0.624736
1991	0.625072
1992	0.625024
1993	0.623680
1994	0.625472
1995	0.625728
1996	0.626800
1997	0.625776
1998	0.627248
1999	0.625552
2000	0.625408
2001	0.625312
2002	0.624064
2003	0.625840
2004	0.625008
2005	0.625056
2006	0.626272
2007	0.624896
2008	0.625984
2009	0.626736
2010	0.626000
2011	0.624560
2012	0.624288
2013	0.624720
2014	0.623968
2015	0.626512
2016	0.626480
2017	0.625888
2018	0.625776
2019	0.626608
2020	0.625632
2021	0.626208
2022	0.625152
2023	0.624960
2024	0.626272
2025	0.625248
2026	0.623856
2027	0.625920
2028	0.624960
2029	0.624288
2030	0.624336
2031	0.625104
2032	0.626112
2033	0.624160
2034	0.626976
2035	0.627264
2036	0.624704
2037	0.624064
2038	0.624336
2039	0.623888
2040	0.626064
2041	0.625168
2042	0.625968
2043	0.626560
2044	0.624752
2045	0.625648
2046	0.625920
2047	0.624784
2048	0.626288
2049	0.624560
2050	0.624352
2051	0.625008
2052	0.625984
2053	0.625696
2054	0.626096
2055	0.624592
2056	0.627440
2057	0.627856
2058	0.625856
2059	0.625648
2060	0.623792
2061	0.626544
2062	0.625760
2063	0.625072
2064	0.625104
2065	0.626032
2066	0.625264
2067	0.624688
2068	0.625936
2069	0.626640
2070	0.624240
2071	0.624624
2072	0.625728
2073	0.624256
2074	0.624624
2075	0.625344
2076	0.625424
2077	0.627104
2078	0.628064
2079	0.627216
2080	0.625536
2081	0.627600
2082	0.625664
2083	0.625376
2084	0.625488
2085	0.624496
2086	0.625328
2087	0.626784
2088	0.626992
2089	0.625968
2090	0.625952
2091	0.626928
2092	0.626000
2093	0.625200
2094	0.625584
2095	0.627328
2096	0.625296
2097	0.626656
2098	0.624608
2099	0.627136
2100	0.628128
2101	0.626384
2102	0.625696
2103	0.626480
2104	0.626800
2105	0.626208
2106	0.624992
2107	0.624400
2108	0.625808
2109	0.624272
2110	0.624448
2111	0.625312
2112	0.626064
2113	0.625472
2114	0.625552
2115	0.625808
2116	0.625168
2117	0.626000
2118	0.624496
2119	0.626080
2120	0.625824
2121	0.626112
2122	0.626528
2123	0.625904
2124	0.625760
2125	0.625536
2126	0.626096
2127	0.625840
2128	0.624736
2129	0.625008
2130	0.624192
2131	0.625136
2132	0.624912
2133	0.625552
2134	0.624368
2135	0.625120
2136	0.624928
2137	0.625728
2138	0.625440
2139	0.626192
2140	0.625104
2141	0.626544
2142	0.624816
2143	0.627552
2144	0.627552
2145	0.626448
2146	0.625856
2147	0.627168
2148	0.626672
2149	0.625696
2150	0.625216
2151	0.625968
2152	0.625024
2153	0.624240
2154	0.625584
2155	0.624704
2156	0.624560
2157	0.626288
2158	0.627744
2159	0.626176
2160	0.627296
2161	0.626528
2162	0.626144
2163	0.624336
2164	0.625952
2165	0.625504
2166	0.626016
2167	0.625776
2168	0.626032
2169	0.627744
2170	0.626720
2171	0.627104
2172	0.626720
2173	0.625360
2174	0.624592
2175	0.624352
2176	0.625760
2177	0.624624
2178	0.626624
2179	0.625744
2180	0.626752
2181	0.627408
2182	0.627296
2183	0.625664
2184	0.625760
2185	0.625680
2186	0.626400
2187	0.625728
2188	0.626464
2189	0.626576
2190	0.626096
2191	0.624864
2192	0.626352
2193	0.627360
2194	0.626416
2195	0.624192
2196	0.624304
2197	0.625952
2198	0.626000
2199	0.625840
2200	0.625952
2201	0.624400
2202	0.626224
2203	0.624928
2204	0.623808
2205	0.626544
2206	0.626512
2207	0.626480
2208	0.626656
2209	0.626480
2210	0.625504
2211	0.626688
2212	0.627216
2213	0.626416
2214	0.625712
2215	0.625888
2216	0.625296
2217	0.625952
2218	0.625216
2219	0.626912
2220	0.626736
2221	0.627232
2222	0.626192
2223	0.625744
2224	0.627456
2225	0.625408
2226	0.626128
2227	0.625984
2228	0.626048
2229	0.625632
2230	0.626720
2231	0.626656
2232	0.625760
2233	0.626000
2234	0.624160
2235	0.625280
2236	0.627104
2237	0.627600
2238	0.626064
2239	0.626848
2240	0.626224
2241	0.625776
2242	0.626992
2243	0.625840
2244	0.625936
2245	0.625408
2246	0.625600
2247	0.624896
2248	0.627504
2249	0.626640
2250	0.628016
2251	0.626832
2252	0.626704
2253	0.625664
2254	0.626016
2255	0.626640
2256	0.626320
2257	0.626864
2258	0.626032
2259	0.625872
2260	0.625280
2261	0.628240
2262	0.627216
2263	0.626768
2264	0.625904
2265	0.625728
2266	0.627200
2267	0.626800
2268	0.627152
2269	0.626320
2270	0.625664
2271	0.626464
2272	0.627696
2273	0.627728
2274	0.627344
2275	0.624448
2276	0.624912
2277	0.626448
2278	0.625936
2279	0.624896
2280	0.625936
2281	0.624784
2282	0.624816
2283	0.627280
2284	0.626688
2285	0.626912
2286	0.625600
2287	0.626448
2288	0.624672
2289	0.626288
2290	0.627216
2291	0.627024
2292	0.626496
2293	0.627568
2294	0.626832
2295	0.626176
2296	0.625472
2297	0.626304
2298	0.626368
2299	0.624960
2300	0.625952
2301	0.625424
2302	0.625360
2303	0.626064
2304	0.626656
2305	0.627728
2306	0.626256
2307	0.625136
2308	0.626912
2309	0.626400
2310	0.625456
2311	0.625056
2312	0.624816
2313	0.625648
2314	0.625808
2315	0.625344
2316	0.626480
2317	0.627120
2318	0.625440
2319	0.624784
2320	0.626896
2321	0.626848
2322	0.626768
2323	0.626416
2324	0.625392
2325	0.624176
2326	0.625216
2327	0.626176
2328	0.624032
2329	0.625360
2330	0.624992
2331	0.626128
2332	0.626256
2333	0.626480
2334	0.627168
2335	0.626592
2336	0.627888
2337	0.627568
2338	0.627216
2339	0.627264
2340	0.624432
2341	0.624944
2342	0.625248
2343	0.627344
2344	0.626544
2345	0.627072
2346	0.626848
2347	0.625072
2348	0.625168
2349	0.626496
2350	0.626432
2351	0.626656
2352	0.627120
2353	0.626416
2354	0.625824
2355	0.625792
2356	0.626752
2357	0.627344
2358	0.627120
2359	0.627744
2360	0.626384
2361	0.626480
2362	0.624800
2363	0.626688
2364	0.625824
2365	0.625984
2366	0.626240
2367	0.625536
2368	0.625152
2369	0.624000
2370	0.626768
2371	0.627168
2372	0.624880
2373	0.626064
2374	0.625728
2375	0.626448
2376	0.625600
2377	0.625696
2378	0.626128
2379	0.625440
2380	0.626256
2381	0.626448
2382	0.627664
2383	0.626640
2384	0.626800
2385	0.626352
2386	0.626736
2387	0.627824
2388	0.626384
2389	0.626656
2390	0.625264
2391	0.625872
2392	0.624560
2393	0.626528
2394	0.627392
2395	0.626336
2396	0.627088
2397	0.627632
2398	0.626352
2399	0.626096
2400	0.625056
2401	0.626320
2402	0.626560
2403	0.625280
2404	0.625968
2405	0.626384
2406	0.626320
2407	0.626656
2408	0.625072
2409	0.625904
2410	0.625696
2411	0.626032
2412	0.624528
2413	0.626480
2414	0.625776
2415	0.624560
2416	0.625168
2417	0.627248
2418	0.625024
2419	0.626880
2420	0.627216
2421	0.628448
2422	0.628064
2423	0.627840
2424	0.627648
2425	0.627616
2426	0.627088
2427	0.625680
2428	0.624768
2429	0.626624
2430	0.624704
2431	0.626624
2432	0.625920
2433	0.626432
2434	0.626608
2435	0.628464
2436	0.627568
2437	0.626800
2438	0.625184
2439	0.625792
2440	0.626992
2441	0.626896
2442	0.626896
2443	0.628320
2444	0.627600
2445	0.627728
2446	0.626688
2447	0.626592
2448	0.628624
2449	0.627504
2450	0.626832
2451	0.626304
2452	0.626208
2453	0.627520
2454	0.626720
2455	0.627232
2456	0.628368
2457	0.626960
2458	0.625888
2459	0.626320
2460	0.626896
2461	0.626736
2462	0.626800
2463	0.626064
2464	0.625152
2465	0.627088
2466	0.626672
2467	0.626704
2468	0.627472
2469	0.627712
2470	0.626912
2471	0.627392
2472	0.626720
2473	0.626144
2474	0.625888
2475	0.626800
2476	0.627232
2477	0.627040
2478	0.625408
2479	0.627056
2480	0.626352
2481	0.627296
2482	0.626368
2483	0.627536
2484	0.626032
2485	0.625424
2486	0.626848
2487	0.625552
2488	0.626416
2489	0.627776
2490	0.626528
2491	0.625440
2492	0.625872
2493	0.624656
2494	0.626000
2495	0.626496
2496	0.626336
2497	0.625888
2498	0.626432
2499	0.626192
2500	0.627120
2501	0.627168
2502	0.626576
2503	0.627392
2504	0.625696
2505	0.626560
2506	0.625952
2507	0.626048
2508	0.624608
2509	0.626800
2510	0.627200
2511	0.627760
2512	0.627376
2513	0.627408
2514	0.627792
2515	0.626096
2516	0.626400
2517	0.625584
2518	0.627136
2519	0.625712
2520	0.627472
2521	0.626224
2522	0.627744
2523	0.627520
2524	0.626416
2525	0.626816
2526	0.627472
2527	0.627360
2528	0.628032
2529	0.626224
2530	0.625888
2531	0.626976
2532	0.626000
2533	0.624784
2534	0.624848
2535	0.626480
2536	0.624848
2537	0.626640
2538	0.626848
2539	0.628080
2540	0.627120
2541	0.627120
2542	0.625952
2543	0.625984
2544	0.626528
2545	0.627056
2546	0.625968
2547	0.626992
2548	0.626832
2549	0.626896
2550	0.627472
2551	0.626368
2552	0.627248
2553	0.626192
2554	0.626000
2555	0.626688
2556	0.625760
2557	0.626096
2558	0.627088
2559	0.626448
2560	0.626144
2561	0.626144
2562	0.625616
2563	0.624640
2564	0.625616
2565	0.625792
2566	0.626592
2567	0.625392
2568	0.626688
2569	0.625856
2570	0.627136
2571	0.625440
2572	0.627840
2573	0.626336
2574	0.625920
2575	0.627360
2576	0.626976
2577	0.627408
2578	0.627616
2579	0.626672
2580	0.626448
2581	0.626608
2582	0.626128
2583	0.626128
2584	0.626736
2585	0.627232
2586	0.627072
2587	0.626432
2588	0.625616
2589	0.627072
2590	0.627264
2591	0.628208
2592	0.627856
2593	0.626368
2594	0.627296
2595	0.625392
2596	0.625120
2597	0.626816
2598	0.626448
2599	0.628288
2600	0.626464
2601	0.627040
2602	0.627872
2603	0.627776
2604	0.626784
2605	0.626032
2606	0.628032
2607	0.628496
2608	0.626592
2609	0.626096
2610	0.626752
2611	0.626016
2612	0.627296
2613	0.623952
2614	0.625872
2615	0.627072
2616	0.628128
2617	0.625840
2618	0.626160
2619	0.626816
2620	0.628496
2621	0.628144
2622	0.626800
2623	0.628352
2624	0.626144
2625	0.626544
2626	0.627040
2627	0.627440
2628	0.627104
2629	0.627536
2630	0.627424
2631	0.626688
2632	0.626112
2633	0.626320
2634	0.626448
2635	0.626688
2636	0.627328
2637	0.627440
2638	0.626720
2639	0.628176
2640	0.627072
2641	0.628928
2642	0.627600
2643	0.627776
2644	0.626640
2645	0.626576
2646	0.628160
2647	0.626880
2648	0.626656
2649	0.627552
2650	0.626848
2651	0.627408
2652	0.625872
2653	0.626352
2654	0.627568
2655	0.627088
2656	0.628256
2657	0.626528
2658	0.627008
2659	0.626080
2660	0.627792
2661	0.627680
2662	0.627680
2663	0.627312
2664	0.626784
2665	0.627648
2666	0.626560
2667	0.626368
2668	0.626064
2669	0.625632
2670	0.626368
2671	0.626560
2672	0.627136
2673	0.628496
2674	0.627440
2675	0.626864
2676	0.628112
2677	0.627664
2678	0.628032
2679	0.628224
2680	0.626912
2681	0.625824
2682	0.627136
2683	0.624864
2684	0.625536
2685	0.626288
2686	0.625952
2687	0.628272
2688	0.627264
2689	0.626016
2690	0.625856
2691	0.627376
2692	0.627104
2693	0.626736
2694	0.627488
2695	0.629280
2696	0.627776
2697	0.628304
2698	0.627632
2699	0.628144
2700	0.627728
2701	0.628160
2702	0.628000
2703	0.627264
2704	0.625312
2705	0.627344
2706	0.628048
2707	0.626944
2708	0.628432
2709	0.626160
2710	0.626800
2711	0.625856
2712	0.626000
2713	0.625680
2714	0.626400
2715	0.627104
2716	0.625056
2717	0.626320
2718	0.627136
2719	0.625920
2720	0.625168
2721	0.625728
2722	0.628448
2723	0.627728
2724	0.627440
2725	0.626320
2726	0.627904
2727	0.627168
2728	0.625824
2729	0.627504
2730	0.627232
2731	0.628272
2732	0.625904
2733	0.627008
2734	0.626240
2735	0.626336
2736	0.626816
2737	0.627792
2738	0.625824
2739	0.626704
2740	0.627008
2741	0.626640
2742	0.627376
2743	0.627840
2744	0.627104
2745	0.625888
2746	0.627120
2747	0.627648
2748	0.627600
2749	0.626928
2750	0.627136
2751	0.626080
2752	0.627824
2753	0.625200
2754	0.625360
2755	0.626384
2756	0.626640
2757	0.627328
2758	0.627280
2759	0.626576
2760	0.626048
2761	0.626704
2762	0.626752
2763	0.626768
2764	0.626272
2765	0.626016
2766	0.627488
2767	0.627136
2768	0.625888
2769	0.626448
2770	0.627360
2771	0.627120
2772	0.625648
2773	0.626912
2774	0.626672
2775	0.627776
2776	0.626672
2777	0.627616
2778	0.625936
2779	0.627120
2780	0.628064
2781	0.627520
2782	0.627152
2783	0.626896
2784	0.625456
2785	0.626160
2786	0.625328
2787	0.626400
2788	0.625808
2789	0.626240
2790	0.626736
2791	0.626736
2792	0.628320
2793	0.627424
2794	0.625472
2795	0.625392
2796	0.625312
2797	0.625616
2798	0.625520
2799	0.627280
2800	0.627760
2801	0.628144
2802	0.628192
2803	0.627328
2804	0.628352
2805	0.627952
2806	0.628752
2807	0.627120
2808	0.626672
2809	0.627776
2810	0.627152
2811	0.628608
2812	0.626336
2813	0.626912
2814	0.627440
2815	0.628208
2816	0.627072
2817	0.627856
2818	0.627904
2819	0.627664
2820	0.628144
2821	0.627328
2822	0.626736
2823	0.625056
2824	0.626112
2825	0.627344
2826	0.627552
2827	0.627008
2828	0.626160
2829	0.625920
2830	0.626960
2831	0.626992
2832	0.625808
2833	0.627056
2834	0.627392
2835	0.626032
2836	0.626560
2837	0.627392
2838	0.627392
2839	0.629008
2840	0.627088
2841	0.626944
2842	0.627520
2843	0.627792
2844	0.627456
2845	0.627952
2846	0.626912
2847	0.627120
2848	0.627360
2849	0.626800
2850	0.626672
2851	0.626688
2852	0.627008
2853	0.626384
2854	0.626912
2855	0.626144
2856	0.627184
2857	0.627088
2858	0.626480
2859	0.627520
2860	0.627280
2861	0.628560
2862	0.628208
2863	0.627200
2864	0.627104
2865	0.626480
2866	0.625984
2867	0.625232
2868	0.627472
2869	0.627264
2870	0.625840
2871	0.626896
2872	0.628912
2873	0.628496
2874	0.626640
2875	0.625104
2876	0.625136
2877	0.625232
2878	0.627344
2879	0.627296
2880	0.626800
2881	0.627456
2882	0.627008
2883	0.625664
2884	0.626048
2885	0.625792
2886	0.626928
2887	0.625952
2888	0.626944
2889	0.624512
2890	0.624896
2891	0.626720
2892	0.625792
2893	0.627648
2894	0.627408
2895	0.626016
2896	0.627312
2897	0.626016
2898	0.625728
2899	0.624496
2900	0.625552
2901	0.626624
2902	0.627312
2903	0.626688
2904	0.626704
2905	0.626992
2906	0.627376
2907	0.626608
2908	0.626736
2909	0.626944
2910	0.626784
2911	0.625776
2912	0.626320
2913	0.625936
2914	0.627728
2915	0.626816
2916	0.627232
2917	0.626832
2918	0.626400
2919	0.627776
2920	0.628000
2921	0.626528
2922	0.626496
2923	0.625728
2924	0.627376
2925	0.627888
2926	0.625968
2927	0.626704
2928	0.626272
2929	0.626832
2930	0.624480
2931	0.626640
2932	0.625408
2933	0.627808
2934	0.627024
2935	0.626480
2936	0.625680
2937	0.626304
2938	0.627408
2939	0.628320
2940	0.628192
2941	0.628080
2942	0.626736
2943	0.627456
2944	0.627344
2945	0.626608
2946	0.626064
2947	0.625792
2948	0.627024
2949	0.626816
2950	0.625648
2951	0.625184
2952	0.626848
2953	0.627008
2954	0.627440
2955	0.626496
2956	0.627184
2957	0.627376
2958	0.627664
2959	0.627184
2960	0.627728
2961	0.628512
2962	0.626992
2963	0.625952
2964	0.626352
2965	0.625312
2966	0.625792
2967	0.627024
2968	0.627904
2969	0.628032
2970	0.626176
2971	0.628224
2972	0.628080
2973	0.627408
2974	0.625440
2975	0.627632
2976	0.627648
2977	0.625712
2978	0.626816
2979	0.627632
2980	0.627520
2981	0.627504
2982	0.627600
2983	0.626608
2984	0.626896
2985	0.628480
2986	0.626112
2987	0.626640
2988	0.627088
2989	0.627376
2990	0.625536
2991	0.625136
2992	0.624720
2993	0.626320
2994	0.626352
2995	0.627024
2996	0.624912
2997	0.625920
2998	0.626144
2999	0.626848
3000	0.627344
3001	0.627808
3002	0.627536
3003	0.626448
3004	0.625856
3005	0.626272
3006	0.625824
3007	0.626288
3008	0.627696
3009	0.627536
3010	0.626432
3011	0.627216
3012	0.627392
3013	0.626400
3014	0.623872
3015	0.625952
3016	0.625840
3017	0.626496
3018	0.626384
3019	0.625936
3020	0.627856
3021	0.625600
3022	0.626464
3023	0.625408
3024	0.626704
3025	0.627120
3026	0.626576
3027	0.626448
3028	0.627792
3029	0.625808
3030	0.627472
3031	0.627216
3032	0.626768
3033	0.626032
3034	0.627200
3035	0.627616
3036	0.626720
3037	0.626416
3038	0.626784
3039	0.628240
3040	0.627280
3041	0.626464
3042	0.626528
3043	0.626000
3044	0.625408
3045	0.625456
3046	0.626528
3047	0.626672
3048	0.626688
3049	0.625568
3050	0.626544
3051	0.627920
3052	0.627296
3053	0.628272
3054	0.628464
3055	0.628048
3056	0.627136
3057	0.628336
3058	0.628000
3059	0.627360
3060	0.626480
3061	0.626336
3062	0.627840
3063	0.629456
3064	0.627728
3065	0.627552
3066	0.627584
3067	0.627904
3068	0.629200
3069	0.626112
3070	0.626672
3071	0.626832
3072	0.628192
3073	0.627296
3074	0.625840
3075	0.626880
3076	0.626992
3077	0.627008
3078	0.627600
3079	0.626768
3080	0.625792
3081	0.625856
3082	0.625312
3083	0.626688
3084	0.626752
3085	0.627232
3086	0.626320
3087	0.625600
3088	0.625760
3089	0.625792
3090	0.626144
3091	0.625936
3092	0.626704
3093	0.627952
3094	0.626544
3095	0.626208
3096	0.628288
3097	0.627616
3098	0.627824
3099	0.626384
3100	0.624992
3101	0.626576
3102	0.627088
3103	0.626368
3104	0.626832
3105	0.628304
3106	0.627824
3107	0.625936
3108	0.628528
3109	0.626928
3110	0.626880
3111	0.626656
3112	0.627072
3113	0.627344
3114	0.627680
3115	0.627296
3116	0.626176
3117	0.626080
3118	0.627472
3119	0.626480
3120	0.626688
3121	0.627472
3122	0.628432
3123	0.628384
3124	0.627808
3125	0.628128
3126	0.627568
3127	0.628240
3128	0.625728
3129	0.626400
3130	0.626480
3131	0.626656
3132	0.626640
3133	0.625760
3134	0.625280
3135	0.626176
3136	0.626432
3137	0.627568
3138	0.626880
3139	0.626784
3140	0.627520
3141	0.626640
3142	0.626576
3143	0.627200
3144	0.628352
3145	0.626944
3146	0.625376
3147	0.626480
3148	0.626720
3149	0.624512
3150	0.624848
3151	0.625872
3152	0.627616
3153	0.627552
3154	0.627040
3155	0.628064
3156	0.627520
3157	0.628224
3158	0.628272
3159	0.626496
3160	0.627216
3161	0.627200
3162	0.626512
3163	0.626096
3164	0.626064
3165	0.627280
3166	0.627232
3167	0.627088
3168	0.626736
3169	0.627344
3170	0.627568
3171	0.628112
3172	0.627184
3173	0.627696
3174	0.628368
3175	0.627792
3176	0.627200
3177	0.627488
3178	0.626848
3179	0.626048
3180	0.626512
3181	0.626256
3182	0.626368
3183	0.626192
3184	0.626192
3185	0.626512
3186	0.627488
3187	0.628016
3188	0.629152
3189	0.626704
3190	0.625760
3191	0.625920
3192	0.628496
3193	0.626896
3194	0.627728
3195	0.626672
3196	0.626064
3197	0.626496
3198	0.627360
3199	0.627072
3200	0.627440
3201	0.626544
3202	0.628032
3203	0.626080
3204	0.626720
3205	0.625968
3206	0.626256
3207	0.626368
3208	0.628160
3209	0.626480
3210	0.625648
3211	0.627840
3212	0.628048
3213	0.627216
3214	0.627616
3215	0.626912
3216	0.626608
3217	0.626912
3218	0.626896
3219	0.626256
3220	0.626928
3221	0.628640
3222	0.626480
3223	0.626816
3224	0.627936
3225	0.629264
3226	0.626608
3227	0.627232
3228	0.626768
3229	0.627088
3230	0.627584
3231	0.628832
3232	0.625728
3233	0.626592
3234	0.626432
3235	0.627552
3236	0.626288
3237	0.626048
3238	0.627040
3239	0.627664
3240	0.628064
3241	0.626608
3242	0.627424
3243	0.626896
3244	0.627504
3245	0.627088
3246	0.626880
3247	0.627840
3248	0.627520
3249	0.626672
3250	0.626032
3251	0.627776
3252	0.627152
3253	0.627120
3254	0.627712
3255	0.626864
3256	0.626512
3257	0.626960
3258	0.627888
3259	0.628416
3260	0.627680
3261	0.627648
3262	0.626272
3263	0.626752
3264	0.625680
3265	0.626272
3266	0.627168
3267	0.628576
3268	0.627232
3269	0.627808
3270	0.625536
3271	0.625392
3272	0.627216
3273	0.626112
3274	0.625440
3275	0.626432
3276	0.626048
3277	0.624864
3278	0.625696
3279	0.625808
3280	0.627568
3281	0.627920
3282	0.626720
3283	0.626720
3284	0.627552
3285	0.627552
3286	0.626720
3287	0.626160
3288	0.624288
3289	0.626144
3290	0.626592
3291	0.626960
3292	0.627072
3293	0.626560
3294	0.626432
3295	0.626080
3296	0.625536
3297	0.625680
3298	0.627408
3299	0.628192
3300	0.626640
3301	0.628048
3302	0.627632
3303	0.625664
3304	0.626128
3305	0.626208
3306	0.626368
3307	0.626368
3308	0.627312
3309	0.625072
3310	0.624384
3311	0.626528
3312	0.626928
3313	0.626848
3314	0.626624
3315	0.627456
3316	0.627200
3317	0.626496
3318	0.627216
3319	0.626992
3320	0.627568
3321	0.626992
3322	0.625888
3323	0.625792
3324	0.625760
3325	0.625008
3326	0.625440
3327	0.625648
3328	0.626720
3329	0.626480
3330	0.625648
3331	0.627728
3332	0.628592
3333	0.629040
3334	0.627424
3335	0.627696
3336	0.626240
3337	0.625856
3338	0.625920
3339	0.624960
3340	0.626496
3341	0.625952
3342	0.626400
3343	0.626240
3344	0.627520
3345	0.627088
3346	0.626832
3347	0.626432
3348	0.627488
3349	0.627056
3350	0.626192
3351	0.628240
3352	0.627472
3353	0.627776
3354	0.627168
3355	0.626960
3356	0.625616
3357	0.626272
3358	0.625760
3359	0.628016
3360	0.627616
3361	0.629040
3362	0.627072
3363	0.626176
3364	0.627968
3365	0.625952
3366	0.628128
3367	0.626240
3368	0.626448
3369	0.626096
3370	0.626880
3371	0.627248
3372	0.627552
3373	0.628080
3374	0.626576
3375	0.627184
3376	0.628032
3377	0.628384
3378	0.626608
3379	0.627232
3380	0.628336
3381	0.627920
3382	0.626080
3383	0.626816
3384	0.625776
3385	0.627792
3386	0.626368
3387	0.626416
3388	0.627296
3389	0.626272
3390	0.626032
3391	0.626096
3392	0.625840
3393	0.626064
3394	0.626800
3395	0.626752
3396	0.628000
3397	0.627952
3398	0.628256
3399	0.626880
3400	0.627696
3401	0.627504
3402	0.626496
3403	0.626608
3404	0.626944
3405	0.627824
3406	0.626464
3407	0.627440
3408	0.628224
3409	0.627408
3410	0.626304
3411	0.627104
3412	0.628384
3413	0.627872
3414	0.625728
3415	0.626704
3416	0.626208
3417	0.627616
3418	0.626944
3419	0.625952
3420	0.625632
3421	0.626752
3422	0.625600
3423	0.626848
3424	0.626800
3425	0.627376
3426	0.625808
3427	0.627600
3428	0.627856
3429	0.627168
3430	0.626976
3431	0.627968
3432	0.627232
3433	0.626832
3434	0.625648
3435	0.627136
3436	0.626704
3437	0.627312
3438	0.627344
3439	0.627520
3440	0.628352
3441	0.627136
3442	0.626736
3443	0.625200
3444	0.626272
3445	0.625168
3446	0.625440
3447	0.625728
3448	0.626464
3449	0.626656
3450	0.627792
3451	0.626992
3452	0.627824
3453	0.627712
3454	0.627696
3455	0.626448
3456	0.627136
3457	0.626160
3458	0.626816
3459	0.628768
3460	0.626736
3461	0.626640
3462	0.626336
3463	0.626400
3464	0.626624
3465	0.626832
3466	0.626688
3467	0.625312
3468	0.625456
3469	0.626320
3470	0.625712
3471	0.624848
3472	0.626240
3473	0.625056
3474	0.624448
3475	0.625808
3476	0.625504
3477	0.626096
3478	0.627984
3479	0.627232
3480	0.628704
3481	0.626512
3482	0.626944
3483	0.626880
3484	0.624640
3485	0.627648
3486	0.627776
3487	0.628480
3488	0.628528
3489	0.628464
3490	0.627952
3491	0.628096
3492	0.627136
3493	0.627344
3494	0.627696
3495	0.627184
3496	0.626512
3497	0.625952
3498	0.626704
3499	0.626352
3500	0.626304
3501	0.626208
3502	0.627184
3503	0.627200
3504	0.626704
3505	0.626416
3506	0.626944
3507	0.627360
3508	0.626160
3509	0.627776
3510	0.626816
3511	0.625552
3512	0.626144
3513	0.626320
3514	0.626192
3515	0.625856
3516	0.626096
3517	0.626416
3518	0.625680
3519	0.626592
3520	0.626928
3521	0.626672
3522	0.627488
3523	0.627552
3524	0.628448
3525	0.627248
3526	0.626752
3527	0.625920
3528	0.626272
3529	0.626816
3530	0.626080
3531	0.626992
3532	0.627008
3533	0.628016
3534	0.626704
3535	0.626720
3536	0.627552
3537	0.626128
3538	0.627184
3539	0.627856
3540	0.627168
3541	0.626400
3542	0.627376
3543	0.628784
3544	0.629344
3545	0.628304
3546	0.627360
3547	0.627024
3548	0.625936
3549	0.627232
3550	0.627248
3551	0.627760
3552	0.626704
3553	0.627936
3554	0.626848
3555	0.625920
3556	0.627712
3557	0.626880
3558	0.627072
3559	0.627472
3560	0.626256
3561	0.625824
3562	0.626048
3563	0.626832
3564	0.626016
3565	0.626112
3566	0.626688
3567	0.626336
3568	0.627840
3569	0.626080
3570	0.625952
3571	0.624848
3572	0.626832
3573	0.627344
3574	0.627440
3575	0.626096
3576	0.624448
3577	0.626432
3578	0.626064
3579	0.627632
3580	0.626736
3581	0.627856
3582	0.629872
3583	0.627696
3584	0.627024
3585	0.627424
3586	0.627232
3587	0.625920
3588	0.627552
3589	0.626752
3590	0.628096
3591	0.627872
3592	0.627040
3593	0.626688
3594	0.626144
3595	0.627360
3596	0.627648
3597	0.628768
3598	0.626384
3599	0.626576
3600	0.627056
3601	0.626880
3602	0.625360
3603	0.625968
3604	0.625504
3605	0.626416
3606	0.626624
3607	0.626592
3608	0.627104
3609	0.628816
3610	0.626880
3611	0.625632
3612	0.625888
3613	0.627472
3614	0.627040
3615	0.626416
3616	0.627104
3617	0.625696
3618	0.626848
3619	0.626880
3620	0.626672
3621	0.629056
3622	0.626960
3623	0.627424
3624	0.627312
3625	0.626784
3626	0.627200
3627	0.625280
3628	0.627520
3629	0.627488
3630	0.626720
3631	0.628240
3632	0.627216
3633	0.628480
3634	0.628160
3635	0.627728
3636	0.627664
3637	0.628160
3638	0.626480
3639	0.626624
3640	0.627824
3641	0.627648
3642	0.627360
3643	0.627296
3644	0.625792
3645	0.626336
3646	0.625472
3647	0.626720
3648	0.625504
3649	0.625888
3650	0.626544
3651	0.627632
3652	0.627088
3653	0.628064
3654	0.626720
3655	0.626480
3656	0.628528
3657	0.628464
3658	0.628736
3659	0.626880
3660	0.627248
3661	0.628384
3662	0.627088
3663	0.625920
3664	0.626608
3665	0.627344
3666	0.627200
3667	0.626144
3668	0.626688
3669	0.625552
3670	0.625904
3671	0.625408
3672	0.625392
3673	0.626096
3674	0.626032
3675	0.626368
3676	0.625968
3677	0.627008
3678	0.626688
3679	0.627776
3680	0.627696
3681	0.626976
3682	0.626912
3683	0.627312
3684	0.627312
3685	0.628160
3686	0.627184
3687	0.628016
3688	0.625920
3689	0.625072
3690	0.625984
3691	0.626576
3692	0.625872
3693	0.627168
3694	0.626000
3695	0.626320
3696	0.627232
3697	0.626800
3698	0.627376
3699	0.626736
3700	0.627424
3701	0.627952
3702	0.627824
3703	0.626528
3704	0.627248
3705	0.627920
3706	0.627568
3707	0.625312
3708	0.628336
3709	0.626736
3710	0.627136
3711	0.626608
3712	0.625872
3713	0.626048
3714	0.626944
3715	0.625888
3716	0.624400
3717	0.627040
3718	0.626048
3719	0.626800
3720	0.626560
3721	0.626720
3722	0.627024
3723	0.628160
3724	0.628160
3725	0.628272
3726	0.628528
3727	0.626640
3728	0.627808
3729	0.627088
3730	0.626496
3731	0.625600
3732	0.626496
3733	0.627744
3734	0.626512
3735	0.627936
3736	0.628128
3737	0.627040
3738	0.626704
3739	0.627680
3740	0.626544
3741	0.627792
3742	0.627536
3743	0.627440
3744	0.626672
3745	0.627280
3746	0.628912
3747	0.627808
3748	0.628640
3749	0.626960
3750	0.625200
3751	0.626704
3752	0.626544
3753	0.627936
3754	0.628256
3755	0.626096
3756	0.626448
3757	0.625968
3758	0.627504
3759	0.628688
3760	0.628064
3761	0.628000
3762	0.626688
3763	0.626320
3764	0.625968
3765	0.626848
3766	0.626624
3767	0.626832
3768	0.627008
3769	0.627600
3770	0.627264
3771	0.626896
3772	0.625984
3773	0.626240
3774	0.627168
3775	0.626512
3776	0.626064
3777	0.627312
3778	0.625696
3779	0.626912
3780	0.625888
3781	0.624752
3782	0.626656
3783	0.625776
3784	0.627072
3785	0.627392
3786	0.627648
3787	0.627728
3788	0.626800
3789	0.626064
3790	0.626560
3791	0.627008
3792	0.626912
3793	0.627088
3794	0.628352
3795	0.626944
3796	0.628256
3797	0.626016
3798	0.626432
3799	0.625872
3800	0.626336
3801	0.625440
3802	0.625504
3803	0.624896
3804	0.626480
3805	0.626576
3806	0.626960
3807	0.627856
3808	0.626576
3809	0.627120
3810	0.627040
3811	0.626432
3812	0.626752
3813	0.627312
3814	0.627152
3815	0.626768
3816	0.627408
3817	0.626800
3818	0.627136
3819	0.627136
3820	0.626576
3821	0.626144
3822	0.627104
3823	0.627184
3824	0.627904
3825	0.629488
3826	0.626352
3827	0.627152
3828	0.627248
3829	0.628000
3830	0.626016
3831	0.625344
3832	0.626352
3833	0.625328
3834	0.624080
3835	0.625792
3836	0.626800
3837	0.626000
3838	0.626368
3839	0.626752
3840	0.627232
3841	0.627584
3842	0.626688
3843	0.626224
3844	0.626784
3845	0.626672
3846	0.626624
3847	0.627584
3848	0.628000
3849	0.627024
3850	0.627200
3851	0.626128
3852	0.626064
3853	0.626480
3854	0.627296
3855	0.627152
3856	0.627200
3857	0.626656
3858	0.627568
3859	0.627280
3860	0.627776
3861	0.626992
3862	0.626640
3863	0.626096
3864	0.626496
3865	0.627264
3866	0.627888
3867	0.626928
3868	0.627952
3869	0.626672
3870	0.625280
3871	0.626976
3872	0.626080
3873	0.625664
3874	0.626032
3875	0.627056
3876	0.627424
3877	0.627904
3878	0.626928
3879	0.628128
3880	0.626000
3881	0.626112
3882	0.624800
3883	0.625664
3884	0.626960
3885	0.626240
3886	0.625840
3887	0.626688
3888	0.627328
3889	0.626400
3890	0.626592
3891	0.627680
3892	0.627536
3893	0.627536
3894	0.626352
3895	0.627760
3896	0.627152
3897	0.626672
3898	0.626880
3899	0.626816
3900	0.626624
3901	0.627744
3902	0.627728
3903	0.628160
3904	0.626528
3905	0.626144
3906	0.628160
3907	0.627360
3908	0.626464
3909	0.627840
3910	0.625888
3911	0.627392
3912	0.626688
3913	0.626352
3914	0.628160
3915	0.627536
3916	0.627776
3917	0.626928
3918	0.626240
3919	0.627056
3920	0.626640
3921	0.627200
3922	0.627200
3923	0.626432
3924	0.627008
3925	0.625920
3926	0.626640
3927	0.628176
3928	0.627744
3929	0.627776
3930	0.626816
3931	0.628432
3932	0.627184
3933	0.626560
3934	0.626768
3935	0.626608
3936	0.626256
3937	0.626288
3938	0.625456
3939	0.625104
3940	0.626608
3941	0.626224
3942	0.625472
3943	0.626544
3944	0.626928
3945	0.625712
3946	0.625504
3947	0.626688
3948	0.626512
3949	0.626960
3950	0.627216
3951	0.626304
3952	0.626704
3953	0.626160
3954	0.626192
3955	0.627024
3956	0.629040
3957	0.627888
3958	0.628512
3959	0.627520
3960	0.625904
3961	0.625312
3962	0.626496
3963	0.626576
3964	0.626480
3965	0.626592
3966	0.627392
3967	0.627760
3968	0.628064
3969	0.627152
3970	0.627584
3971	0.627328
3972	0.625472
3973	0.627584
3974	0.625424
3975	0.623872
3976	0.625536
3977	0.627344
3978	0.626128
3979	0.626912
3980	0.628384
3981	0.628736
3982	0.627840
3983	0.626736
3984	0.626560
3985	0.626896
3986	0.628720
3987	0.627696
3988	0.627936
3989	0.626352
3990	0.627696
3991	0.625712
3992	0.626304
3993	0.627504
3994	0.626928
3995	0.627200
3996	0.625648
3997	0.627120
3998	0.627872
3999	0.627360
4000	0.627936
4001	0.627904
4002	0.626688
4003	0.626224
4004	0.627216
4005	0.628336
4006	0.627248
4007	0.627296
4008	0.627904
4009	0.627440
4010	0.627008
4011	0.626224
4012	0.626208
4013	0.627360
4014	0.627680
4015	0.626768
4016	0.626032
4017	0.624976
4018	0.627024
4019	0.626080
4020	0.625984
4021	0.626384
4022	0.626320
4023	0.626368
4024	0.625520
4025	0.625504
4026	0.625856
4027	0.626240
4028	0.628160
4029	0.627328
4030	0.627392
4031	0.626432
4032	0.626976
4033	0.627680
4034	0.625744
4035	0.627456
4036	0.629088
4037	0.626288
4038	0.626288
4039	0.626208
4040	0.628320
4041	0.628240
4042	0.626688
4043	0.625984
4044	0.626400
4045	0.627216
4046	0.626624
4047	0.625072
4048	0.627376
4049	0.627360
4050	0.627728
4051	0.626544
4052	0.627552
4053	0.627968
4054	0.627472
4055	0.626192
4056	0.626240
4057	0.626688
4058	0.627312
4059	0.628000
4060	0.626944
4061	0.628176
4062	0.627792
4063	0.626960
4064	0.627664
4065	0.627648
4066	0.628304
4067	0.627456
4068	0.626352
4069	0.626864
4070	0.625936
4071	0.627904
4072	0.627776
4073	0.627072
4074	0.627104
4075	0.627296
4076	0.627184
4077	0.628176
4078	0.626784
4079	0.628224
4080	0.626992
4081	0.627152
4082	0.626304
4083	0.626640
4084	0.627168
4085	0.627616
4086	0.627776
4087	0.627232
4088	0.627568
4089	0.627728
4090	0.625920
4091	0.625504
4092	0.626480
4093	0.625168
4094	0.625984
4095	0.627616
4096	0.627584
4097	0.626736
4098	0.627536
4099	0.628320
4100	0.626736
4101	0.626608
4102	0.627904
4103	0.628128
4104	0.628048
4105	0.627632
4106	0.627552
4107	0.627568
4108	0.626048
4109	0.627984
4110	0.628992
4111	0.628272
4112	0.629104
4113	0.628208
4114	0.626928
4115	0.628080
4116	0.627712
4117	0.627616
4118	0.628848
4119	0.627184
4120	0.626656
4121	0.627504
4122	0.625600
4123	0.626016
4124	0.627280
4125	0.627408
4126	0.627456
4127	0.626976
4128	0.626224
4129	0.625872
4130	0.626144
4131	0.625904
4132	0.625600
4133	0.628112
4134	0.626816
4135	0.625584
4136	0.627792
4137	0.629088
4138	0.626832
4139	0.627664
4140	0.626928
4141	0.627376
4142	0.626512
4143	0.625904
4144	0.626544
4145	0.625744
4146	0.627920
4147	0.627968
4148	0.626816
4149	0.627744
4150	0.625712
4151	0.626496
4152	0.626000
4153	0.625856
4154	0.626048
4155	0.626992
4156	0.627536
4157	0.627552
4158	0.628576
4159	0.629536
4160	0.626960
4161	0.625984
4162	0.624944
4163	0.626800
4164	0.627392
4165	0.625552
4166	0.626304
4167	0.626864
4168	0.625984
4169	0.626304
4170	0.626880
4171	0.627328
4172	0.626432
4173	0.627760
4174	0.626944
4175	0.626080
4176	0.626960
4177	0.627120
4178	0.627552
4179	0.627360
4180	0.625904
4181	0.626640
4182	0.627216
4183	0.625328
4184	0.625456
4185	0.627136
4186	0.627920
4187	0.626784
4188	0.628416
4189	0.628720
4190	0.625712
4191	0.626768
4192	0.626416
4193	0.625328
4194	0.627456
4195	0.627744
4196	0.626800
4197	0.627584
4198	0.627008
4199	0.627680
4200	0.627408
4201	0.626112
4202	0.625360
4203	0.625520
4204	0.626608
4205	0.625488
4206	0.627008
4207	0.625200
4208	0.625344
4209	0.626752
4210	0.624672
4211	0.627648
4212	0.626816
4213	0.627760
4214	0.627648
4215	0.628544
4216	0.627024
4217	0.627664
4218	0.627168
4219	0.625920
4220	0.626656
4221	0.627088
4222	0.627936
4223	0.627104
4224	0.627104
4225	0.628000
4226	0.629216
4227	0.627632
4228	0.627296
4229	0.625728
4230	0.627632
4231	0.627392
4232	0.627664
4233	0.627136
4234	0.626592
4235	0.626528
4236	0.625712
4237	0.626816
4238	0.626528
4239	0.625392
4240	0.625408
4241	0.627040
4242	0.626640
4243	0.627504
4244	0.626592
4245	0.628016
4246	0.628224
4247	0.628496
4248	0.627680
4249	0.627248
4250	0.628576
4251	0.626864
4252	0.627248
4253	0.626656
4254	0.626544
4255	0.627488
4256	0.627296
4257	0.627920
4258	0.625776
4259	0.626832
4260	0.626736
4261	0.626624
4262	0.627600
4263	0.626848
4264	0.626992
4265	0.627120
4266	0.628192
4267	0.627808
4268	0.626320
4269	0.626832
4270	0.625200
4271	0.626592
4272	0.624448
4273	0.626160
4274	0.626256
4275	0.626416
4276	0.627168
4277	0.627808
4278	0.626832
4279	0.625984
4280	0.627632
4281	0.626528
4282	0.627488
4283	0.626432
4284	0.626816
4285	0.627120
4286	0.626368
4287	0.627152
4288	0.625920
4289	0.625600
4290	0.625728
4291	0.626464
4292	0.626112
4293	0.626080
4294	0.625936
4295	0.624960
4296	0.627168
4297	0.627648
4298	0.627456
4299	0.626528
4300	0.626736
4301	0.628128
4302	0.626704
4303	0.627072
4304	0.624928
4305	0.626960
4306	0.629168
4307	0.627328
4308	0.627392
4309	0.628048
4310	0.628576
4311	0.626848
4312	0.627376
4313	0.625312
4314	0.625360
4315	0.626272
4316	0.626592
4317	0.627552
4318	0.626864
4319	0.626704
4320	0.628048
4321	0.626736
4322	0.625328
4323	0.626752
4324	0.626032
4325	0.627360
4326	0.626848
4327	0.626912
4328	0.625616
4329	0.626784
4330	0.626864
4331	0.625792
4332	0.627184
4333	0.627280
4334	0.629024
4335	0.627728
4336	0.627840
4337	0.627088
4338	0.626128
4339	0.628080
4340	0.628240
4341	0.627392
4342	0.628016
4343	0.626400
4344	0.626480
4345	0.625952
4346	0.627744
4347	0.627056
4348	0.625648
4349	0.626384
4350	0.627600
4351	0.627632
4352	0.626096
4353	0.627488
4354	0.626336
4355	0.627008
4356	0.627216
4357	0.626976
4358	0.627360
4359	0.627200
4360	0.629200
4361	0.627168
4362	0.627152
4363	0.626576
4364	0.627616
4365	0.627552
4366	0.627440
4367	0.625936
4368	0.627104
4369	0.626016
4370	0.626816
4371	0.627568
4372	0.625504
4373	0.625904
4374	0.625600
4375	0.625760
4376	0.626800
4377	0.626832
4378	0.629232
4379	0.627408
4380	0.628128
4381	0.627744
4382	0.626880
4383	0.626224
4384	0.626304
4385	0.626112
4386	0.627664
4387	0.627520
4388	0.627808
4389	0.628112
4390	0.628400
4391	0.627536
4392	0.629024
4393	0.628208
4394	0.627296
4395	0.628432
4396	0.626576
4397	0.628176
4398	0.627296
4399	0.627952
4400	0.628400
4401	0.626608
4402	0.627280
4403	0.627120
4404	0.626176
4405	0.625664
4406	0.626736
4407	0.627200
4408	0.627088
4409	0.625920
4410	0.627456
4411	0.626512
4412	0.625712
4413	0.628080
4414	0.626528
4415	0.624944
4416	0.626128
4417	0.627312
4418	0.627168
4419	0.627488
4420	0.627888
4421	0.627552
4422	0.627184
4423	0.627872
4424	0.627184
4425	0.626576
4426	0.627680
4427	0.626624
4428	0.626576
4429	0.625968
4430	0.626416
4431	0.625936
4432	0.626192
4433	0.626976
4434	0.626272
4435	0.627952
4436	0.625936
4437	0.626032
4438	0.624816
4439	0.624912
4440	0.624672
4441	0.626496
4442	0.625248
4443	0.626576
4444	0.626528
4445	0.626816
4446	0.626320
4447	0.626208
4448	0.626752
4449	0.625104
4450	0.626384
4451	0.628544
4452	0.627808
4453	0.627072
4454	0.626736
4455	0.628112
4456	0.627392
4457	0.628144
4458	0.627296
4459	0.627472
4460	0.626192
4461	0.626576
4462	0.626080
4463	0.626576
4464	0.627648
4465	0.628000
4466	0.627328
4467	0.628512
4468	0.628640
4469	0.627520
4470	0.627024
4471	0.627632
4472	0.627456
4473	0.627728
4474	0.627328
4475	0.627104
4476	0.627888
4477	0.627392
4478	0.628048
4479	0.626368
4480	0.627008
4481	0.625536
4482	0.626272
4483	0.625936
4484	0.625232
4485	0.626272
4486	0.625408
4487	0.626944
4488	0.627680
4489	0.628720
4490	0.628992
4491	0.626560
4492	0.626224
4493	0.627312
4494	0.626320
4495	0.628256
4496	0.627056
4497	0.626896
4498	0.627520
4499	0.625888
4500	0.627552
4501	0.627344
4502	0.627120
4503	0.626368
4504	0.624832
4505	0.626448
4506	0.628528
4507	0.626672
4508	0.625840
4509	0.626064
4510	0.626128
4511	0.625584
4512	0.626992
4513	0.627264
4514	0.627040
4515	0.625760
4516	0.625840
4517	0.625984
4518	0.626384
4519	0.627664
4520	0.625952
4521	0.626336
4522	0.627648
4523	0.627264
4524	0.626128
4525	0.626368
4526	0.627392
4527	0.627776
4528	0.626352
4529	0.628256
4530	0.625856
4531	0.625232
4532	0.625744
4533	0.626272
4534	0.626480
4535	0.627376
4536	0.626832
4537	0.627952
4538	0.626720
4539	0.625856
4540	0.626096
4541	0.626320
4542	0.626080
4543	0.626800
4544	0.627120
4545	0.627776
4546	0.627760
4547	0.627536
4548	0.628128
4549	0.628080
4550	0.626864
4551	0.626112
4552	0.626368
4553	0.626160
4554	0.626736
4555	0.626352
4556	0.626960
4557	0.627072
4558	0.626400
4559	0.627392
4560	0.627120
4561	0.627680
4562	0.629264
4563	0.627600
4564	0.627568
4565	0.628336
4566	0.625664
4567	0.627328
4568	0.627696
4569	0.626640
4570	0.628144
4571	0.628080
4572	0.627728
4573	0.627088
4574	0.625520
4575	0.626784
4576	0.628656
4577	0.626608
4578	0.626448
4579	0.625824
4580	0.627648
4581	0.628592
4582	0.626288
4583	0.628608
4584	0.628368
4585	0.627760
4586	0.627248
4587	0.626512
4588	0.625920
4589	0.626784
4590	0.626592
4591	0.626768
4592	0.626256
4593	0.626496
4594	0.626720
4595	0.626224
4596	0.626064
4597	0.625936
4598	0.625808
4599	0.626128
4600	0.628016
4601	0.626832
4602	0.627344
4603	0.626048
4604	0.626064
4605	0.626480
4606	0.626656
4607	0.628656
4608	0.627392
4609	0.626304
4610	0.626112
4611	0.626240
4612	0.626816
4613	0.626848
4614	0.626304
4615	0.628128
4616	0.626416
4617	0.627344
4618	0.627856
4619	0.627744
4620	0.627680
4621	0.628768
4622	0.627472
4623	0.626816
4624	0.626928
4625	0.626160
4626	0.626736
4627	0.627696
4628	0.627456
4629	0.626832
4630	0.626752
4631	0.627840
4632	0.627392
4633	0.627232
4634	0.626352
4635	0.626224
4636	0.626192
4637	0.627760
4638	0.628304
4639	0.629184
4640	0.626736
4641	0.626336
4642	0.628080
4643	0.627776
4644	0.625984
4645	0.626736
4646	0.626384
4647	0.627296
4648	0.627152
4649	0.625824
4650	0.626432
4651	0.626608
4652	0.626592
4653	0.627536
4654	0.626112
4655	0.625152
4656	0.625552
4657	0.625104
4658	0.627872
4659	0.626192
4660	0.626352
4661	0.626272
4662	0.626320
4663	0.626432
4664	0.625888
4665	0.626384
4666	0.627072
4667	0.625664
4668	0.625488
4669	0.625072
4670	0.627152
4671	0.626944
4672	0.626912
4673	0.625920
4674	0.626336
4675	0.627232
4676	0.625456
4677	0.627472
4678	0.627920
4679	0.626656
4680	0.626944
4681	0.627136
4682	0.626464
4683	0.627568
4684	0.628368
4685	0.626864
4686	0.628352
4687	0.627792
4688	0.624880
4689	0.625552
4690	0.626624
4691	0.627360
4692	0.625264
4693	0.626896
4694	0.626208
4695	0.626592
4696	0.625040
4697	0.626704
4698	0.626784
4699	0.626768
4700	0.626432
4701	0.626272
4702	0.624720
4703	0.626096
4704	0.626704
4705	0.626800
4706	0.626928
4707	0.627040
4708	0.628128
4709	0.628160
4710	0.626272
4711	0.624896
4712	0.626080
4713	0.626816
4714	0.626720
4715	0.626704
4716	0.626192
4717	0.626688
4718	0.626496
4719	0.628736
4720	0.626560
4721	0.625968
4722	0.627904
4723	0.625920
4724	0.627152
4725	0.627088
4726	0.627536
4727	0.626544
4728	0.627584
4729	0.627312
4730	0.627696
4731	0.628352
4732	0.628800
4733	0.628592
4734	0.625456
4735	0.626304
4736	0.626240
4737	0.627216
4738	0.626480
4739	0.626208
4740	0.626384
4741	0.625792
4742	0.625200
4743	0.626928
4744	0.626128
4745	0.626080
4746	0.626256
4747	0.626160
4748	0.625424
4749	0.625552
4750	0.625088
4751	0.627104
4752	0.625888
4753	0.626080
4754	0.626512
4755	0.627376
4756	0.626832
4757	0.627120
4758	0.626096
4759	0.627424
4760	0.626784
4761	0.626800
4762	0.626816
4763	0.626976
4764	0.626448
4765	0.625472
4766	0.626880
4767	0.626576
4768	0.626672
4769	0.628304
4770	0.627312
4771	0.627504
4772	0.627424
4773	0.628416
4774	0.627808
4775	0.627440
4776	0.626816
4777	0.625904
4778	0.625696
4779	0.625792
4780	0.627728
4781	0.627952
4782	0.627632
4783	0.627680
4784	0.625872
4785	0.625888
4786	0.626608
4787	0.626992
4788	0.627968
4789	0.627024
4790	0.626528
4791	0.626272
4792	0.626720
4793	0.626672
4794	0.626896
4795	0.627248
4796	0.627328
4797	0.628544
4798	0.626976
4799	0.627648
4800	0.628720
4801	0.628384
4802	0.626672
4803	0.627184
4804	0.626768
4805	0.627632
4806	0.627088
4807	0.626288
4808	0.626352
4809	0.625072
4810	0.625648
4811	0.627328
4812	0.628496
4813	0.625744
4814	0.626576
4815	0.627280
4816	0.626896
4817	0.628672
4818	0.627088
4819	0.627504
4820	0.627648
4821	0.627216
4822	0.627536
4823	0.626816
4824	0.624304
4825	0.626224
4826	0.625936
4827	0.626048
4828	0.627312
4829	0.626976
4830	0.627088
4831	0.626688
4832	0.625808
4833	0.624976
4834	0.626016
4835	0.625600
4836	0.627712
4837	0.627584
4838	0.629968
4839	0.629872
4840	0.628336
4841	0.627920
4842	0.626992
4843	0.628128
4844	0.626912
4845	0.628128
4846	0.627088
4847	0.626448
4848	0.628608
4849	0.627408
4850	0.626496
4851	0.626240
4852	0.627024
4853	0.626224
4854	0.627248
4855	0.626064
4856	0.627040
4857	0.626720
4858	0.626928
4859	0.627616
4860	0.627472
4861	0.628000
4862	0.627808
4863	0.627600
4864	0.624928
4865	0.626832
4866	0.626928
4867	0.625680
4868	0.626064
4869	0.626864
4870	0.625392
4871	0.625504
4872	0.626384
4873	0.624480
4874	0.625104
4875	0.624960
4876	0.625920
4877	0.626768
4878	0.626336
4879	0.627296
4880	0.627440
4881	0.626432
4882	0.626432
4883	0.625856
4884	0.625120
4885	0.626752
4886	0.627776
4887	0.626720
4888	0.627424
4889	0.626176
4890	0.627152
4891	0.627392
4892	0.627056
4893	0.627664
4894	0.627696
4895	0.625456
4896	0.624768
4897	0.624880
4898	0.626128
4899	0.626464
4900	0.628816
4901	0.628224
4902	0.626864
4903	0.626016
4904	0.626160
4905	0.626112
4906	0.627696
4907	0.627424
4908	0.627536
4909	0.626064
4910	0.626560
4911	0.626544
4912	0.626672
4913	0.626704
4914	0.626464
4915	0.626320
4916	0.625824
4917	0.626480
4918	0.628000
4919	0.627984
4920	0.627168
4921	0.626432
4922	0.628672
4923	0.627088
4924	0.626144
4925	0.626464
4926	0.627152
4927	0.626880
4928	0.624928
4929	0.626176
4930	0.627024
4931	0.627776
4932	0.629424
4933	0.627904
4934	0.627056
4935	0.626368
4936	0.627664
4937	0.626288
4938	0.626400
4939	0.627008
4940	0.627104
4941	0.625088
4942	0.626784
4943	0.627552
4944	0.627264
4945	0.627408
4946	0.627104
4947	0.626288
4948	0.626784
4949	0.627152
4950	0.627568
4951	0.627072
4952	0.627008
4953	0.626624
4954	0.625296
4955	0.625696
4956	0.626512
4957	0.627312
4958	0.626448
4959	0.626560
4960	0.626592
4961	0.626336
4962	0.626128
4963	0.626512
4964	0.626320
4965	0.624736
4966	0.627664
4967	0.627488
4968	0.624848
4969	0.626144
4970	0.626000
4971	0.625520
4972	0.626416
4973	0.627680
4974	0.626576
4975	0.624672
4976	0.626288
4977	0.627376
4978	0.627472
4979	0.627792
4980	0.627552
4981	0.625712
4982	0.625856
4983	0.627360
4984	0.628240
4985	0.628032
4986	0.628496
4987	0.627520
4988	0.627984
4989	0.627664
4990	0.628624
4991	0.627648
4992	0.625600
4993	0.628784
4994	0.628512
4995	0.628208
4996	0.628288
4997	0.627024
4998	0.628528
4999	0.628112
5000	0.625360
