2988	0	5	1	9	1	2	0	8	0	0	2	0	1	1	9	0	14	0	3	0	0	0	0	0	14	0	0	26	0	0	0	33	0	5	15	1	6	2	6	0	0	1	40	2	3	6	51	27	4	4	0	8	0	0	0	0	41	25	23	0	1	0	20	0	1	11	53	8	0	14	11	18	0	0	5	19	0	4	21	0	9	26	2	45	0	0	0	14	0	101	1	40	1	0	10	0	3	1	0	3	0	17	17	1	2	5	19	0	0	2	17	5	5	19	0	0	1	29	19	2	18	7	24	7	32	1	1	0	0	4	1	13	16	11	5	30	7	8	9	0	14	6	0	0	3	0	24	12	16	10	4	30	0	1	6	13	5	8	14	11	8	5	1	2	5	0	24	1	11	1	2	1	13	0	0	23	18	0	5	1	3	6	11	16	0	0	3	4	0	0	0	0	0	10	5	6	0	0	1	
8	5	1	0	1	3	8	3	4	9	9	0	0	8	0	2	35	1	14	5	12	0	8	0	1	17	2	1	0	59	1	2	5	1	22	0	0	4	19	38	2	0	0	0	2	0	0	1	2	0	1	0	1	19	18	4	6	16	4	30	14	14	15	7	13	28	27	0	1	1	0	0	33	3	0	0	0	25	0	4	38	1	5	10	0	0	10	35	16	5	0	26	0	9	1	6	6	0	17	3	14	10	0	2	2	0	1	0	2	6	0	5	5	3	0	8	1	2	0	0	14	1	1	13	0	6	5	3	0	21	0	12	3	0	0	1	35	6	21	6	2	23	0	0	19	10	6	10	0	5	10	2	3	1	6	23	4	0	0	0	38	3	5	0	0	20	4	17	1	1	0	0	13	1	0	0	21	4	15	17	2	41	0	0	29	0	0	4	1	1	0	0	2	1	4	1	2	13	0	4	
2	2	23	0	1	0	57	18	17	0	12	7	10	0	3	8	24	18	9	39	1	3	42	4	1	176	0	4	19	0	13	0	2	0	3	16	52	30	0	0	5	5	17	37	6	12	30	10	11	23	0	9	0	0	0	10	11	33	45	2	0	0	19	21	60	1	1	15	1	1	0	0	4	0	2	13	0	10	0	0	21	0	0	3	4	0	4	3	1	18	26	8	8	38	8	5	17	0	0	0	88	0	20	0	5	14	5	52	0	27	3	0	31	0	14	2	3	5	3	0	0	0	4	1	439	1	21	0	0	0	13	0	5	2	3	35	0	4	3	44	11	1	1	0	0	25	9	0	2	21	1	1	6	0	1	0	0	33	9	1	2	41	5	2	3	14	1	9	0	0	8	6	0	0	0	4	2	5	3	0	0	4	2	0	0	1	0	0	10	0	4	0	24	20	20	11	2	18	2	0	
0	1	1	1	0	0	1	2	1	17	27	10	0	4	4	6	6	0	15	21	0	14	0	5	0	6	2	69	0	13	50	1	9	3	0	12	1	7	1	12	0	21	1	5	3	0	8	0	0	6	0	4	19	0	0	0	140	21	0	1	32	0	10	0	26	1	8	92	2	0	1	2	35	0	0	11	25	1	0	5	0	0	3	0	2	2	28	37	5	7	6	0	5	42	1	0	0	3	19	11	22	0	3	3	1	6	0	0	1	0	5	18	0	10	0	14	0	4	2	19	6	3	0	22	2	0	6	106	16	16	0	5	0	1	0	0	29	25	0	19	3	18	13	2	0	34	1	0	0	0	0	1	0	0	1	10	0	0	5	4	0	0	3	1	0	9	0	2	1	0	1	4	4	5	1	0	0	0	6	2	13	16	9	3	9	24	9	27	0	1	0	0	0	5	7	0	3	13	1	0	
0	2	0	0	2	0	7	1	5	2	32	1	18	1	9	0	0	1	5	0	16	8	1	0	8	1	8	54	41	1	6	40	7	0	0	9	22	21	10	2	0	26	9	30	0	1	12	3	31	0	1	19	0	10	5	9	0	34	48	41	1	0	13	7	13	1	6	18	30	12	18	5	0	0	43	0	35	39	2	2	0	5	17	5	6	18	0	0	27	15	26	0	21	14	10	14	18	26	4	0	0	0	5	24	5	19	3	10	1	0	0	9	3	0	22	3	29	2	18	1	2	0	0	7	0	17	7	0	2	3	5	36	16	0	0	16	23	1	21	0	45	0	0	38	0	9	9	60	1	0	0	0	2	0	6	16	28	2	2	33	0	9	5	10	34	0	2	0	0	3	4	4	7	0	0	7	2	0	2	0	0	2	23	9	0	0	13	3	0	1	9	12	27	0	9	2	23	3	0	2	
23	2989	0	1	13	2	7	2	38	0	1	8	0	0	2	0	5	9	4	0	11	0	1134	0	1	3	4	21	5	8	29	32	26	1	12	2	22	4	0	1	1	23	7	13	11	0	6	1	18	3	21	0	1	1	0	39	0	0	27	0	7	33	20	2	2	15	2	15	70	8	8	18	10	26	2	0	3	0	72	11	9	2	0	3	9	3	0	15	26	0	14	5	9	6	0	15	0	1	25	29	0	0	2	4	0	3	8	1	12	5	0	0	16	4	0	4	0	4	56	1	1	1	21	2	40	11	0	2	1	30	0	1	36	6	2	51	0	10	1	2	0	1	3	11	0	0	12	15	0	0	3	18	0	0	35	1	11	12	1	6	0	1	5	0	0	4	13	0	0	0	0	0	0	5	1	18	0	2	1	0	0	0	1	0	0	2	1	39	0	2	1	0	11	2	13	33	10	0	5	2	
23	0	2	9	0	1	2	0	1	0	0	0	19	20	0	0	1	3	1	0	4	38	7	0	25	0	0	19	11	8	2	11	15	0	18	0	0	1	0	13	0	1	17	20	1	0	0	0	11	8	2	7	0	4	11	72	32	16	0	1	0	64	3	14	0	11	5	19	0	9	28	18	9	15	4	0	10	0	0	3	8	3	37	22	14	0	0	18	5	4	1	15	7	5	0	6	13	23	2	4	0	0	25	7	9	0	8	19	18	7	2	12	7	16	4	28	0	7	15	1	19	2	0	22	36	1	11	5	5	1	21	8	86	9	1	0	28	0	0	0	4	3	10	18	0	9	1	2	4	5	0	7	17	1	1	11	3	52	6	11	1	1	19	8	3	4	14	0	1	5	0	26	7	13	5	31	3	1	7	1	19	0	45	6	0	0	0	17	6	1	13	1	1	8	0	3	11	1	2	4	
4	15	4	2	5	0	0	2	0	2	21	0	10	16	1	2	59	0	5	2	4	2	12	17	42	2	4	11	0	9	2	0	0	3	5	27	0	0	0	1	14	26	15	4	57	0	0	38	1	24	27	6	7	0	0	0	27	12	8	54	2	67	9	1	0	11	0	7	2	22	35	0	1	8	30	30	0	5	0	13	44	1	25	1	0	51	0	1	55	2	1	21	4	70	1	7	0	1	3	0	0	8	6	17	26	17	0	0	0	3	1	17	3	0	20	23	3	30	19	20	0	17	4	8	4	0	5	4	1	1	1	13	12	0	0	2	3	6	20	2	79	4	3	0	78	2	1	0	31	9	0	0	0	7	5	0	2	5	2	0	5	12	0	2	27	3	4	11	0	8	0	0	2	9	0	0	17	5	1	3	8	13	0	0	1	0	4	2	0	35	1	33	5	1	1	30	7	16	0	0	
4	0	0	0	0	12	29	3	1	3	80	0	1	0	18	0	11	0	7	2	0	10	2	0	0	0	1	3	0	2	2	0	1	27	11	3	20	0	24	8	5	3	2	3	13	13	0	0	7	38	18	10	15	36	8	21	10	0	5	20	0	14	43	21	0	2	3	1	113	2	1	2	5	0	3	1	0	0	9	3	3	0	25	11	0	22	38	0	1	0	13	1	0	5	7	3	0	5	0	36	7	2	0	0	7	19	0	0	3	0	0	4	10	0	0	27	0	44	0	0	0	2	15	0	0	1	5	0	5	2	4	24	11	2	1	1	17	0	43	0	30	11	0	5	1	8	6	75	5	0	0	20	9	20	7	0	0	2	0	15	30	29	0	3	0	12	1	0	2	7	2	2	1	3	0	5	1	2	0	0	1	0	3	2	1	16	10	0	16	0	0	7	3	0	35	5	0	1	2	4	
0	12	20	12	0	0	18	16	2	3	10	0	2	8	3	35	7	0	1	7	3	1	9	0	7	0	0	0	18	34	0	0	7	0	19	1	0	22	1	5	8	5	1	4	1	6	3	7	7	11	0	26	46	14	0	0	3	48	1	62	27	16	18	6	11	0	1	0	2	6	10	37	14	7	0	12	1	5	12	0	2	0	31	5	2	17	24	0	2	0	0	51	9	6	0	0	14	1	36	0	5	1	1	37	24	5	0	0	1	12	2	0	10	0	19	0	8	3	57	0	0	11	39	0	7	5	0	11	10	0	1	1	1	7	64	0	10	0	20	13	8	9	0	10	0	2	38	18	8	2	1	0	1	0	1	6	11	30	10	1	2	1	51	8	0	0	1	40	0	3	0	1	28	1	13	0	6	0	6	10	0	9	16	0	0	5	0	2	0	27	8	2	2	0	0	0	0	0	15	9	
0	1	1	0	6	6	7	0	3	0	1	18	1	15	1	4	0	1	14	9	3	2	8	3	0	18	0	3	8	36	18	19	4	0	29	11	0	1	4	12	7	1	0	4	6	14	0	5	79	10	13	4	7	19	22	33	0	2	51	0	0	10	16	3	0	13	0	0	13	1	12	0	20	23	1	0	10	0	0	5	38	2	13	1	17	2	3	7	9	1	11	9	40	23	0	16	0	17	0	5	1	19	25	14	28	21	198	1	42	4	8	0	12	10	7	2	0	9	8	0	7	3	5	4	7	20	24	20	0	10	1	19	33	31	5	15	8	4	0	1	1	0	14	15	1	7	13	1	45	1	0	0	1	5	38	0	0	0	1	0	20	0	1	1	0	0	2	0	0	0	7	0	11	19	2	6	8	0	2	0	0	11	2	0	5	0	1	15	1	4	0	0	1	1	7	0	0	59	0	6	
0	0	1	0	9	0	13	7	0	0	2	3	19	1	0	0	7	0	0	0	15	8	0	0	1	0	0	5	2	8	0	1	6	0	2	0	14	0	26	1	10	18	0	22	0	13	0	19	10	10	0	55	0	0	1	27	1	0	0	29	1	2	11	12	5	0	15	8	22	1	0	22	1	30	17	29	22	1	5	2	91	1	29	2	0	0	3	8	0	0	20	2	4	3	6	5	36	0	32	1	0	3	0	28	2	0	7	17	0	1	0	36	31	10	6	13	11	0	2	1	9	31	4	3	1	3	2	7	4	0	1	0	8	1	0	93	3	4	0	2	31	0	85	10	1	1	0	0	4	8	5	4	1	22	0	7	24	5	16	11	3	9	55	0	5	1	3	2	0	0	0	2	49	0	0	3	1	5	3	1	0	19	1	2	2	22	0	8	0	0	1	5	30	2	0	0	0	43	2	0	
22	7	62	37	2	1	1	1	8	0	38	8	4	0	8	20	0	22	0	0	14	2	0	8	1	7	1	11	1	16	66	16	0	3	5	6	0	32	27	39	2	6	30	17	18	4	0	1	14	0	10	3	7	31	162	1	3	28	5	4	2	1	6	23	0	5	0	0	2	32	1	0	7	9	12	18	0	0	1	0	5	0	0	8	1	13	13	16	6	19	6	6	12	0	0	26	47	3	8	1	5	5	3	3	5	12	8	0	7	13	10	1	4	0	15	44	0	4	12	0	17	3	0	3	18	1	0	1	11	2	1	12	0	0	47	15	1	1	0	4	3	1	7	9	15	10	0	43	30	0	0	16	6	16	5	30	16	26	2	4	1	3	0	0	14	2	13	13	11	4	1	25	17	15	1	0	0	12	5	0	0	0	0	23	0	3	7	35	0	13	13	0	3	4	4	8	7	1	0	5	
8	1	0	20	67	1	3	0	11	0	1	1	19	1	3	8	3	19	11	24	18	4	0	18	0	0	0	27	3	5	20	27	2	0	11	0	34	0	1	10	4	49	0	11	18	3	22	0	2	10	7	15	0	0	0	57	0	5	33	6	17	0	0	3	0	9	2	21	2	18	0	2	0	25	0	56	0	1	17	0	1	1	0	13	9	1	70	0	1	2	0	17	13	43	7	0	0	0	0	0	1	0	7	11	0	5	5	9	24	5	4	2	8	18	0	7	11	14	0	0	0	8	27	21	37	7	20	1	1	1	2	1	0	33	1	10	2	0	70	25	0	0	4	0	10	60	0	40	0	24	18	12	21	14	0	20	1	3	0	0	12	4	12	0	16	21	2	0	11	0	4	7	4	13	1	0	4	1	2	9	8	2	2	53	25	9	0	4	4	2	0	0	4	12	3	2	2	0	3	1	
0	2	7	0	0	10	32	1	10	51	0	0	9	1	1	5	9	3	1	0	2	0	1	4	0	19	0	11	0	0	2	0	0	1	16	1	1	2	24	0	0	4	12	0	0	47	2	0	4	13	8	6	34	24	14	10	16	0	32	0	25	0	1	2	17	18	1	1	0	0	3	0	2	0	13	2	6	10	0	0	0	2	22	0	0	2	26	5	9	20	10	11	27	15	0	5	0	16	31	0	0	8	15	0	15	32	2	17	27	0	5	0	9	7	1	26	5	13	23	1	0	17	2	2	0	3	0	0	0	4	6	4	9	54	0	6	10	17	4	17	0	0	33	15	35	4	24	2	18	0	1	0	7	15	15	1	10	0	10	22	3	0	6	1	0	0	0	0	0	0	2	0	13	6	3	0	4	3	34	2	2	0	1	0	1	0	8	0	2	6	10	2	6	2	19	1	0	0	1	15	
5	6	0	11	0	0	3	0	3	24	27	1	4	3	3	7	0	3	0	1	21	0	0	0	4	0	0	0	17	0	0	0	0	10	1	0	21	3	22	0	27	4	9	0	13	0	8	5	10	1	2	0	11	0	6	15	0	0	0	0	13	37	5	14	13	40	0	4	6	0	12	24	7	11	32	12	17	9	12	0	2	17	2	8	1	75	3	15	7	21	0	6	60	0	2	0	0	23	18	0	26	36	1	13	1	7	7	2	20	0	9	25	0	6	0	4	0	3	5	0	4	16	0	1	22	2	22	32	15	5	0	0	0	1	0	1	15	9	152	9	1	0	0	3	9	4	2	9	2	0	0	0	8	9	1	23	0	5	16	1	1	0	8	2	1	7	5	5	4	2	0	0	0	0	0	10	9	10	2	0	2	0	0	2	6	0	21	1	20	0	51	2	0	2	7	41	0	1	18	3	
8	2	0	8	1	1	0	10	8	1	2	22	8	133	57	0	25	11	2	33	7	5	0	6	0	13	31	1	2	0	4	0	0	0	0	6	9	4	1	0	9	0	18	0	0	7	30	21	0	4	12	1	21	6	12	0	1	10	2	2	5	2	10	14	23	0	0	1	7	61	21	9	0	30	0	1	0	16	0	0	49	1	60	4	57	2	16	5	9	17	80	0	3	7	0	17	0	3	5	0	6	0	0	3	2	17	4	3	0	0	4	12	28	4	18	23	3	13	5	7	1	4	12	0	13	0	1	0	4	20	6	13	0	5	0	0	1	2	8	4	0	5	12	7	0	0	2	1	4	1	6	0	24	2	0	12	10	0	0	0	10	3	3	5	1	0	0	0	2	35	28	35	1	8	0	0	2	2	142	0	0	1	0	0	30	26	1	13	1	1	0	5	0	13	0	3	1	3	0	0	
6	0	0	294	18	8	14	30	0	3	17	2	1	0	9	51	8	4	0	2	0	22	2	0	0	0	4	24	11	10	5	56	0	6	28	49	31	0	2	3	7	4	9	2	34	6	0	12	5	17	0	0	19	9	39	71	7	5	7	0	3	0	13	0	14	0	1	0	48	16	5	54	16	15	53	21	22	5	2	1	2	3	17	0	0	0	1	35	4	0	8	0	4	11	5	0	10	22	11	0	0	3	0	4	0	2	13	56	53	22	15	42	2	0	15	2	30	5	0	3	2	12	6	1	23	24	28	0	0	2	4	3	3	1	0	82	1	20	10	2	0	0	2	25	20	12	0	5	2	29	1	6	3	0	0	7	25	10	4	1	0	0	2	7	1	0	13	9	0	27	2	1	0	0	2	0	0	0	33	0	0	2	1	0	19	5	11	1	0	1	8	1	0	22	0	9	1	0	4	0	
0	0	2	41	0	2	1	0	11	4	0	2	0	0	24	1	49	5	1	39	1	0	22	2	0	21	0	39	0	0	15	0	25	0	1	8	9	10	1	0	19	9	32	8	6	8	6	10	3	52	10	6	0	17	11	0	1	12	67	2	0	0	0	4	5	14	1	0	0	5	5	27	1	4	0	0	29	0	7	66	1	4	35	8	2	0	2	0	0	4	0	0	27	2	8	0	0	8	0	16	0	0	11	0	11	3	12	0	24	1	2	0	3	17	54	8	0	0	0	0	2	0	2	9	0	21	3	10	50	4	12	34	0	41	8	5	24	2	10	17	1	7	15	10	0	34	0	27	1	24	25	24	24	10	4	0	5	33	42	26	0	37	1	0	1	0	10	7	7	1	18	6	4	28	3	0	1	13	5	1	1	12	0	0	2	21	0	2	0	0	45	2	1	4	7	0	2	0	0	1	
15	17	3	16	15	16	4	5	4	36	4	14	0	0	0	33	1	0	4	4	11	1	4	0	0	6	34	1	2	12	40	0	6	10	2	18	1	0	29	11	0	0	0	50	0	0	47	20	3	6	26	0	12	12	0	7	0	6	10	28	11	2	8	10	4	3	15	10	0	0	0	20	0	5	3	0	38	13	21	0	4	13	1	20	1	0	0	18	83	0	0	24	0	20	16	15	7	3	9	3	20	11	8	6	28	9	10	8	13	1	20	14	8	5	36	13	6	15	9	0	14	2	13	33	0	7	12	18	22	5	4	19	6	3	4	0	21	1	0	12	4	20	2	44	3	1	18	0	15	34	3	2	17	6	0	58	18	1	13	0	15	62	1	0	2	1	19	1	3	0	1	0	5	4	5	1	17	14	1	32	9	11	0	8	3	3	9	2	6	0	0	0	2	0	2	19	0	8	2	0	
0	4	9	6	1	19	0	21	3	0	18	6	12	2	11	1	14	1	0	2	1	9	1	2	0	9	1	17	3	18	31	3	4	10	8	3	25	0	0	5	2	7	14	0	0	13	15	18	0	0	24	1	4	3	2	1	1	18	15	3	12	0	33	4	13	1	0	26	67	34	15	3	26	14	8	17	0	6	8	0	2	54	9	14	0	19	0	0	1	0	4	4	14	0	1	7	3	0	10	1	38	1	3	50	0	15	4	39	0	8	1	25	9	3	3	6	20	55	0	2	0	1	2	0	3	0	0	0	0	12	31	0	17	5	21	0	0	64	12	36	0	1	3	25	8	31	0	17	5	0	9	0	8	0	6	1	0	3	0	1	0	5	11	5	6	15	9	0	9	16	14	56	5	1	0	48	0	0	13	0	4	5	0	2	51	7	0	17	0	10	0	1	1	2	0	24	3	10	2	0	
0	5	0	0	0	0	2	0	6	6	35	0	2	7	9	0	0	1	9	0	0	0	15	0	9	0	0	22	0	16	18	5	4	0	0	0	0	12	0	8	0	0	11	32	4	4	20	0	28	0	3	15	13	27	12	8	11	7	23	0	0	63	2	1	24	1	6	33	25	63	7	44	0	19	9	64	0	0	0	4	0	1	0	1	0	62	12	13	6	12	21	19	2	0	0	9	0	6	1	22	4	25	1	0	0	323	18	7	1	22	10	36	1	0	0	0	3	9	21	11	0	0	25	12	3	4	30	3	0	1	2	2	24	0	8	0	19	35	12	35	0	1	12	0	17	1	30	1	40	0	1	1	2	10	0	29	13	0	5	10	1	1	1	34	42	0	0	0	0	1	2	10	1	1	14	3	20	0	2	0	0	0	6	5	0	37	0	20	24	13	2	0	7	31	0	0	4	1	2	3	
0	0	0	0	35	15	61	1	1	0	44	0	1	32	1	7	7	3	2	0	1	12	4	0	53	0	14	0	2	1	1	0	46	15	31	8	10	11	8	0	22	6	0	0	2	0	10	1	12	7	32	15	2	0	1	27	12	12	41	7	36	2	2	0	3	2	22	0	1	0	0	34	0	19	2	0	43	31	18	1	10	1	0	33	11	0	0	3	19	9	24	6	17	26	19	5	45	1	7	34	8	16	2	0	12	8	53	20	13	3	10	25	1	8	0	0	7	10	36	1	6	9	1	13	2	1	5	12	0	12	12	1	5	0	0	9	55	12	0	0	6	0	2	21	0	1	44	0	34	10	0	2	1	1	15	21	1	2	32	4	3	15	1	33	1	31	17	0	0	0	3	0	0	26	0	1	0	3	37	11	5	3	0	23	4	0	0	0	3	6	11	2	0	4	0	0	3	18	6	4	
1	4	1	0	0	2	0	0	5	4	11	6	12	0	29	0	15	16	0	19	0	7	0	39	14	1	6	11	9	56	3	29	0	14	31	12	1	0	0	3	0	19	70	9	6	1	1	43	26	2	8	1	7	12	2	26	19	8	0	2	2	26	7	25	14	0	1	0	7	21	2	15	95	2	2	20	1	5	7	2	24	0	0	0	11	0	6	0	2	5	0	36	24	1	16	0	26	38	22	32	4	1	0	0	1	52	19	0	8	13	5	16	0	1	23	5	10	0	8	0	7	2	0	0	22	2	4	0	2	40	2	20	0	0	17	0	2	0	1	5	1	4	1	0	1	0	0	11	0	1	1	16	0	0	17	44	1	4	0	26	1	0	0	2	32	0	82	0	5	0	0	2	2	1	25	1	4	0	3	35	0	6	1	0	0	4	14	2	0	0	0	11	18	1	2	18	0	8	8	0	
13	0	6	0	30	25	0	2	2	20	6	0	1	0	1	19	7	1	0	0	0	0	2	5	17	1	11	3	0	1	3	5	5	17	12	2	7	1	2	2	0	0	5	17	2	0	19	3	3	1	1	1	16	0	13	23	1	11	1	7	9	68	77	18	5	5	10	0	11	0	21	0	1	39	0	0	1	0	0	0	0	31	7	8	1	0	0	3	18	21	12	1	0	2	4	10	32	2	35	2	3	97	49	0	6	8	0	36	0	31	0	4	32	0	18	1	2	7	9	0	5	20	0	8	45	0	4	1	2	10	0	0	19	0	16	6	0	31	2	1	9	0	0	1	3	16	0	4	18	0	6	6	10	17	1	2	2	1	27	13	1	6	0	100	17	0	12	1	16	1	2	3	1	20	18	0	0	1	0	0	0	2	19	19	0	4	2	4	4	0	0	1	8	2	1	0	0	16	33	1	
0	2	1	1	113	0	39	3	1	4	2	0	0	4	0	8	22	40	20	0	1	0	0	2	0	10	49	779	0	1	0	5	0	0	13	4	18	1	0	45	0	0	1	30	32	13	0	0	0	8	12	1	14	5	0	0	0	0	3	0	0	0	15	126	12	0	12	25	14	20	16	10	4	0	36	36	19	0	40	5	2	0	13	0	2	92	22	6	42	26	4	26	78	0	0	20	0	15	20	9	43	0	16	0	0	0	42	4	11	0	0	0	3	31	1	4	16	24	0	9	12	0	5	4	23	7	16	1	0	0	16	1	0	4	7	41	9	3	0	22	0	3	18	59	6	0	11	3	9	0	4	28	0	1	0	13	13	33	2	1	21	1	0	8	21	0	1	8	0	0	0	0	20	2	1	0	5	11	0	0	2	10	13	5	0	0	0	11	2	1	1	11	1	2	0	3	3	9	0	7	
0	20	1	0	7	0	0	0	39	20	0	1	8	6	0	18	0	14	14	2	1	0	15	0	0	7	34	42	0	0	2	13	7	16	3	0	8	11	27	17	31	1	0	96	0	1	0	21	1	0	44	0	15	47	0	26	2	7	0	4	0	10	8	1	20	15	12	3	3	3	0	2	0	49	10	11	12	1	39	12	41	14	1	0	0	0	32	0	41	12	11	0	0	23	4	0	32	1	19	1	0	24	0	11	1	28	25	0	12	2	0	1	0	0	22	1	3	6	8	1	0	16	1	5	4	0	1	0	25	7	1	16	0	1	1	0	0	5	2	10	5	24	4	22	11	3	18	5	0	7	10	1	22	45	0	7	0	0	24	0	6	14	12	5	0	13	15	1	0	0	56	9	0	0	2	3	7	18	1	5	7	1	17	0	1	0	3	0	0	0	4	3	0	6	14	3	1	4	7	10	
0	1	1	60	133	17	0	2	0	17	5	0	1	5	10	0	0	0	3	0	26	9	27	0	1	2	1	5	47	6	0	34	2	1	4	6	12	10	2	6	14	3	4	2	0	0	1	14	31	15	9	0	4	26	2	0	12	9	3	0	7	0	1	0	0	0	2	31	0	5	13	0	24	0	30	0	0	10	0	45	19	0	7	8	2	8	4	0	1	14	35	0	51	32	0	0	0	0	116	0	14	0	16	32	41	0	7	25	21	1	19	46	1	3	2	4	0	0	9	1	3	0	2	0	0	0	0	6	15	8	4	41	6	0	15	13	1	0	1	7	25	36	7	9	0	0	0	7	5	16	0	13	1	1	0	33	0	21	0	0	2	12	6	14	21	1	0	3	2	3	1	1	4	0	43	0	7	6	8	2	4	12	4	0	8	2	4	14	1	0	2	0	77	0	13	5	1	0	0	0	
8	9	1	6	17	0	2	8	0	36	14	0	1	3	17	0	8	10	1	23	1	4	4	0	1	8	34	1	0	8	15	0	3	2	13	63	11	22	0	14	62	23	0	20	0	4	22	8	26	0	0	14	0	1	21	2	1	30	30	0	14	0	2	10	0	0	0	14	0	11	0	60	0	25	0	23	56	2	0	0	56	62	1	8	0	0	0	0	19	61	2	3	1	14	35	9	47	0	1	77	0	33	9	10	17	22	14	28	1	1	43	5	0	6	0	0	10	20	9	89	2	4	5	27	53	34	0	12	29	2	1	4	2	8	0	17	0	8	36	60	0	3	1	41	3	0	4	22	7	7	0	1	4	2	0	0	5	0	21	7	45	0	2	0	0	14	26	1	4	13	10	0	0	0	9	9	0	7	41	1	3	0	1	1	6	6	31	45	3	8	0	5	17	6	32	2	0	11	47	26	
0	36	2	21	0	0	0	3	7	1	0	10	0	0	1	0	12	11	5	0	15	5	0	1	3	0	18	0	29	59	5	21	8	9	42	12	12	50	27	2	0	97	32	9	6	15	14	9	2	2	0	27	10	5	19	2	13	0	1	22	33	0	1	59	2	0	0	39	0	17	0	60	104	3	2	0	0	4	0	2	49	6	3	4	47	0	28	45	40	47	1	3	1	4	9	2	17	0	5	15	9	1	18	0	36	1	13	30	0	1	12	0	2	8	23	2	0	9	1	29	6	18	18	0	0	20	7	0	6	47	12	0	19	8	5	1	1	3	24	0	8	26	0	14	7	0	5	1	0	0	8	6	0	20	0	1	39	3	3	1	0	0	11	0	18	0	2	27	0	9	1	0	13	1	0	0	6	31	6	7	9	2	2	3	5	2	29	9	8	0	3	19	6	15	14	10	15	2	45	16	
1	6	11	5	19	2	1	1	0	0	2	0	30	0	4	0	0	0	15	0	0	0	7	1	39	16	0	3	0	2	2	0	46	0	4	48	11	9	5	3	0	4	0	0	20	0	5	8	11	0	62	26	11	24	2	25	2	25	15	0	0	16	14	0	16	0	0	79	11	14	23	0	7	23	0	1	24	2	24	14	13	0	11	2	0	47	9	1	0	24	44	8	0	0	49	7	74	14	14	0	0	4	45	25	0	0	72	0	0	15	11	5	4	10	4	39	10	23	1	0	11	0	30	0	3	0	2	71	20	0	3	38	21	0	0	2	3	34	0	36	0	0	0	8	0	0	0	3	0	12	0	0	0	6	0	5	5	0	0	3	4	2	14	0	0	15	9	5	4	8	4	30	11	2	3	10	0	0	3	0	14	0	9	14	10	25	0	0	0	6	0	11	2	10	3	1	3	1	1	2	
3	2	0	0	11	14	0	0	0	34	0	6	0	10	6	6	0	0	0	0	0	0	22	0	2	0	1	13	4	43	0	0	0	10	2	10	41	5	0	6	22	29	0	0	53	0	1	6	5	16	0	0	8	13	2	17	0	0	59	15	0	8	1	16	12	0	70	0	25	0	23	19	0	3	0	53	1	13	1	0	11	73	2	0	92	3	0	2	42	0	12	3	37	0	13	4	4	23	9	0	29	0	39	1	56	10	0	0	0	0	0	4	0	0	0	27	0	2	1	27	2	0	0	0	0	89	0	4	33	28	38	1	11	0	1	13	22	45	0	1	0	55	43	7	0	3	39	0	21	3	18	0	0	14	3	0	6	12	0	26	12	1	0	15	0	3	0	2	26	1	2	18	7	26	7	2	3	21	11	5	7	12	28	11	0	0	1	1	9	2	0	30	11	0	0	0	38	0	14	10	
6	3	27	5	0	0	7	0	19	0	0	18	23	6	20	0	66	2	0	18	9	12	2	0	0	0	1	2	10	0	1	5	25	35	1	25	14	0	36	11	4	27	3	20	0	12	9	4	14	12	14	34	18	1	35	73	0	6	12	0	22	0	6	21	1	2	0	27	0	7	4	36	29	6	2	9	0	1	0	21	2	4	7	0	2	36	6	0	51	0	53	0	5	4	0	0	0	63	0	14	0	14	5	4	0	0	150	1	1	0	24	48	0	33	25	26	3	0	8	5	21	0	5	5	11	7	0	15	0	31	4	4	31	3	17	7	0	14	0	0	0	25	0	1	1	10	2	1	16	1	14	0	1	85	27	9	0	0	1	1	5	17	0	4	11	1	2	5	14	8	0	0	28	6	0	22	12	0	11	0	0	4	1	0	2	0	1	26	0	5	9	0	6	18	2	9	45	1	38	1	
35	0	10	69	89	3	2	0	3	4	31	0	0	0	293	1	0	0	1	15	42	11	0	0	32	37	45	2	4	14	4	0	17	4	8	7	11	8	30	16	5	4	0	1	2	32	5	6	13	60	10	26	15	30	50	17	77	41	56	48	1	112	38	17	11	6	29	9	0	0	17	35	4	0	17	17	13	0	6	1	0	45	1	2	24	5	1	74	1	0	1	14	4	8	0	74	37	17	11	49	0	0	0	6	1	6	6	29	0	0	20	3	15	1	8	11	59	3	6	4	0	32	3	8	7	2	36	30	14	2	7	0	29	23	6	0	0	1	4	11	8	11	2	1	2	4	11	1	30	9	1	0	57	9	35	3	0	5	1	0	0	16	0	53	12	9	0	1	13	2	37	1	30	16	3	1	5	0	3	22	6	10	9	0	1	1	24	2	7	1	0	26	15	2	0	16	0	16	32	0	
56	4	3	1	0	2	13	0	1	33	0	24	0	1	0	2	0	0	7	8	14	0	4	0	4	0	36	14	0	0	3	0	1	0	20	2	26	87	15	0	1	8	17	18	0	0	34	0	26	6	1	4	4	0	25	0	1	0	35	0	20	7	38	2	11	0	1	0	12	0	7	1	0	4	29	38	62	0	4	0	29	19	87	2	14	3379	3	1	23	9	12	0	2	39	3	0	15	9	0	17	38	0	1	10	1	4	13	20	2	29	16	8	42	3	0	1	8	1	0	40	0	11	0	0	20	13	0	42	7	7	0	9	13	13	5	0	0	3	0	12	3	7	1	18	6	36	29	1	17	0	1	0	10	17	0	26	2	13	0	0	0	11	1	3	2	1	1	18	0	1	1	47	0	0	22	0	2	52	1	13	15	0	0	3	0	0	5	4	13	0	18	11	2	9	5	33	0	0	33	0	
0	1	11	0	2	8	38	16	0	2	16	2	0	0	18	9	0	6	0	4	5	1	3	65	1	92	7	25	0	1	88	9	16	6	36	8	1	3	17	13	4	23	20	42	1	0	15	7	0	14	6	0	19	4	4	8	17	13	43	14	0	35	0	2	12	1	4	1	0	11	0	46	0	18	7	11	76	0	68	5	45	0	5	0	9	12	14	56	0	1	15	1	11	8	0	22	66	1	14	7	15	138	2	0	0	21	0	6	0	24	26	0	31	1	12	72	1	10	8	2	40	38	0	56	0	0	0	0	5	15	45	8	6	10	14	16	6	0	32	0	0	0	0	23	2	5	1	0	12	0	0	0	0	16	1	37	4	6	26	10	27	0	10	11	1	2	0	1	0	0	1	0	1	3	0	0	9	0	1	0	0	43	1	5	27	16	0	7	0	40	6	4	1	0	6	36	78	18	0	9	
0	11	0	6	0	14	5	16	1	0	3	2	0	10	63	21	7	0	59	0	11	7	0	0	2	4	0	16	4	4	0	32	13	69	1	14	0	35	2	11	7	14	0	59	41	47	3	4	8	0	22	13	32	2	16	17	10	38	23	69	0	43	25	9	5	4	0	2	6	4	19	5	0	18	11	1	9	0	0	24	8	22	0	28	10	2	0	5	35	20	13	0	8	3	73	0	49	93	33	10	7	14	17	1	28	0	3	18	0	4	0	26	42	0	0	8	23	29	52	8	0	0	0	25	27	48	2	13	41	50	26	29	5	4	0	25	11	0	14	5	0	25	0	0	41	2	1	0	1	5	0	0	30	0	0	0	1	2	0	17	0	5	7	0	15	0	1	3	0	0	6	0	5	14	1	16	29	2	3	15	3	1	0	3	0	0	0	5	35	8	113	11	15	14	1	0	0	11	1	0	
49	0	0	19	1	9	2	0	3	0	0	0	10	4	4	0	12	6	11	8	25	4	21	5	18	44	0	0	1	4	0	6	17	18	0	0	9	5	29	0	18	3	69	4	15	16	27	11	4	17	21	2	27	1	2	15	59	2	22	18	85	0	22	7	20	0	0	3	1	6	1	4	3	0	0	1	21	14	20	0	13	14	3	50	16	48	25	9	42	5	84	12	72	0	0	0	16	5	1	34	1	14	37	4	2	0	5	33	20	20	11	0	15	9	7	0	0	0	47	24	53	3	42	15	9	1	2	15	15	2	10	7	4	4	23	13	3	20	0	0	8	1	6	0	31	14	1	0	33	12	1	7	0	32	1	4	0	0	3	42	3	2	9	0	0	3	1	0	0	0	2	7	0	0	1	2	0	3	0	0	13	0	4	40	0	3	3	23	26	9	15	16	0	4	52	27	25	42	0	2	
2	35	3	22	0	6	0	1	1	2	14	15	0	0	1	0	27	1	22	0	4	1	0	0	2	0	1	0	0	42	3	1	30	28	3	10	37	12	2	7	62	16	21	34	8	14	21	1	51	9	8	43	1	15	8	29	2	3	10	0	3	1	59	21	15	110	1	6	0	1	24	2	5	9	14	14	31	7	0	1	47	0	7	1	28	7	11	28	14	4	0	59	2	23	40	2	24	0	0	0	0	23	21	4	0	76	15	0	5	0	15	94	0	1	12	0	92	10	27	33	0	31	8	11	27	16	21	38	11	25	0	25	12	3	1	16	0	0	6	1	1	9	14	5	1	30	63	107	0	13	10	2	0	0	4	1	2	2	2	10	9	12	4	2	21	22	0	4	3	1	7	10	6	10	9	0	0	2	33	0	0	0	15	10	0	13	9	16	12	4	43	6	3	0	0	3	4	3	11	0	
2	16	0	1	13	23	2	13	39	18	2	1	0	0	36	2	41	8	0	9	5	0	14	6	0	5	5	66	30	32	15	3	4	0	8	14	25	8	27	26	12	3	11	1	23	0	5	55	24	20	0	10	0	101	19	38	47	26	30	27	42	1	3	23	0	27	23	0	5	0	36	34	51	17	12	2	7	15	4	2	7	1	58	3	25	12	12	12	0	21	3	23	7	0	0	9	24	4	0	11	41	16	2	8	0	0	22	40	0	14	0	18	18	16	0	0	8	60	4	0	0	18	11	2	22	2	6	22	4	7	12	3	52	2	44	0	0	22	0	2	26	5	1	8	13	0	61	26	1	0	12	0	0	16	18	0	23	6	0	0	1	1	5	7	10	0	46	1	11	7	0	7	9	17	6	16	0	11	0	35	0	31	3	9	2	17	1	14	21	0	15	0	39	1	15	0	29	4	14	0	
15	0	11	0	1	1	1	1	1	3	19	9	7	12	1	1	0	3	0	49	28	0	19	0	0	0	41	18	23	15	30	7	4	31	20	18	0	34	9	1	9	0	5	26	0	21	19	0	13	21	13	18	7	0	0	16	63	0	48	0	4	34	33	17	3	17	5	36	0	3	33	114	30	1	25	21	56	11	0	13	13	29	11	36	11	41	43	0	27	3	5	3	9	5	0	11	13	0	11	1	29	14	10	33	0	84	3	0	84	2	3	29	0	8	20	15	23	4	1	0	15	7	31	17	0	3	0	14	0	26	1	0	15	1	17	0	54	1	9	11	0	0	0	4	0	30	0	5	13	0	0	2	0	2	0	4	5	3	6	3	0	0	1	1	3	29	0	7	0	0	4	32	16	1	18	0	6	13	34	1	4	0	4	0	0	1	22	0	15	5	0	9	0	0	25	1	45	0	46	7	
3	27	0	1	0	2	6	4	21	3	0	10	0	54	0	19	6	3	10	2	11	7	12	1	8	0	31	0	28	25	8	60	5	0	11	0	7	34	2985	0	6	7	6	7	28	13	15	38	12	16	24	32	0	48	31	0	24	2	5	10	11	42	4	22	7	20	21	0	1	12	2	52	6	39	0	0	17	0	8	45	74	11	5	8	11	0	4	2	45	0	0	4	0	11	1	18	12	46	8	45	0	1	0	4	35	17	0	0	30	0	56	7	1	8	30	0	16	4	0	6	0	1	1	11	0	9	1	14	15	5	0	7	0	2	1	8	20	4	0	3	0	0	0	0	0	0	0	0	5	0	0	0	1	0	24	0	14	1	2	3	4	17	0	4	6	4	0	17	5	0	0	78	0	1	2	4	63	0	0	0	2	8	5	28	1	4	0	3	0	2	8	9	11	3	0	0	4	11	1	4	
13	9	0	9	9	0	1	0	4	0	9	0	11	29	0	1	47	1	17	6	38	0	0	8	5	1	17	0	0	2	1	2	9	14	4	2	37	33	0	1	1	11	0	23	3	28	2	14	3	0	1	4	54	43	78	0	29	21	87	0	54	12	15	47	0	0	2	0	40	12	9	4	17	4	0	0	3	17	0	59	0	69	0	20	31	2	46	23	0	18	23	40	105	5	0	15	23	0	7	5	13	0	17	0	12	44	10	25	57	13	0	1	4	46	1	55	2	2	40	21	10	19	10	6	14	3	2	0	0	1	7	13	4	0	3	10	0	12	0	1	8	18	8	43	16	0	4	0	0	2	1	25	7	17	12	9	0	1	7	0	12	1	0	1	0	0	1	1	15	1	7	9	0	9	38	42	1	5	12	2	0	14	15	0	0	0	0	0	26	5	35	1	49	11	30	61	0	41	4	0	
0	1	7	0	0	7	0	44	1	5	0	0	3	1	24	0	21	12	25	38	1	7	32	32	0	1	0	26	1	4	9	2	0	34	19	10	0	0	4	0	29	21	16	17	37	2	0	1	1	43	46	55	10	27	18	0	38	3	0	12	7	23	25	17	2	0	8	1	0	17	0	26	7	85	5	1	3	0	0	3	46	2	29	3	1	2	0	14	35	0	0	2	31	5	18	0	0	0	2	15	0	12	25	72	16	0	25	23	17	10	50	5	25	18	0	1	0	0	0	11	18	0	7	3	0	33	27	5	2	8	0	0	2	8	0	15	4	13	14	0	1	0	0	3	4	0	45	5	4	36	0	32	6	0	1	33	14	6	0	10	1	16	0	3	1	5	9	2	1	0	13	4	4	1	8	2	14	0	1	10	8	12	0	1	2	32	20	19	1	5	35	0	58	0	2	1	6	4	0	0	
2	0	0	2	11	11	5	0	5	5	13	4	62	0	10	4	8	0	14	8	4	2	1	16	3	13	3	0	0	2	26	0	40	0	0	3	36	4	41	4	5	1	0	8	0	2	17	0	14	19	17	1	1	8	25	12	10	0	1	5	0	10	73	24	16	4	0	55	0	95	8	19	3	17	70	39	0	0	21	20	10	11	53	6	9	47	4	2	0	3	9	34	6	0	35	59	2	0	4	50	15	3	12	0	41	2	11	119	11	1	8	43	5	1	10	33	3	5	1	0	11	13	0	60	14	29	2	54	1	1	6	5	0	0	36	6	0	0	3	0	0	54	8	0	1	1	8	0	2	8	28	8	0	2	2	16	0	1	6	4	15	1	1	22	4	2	1	0	1	0	27	20	7	0	1	0	11	1	20	2	3	8	1	2	1	12	9	59	2	3	1	1	0	0	0	0	11	0	10	25	
0	23	8	28	9	1	38	6	28	0	7	2	11	7	28	16	0	66	0	18	0	0	14	45	20	0	9	8	1	12	24	15	20	12	4	39	0	4	10	23	10	24	5	1	24	0	4	1	16	73	8	2	0	26	6	26	17	0	15	17	0	0	58	5	14	2	0	5	44	22	31	80	69	46	10	18	0	28	0	16	62	18	40	0	120	23	26	12	17	2	26	35	29	1	0	21	6	41	0	0	0	0	15	1	16	6	45	4	71	75	0	16	0	46	4	47	7	12	0	25	24	2	2	5	38	4	5	0	30	19	27	3	1	0	2	0	2	2	0	1	1	9	44	1	7	0	0	15	1	1	0	14	3	6	10	4	10	33	2	0	4	2	12	2	1	14	1	0	0	6	0	2	0	0	0	0	0	1	18	1	14	0	2	13	11	0	0	3	6	18	16	3	32	32	10	8	3	2	0	1	
3	10	6	13	13	8	9	0	2	17	15	22	0	6	3	12	0	11	3	0	68	13	17	1	65	29	1	53	14	0	18	15	9	11	20	3	13	21	12	2	5	8	42	9	2159	0	11	7	35	9	0	21	39	2	66	109	11	0	44	24	0	33	0	7	29	12	3	70	4	14	1	24	66	0	22	22	41	41	0	53	0	1	1	0	11	12	3	8	1	4	23	1	2	0	0	36	4	68	39	46	12	5	60	4	8	33	31	45	10	0	0	44	0	0	9	0	0	38	0	0	3	61	0	23	24	4	7	22	5	15	19	5	7	42	0	6	1	0	4	1	10	0	5	0	0	13	4	9	30	10	0	7	1	4	5	14	7	3	0	1	20	0	2	0	6	0	0	4	0	2	0	19	0	2	26	2	0	4	2	0	0	1	0	8	8	4	0	80	7	3	0	0	2	0	20	0	1	1	0	6	
0	27	2	2	44	4	21	24	16	5	7	3	1	0	18	3	3	2	5	6	4	18	41	0	0	13	32	1	1	35	13	38	2	2	18	0	12	30	0	0	32	0	0	0	37	0	5	12	19	4	10	0	0	10	79	0	19	9	16	1	2	82	39	24	15	6	9	12	96	10	0	0	0	2	54	28	0	39	5	7	3	4	12	14	11	3	68	12	0	20	4	5	2	130	18	100	75	64	8	0	2	1	0	0	6	0	45	0	5	10	2	34	17	0	20	10	8	46	1	0	0	0	43	25	11	0	0	0	0	17	5	0	0	27	0	2	62	14	8	31	11	6	0	9	7	7	1	2	0	0	4	0	8	48	10	0	0	56	5	0	0	0	0	4	2	0	0	26	0	1	24	3	1	36	7	3	0	5	6	0	1	2	2	1	1	14	0	0	0	0	0	0	32	0	4	0	17	4	0	15	
1	37	19	27	4	31	1	63	32	53	14	6	1	1	64	14	9	1	7	25	3	2	17	21	4	1	93	34	12	25	22	0	0	37	10	0	7	0	5	0	27	14	26	6	1	3	28	97	52	1	0	2	0	47	6	119	3	14	35	4	25	47	2	59	0	12	7	16	2	12	13	0	118	6	37	13	0	28	6	4	11	80	3	0	2	49	30	0	1	0	3	10	8	14	0	15	19	5	12	87	5	0	22	9	3	49	2	47	0	0	21	5	1	0	0	4	0	45	11	8	0	27	0	0	20	4	25	22	5	7	2	5	0	0	0	0	2	61	0	0	32	4	12	42	0	4	3	8	8	3	8	0	29	0	10	0	0	29	6	0	1	2	7	11	0	1	1	4	1	31	3	2	1	13	4	1	0	2	5	0	0	15	29	0	15	0	0	3	7	2	0	13	4	0	3	2	0	12	7	0	
1	0	1	13	18	15	0	9	0	4	3	4	7	0	0	0	1	15	197	14	30	1	0	4	24	1	6	35	6	0	13	2	1	8	24	7	10	0	0	46	0	15	21	55	2	39	48	17	0	4	0	1	24	31	0	0	0	59	63	8	0	31	0	3	2	3	0	18	0	28	0	27	1	0	4	1	9	51	6	84	4	24	145	13	12	27	0	13	2	13	0	11	51	0	25	3	3	23	0	0	47	0	8	2	15	0	9	68	0	35	11	1	32	11	16	0	36	0	4	15	5	9	32	1	11	0	21	0	4	3	42	8	42	18	0	0	0	4	0	0	13	72	0	22	76	2	25	14	42	0	11	1	2	5	12	4	0	0	2	25	35	30	9	0	5	10	3	13	10	82	0	9	4	4	7	7	0	12	14	11	38	3	19	6	4	0	17	5	14	11	0	28	0	21	0	46	4	1	0	17	
3	1	0	4	4	9	8	72	0	0	2	3	14	15	5	24	1	53	9	23	4	18	15	3	23	22	12	5	7	0	15	3	39	28	1	20	12	2	15	4	2	0	6	0	2	2	0	1	0	0	6	0	3	0	6	21	0	14	38	47	52	0	17	66	0	4	0	0	23	19	121	38	21	19	7	25	74	2	8	32	54	3	47	0	15	25	45	12	4	0	1	55	17	6	48	44	6	1	4	13	8	8	23	10	4	76	2	0	0	6	4	11	41	0	6	16	30	20	29	0	5	5	0	10	15	0	0	3	16	0	1	10	19	1	2	48	0	2	34	0	1	15	0	48	8	8	82	14	8	38	0	15	7	0	0	17	2	6	1	0	0	11	9	0	3	0	5	0	3	2	2	10	0	1	0	19	1	5	4	6	0	1	1	0	45	0	8	38	1	12	0	1	0	0	10	0	0	10	7	18	
28	0	2	5	7	0	30	0	54	0	0	5	3	0	18	4	21	0	27	0	1	2	20	7	5	13	0	1	0	1	4	35	10	127	0	0	9	0	30	38	4	2	0	0	45	1	0	0	42	34	20	1	0	1	24	18	18	0	0	43	15	55	12	0	22	184	0	53	49	0	62	32	0	55	36	1	109	3	5	36	0	2	26	37	5	44	0	40	39	0	18	6	5	6	13	0	1	20	6	46	0	10	79	20	0	9	0	5	2	57	2	6	18	0	60	0	36	23	7	2	0	0	0	67	0	11	8	18	12	18	9	0	3	1	0	2	3	0	14	9	0	11	34	34	0	0	1	7	0	32	40	7	0	10	1	0	55	3	0	10	14	12	2	10	0	14	0	0	24	4	23	0	0	3	0	0	34	1	8	0	49	18	0	0	0	0	1	25	3	36	0	0	0	3	2	0	0	3	0	20	
20	20	8	4	2	1	6	1	10	8	0	25	8	8	0	15	0	16	0	0	9	13	0	0	1	28	3	6	0	34	0	2	0	0	0	20	20	10	14	8	1	8	3	66	4	10	0	2	17	28	53	0	12	8	63	59	45	24	0	12	30	15	89	99	16	72	34	13	3	19	56	3	4	0	14	20	0	1	24	34	6	7	21	2	16	32	18	3	3	25	3	12	1	72	67	0	0	2	34	0	13	14	75	8	0	27	0	5	9	2	26	18	1	0	12	4	4	23	54	9	16	4	43	0	76	0	12	25	3	1	2	1	0	19	6	0	12	3	0	32	2	18	10	11	0	3	8	0	7	6	8	5	4	3	8	3	2	7	12	0	1	8	1	0	1	1	0	0	9	1	2	11	22	4	3	0	1	9	0	0	17	0	0	10	0	4	0	34	0	0	0	0	7	3	20	0	0	0	0	31	
0	5	16	0	0	40	9	5	0	8	1	0	7	15	5	42	3	3	2	0	27	7	4	7	6	8	0	3	10	0	24	20	8	23	1	3	8	1	5	0	25	37	70	4	5	1	32	6	1	6	0	8	6	64	3	0	1	3	10	15	37	147	21	4	1	91	7	33	21	34	52	46	46	11	1	9	36	0	58	49	4	3	1	8	11	0	4	3	60	1	98	0	0	0	2	141	0	4	9	0	29	0	29	0	52	1	0	0	16	27	18	0	7	20	4	1	0	1	0	1	5	7	1	10	2	0	1	25	1	15	2	2	16	38	0	26	1	0	0	0	0	50	20	19	0	0	4	2	27	47	17	6	2	0	1	0	59	1	0	0	28	8	16	12	1	10	5	10	1	11	51	0	28	1	1	2	74	8	0	39	40	3	19	4	3	4	2	0	7	1	39	3	18	9	7	7	5	1	0	13	
9	0	0	18	4	3	50	15	59	4	0	0	27	3	0	0	0	0	1	27	0	7	11	0	19	0	16	21	0	15	11	6	7	10	0	5	15	0	33	1	0	18	0	0	34	0	9	21	12	35	14	0	13	0	25	65	5	4	19	6	0	56	66	20	0	11	4	3	3	0	3	40	34	41	0	8	64	1	74	13	0	35	8	82	9	3	43	96	14	1	30	0	20	16	1	17	37	29	1	25	0	37	34	11	40	0	13	49	0	0	0	20	2	0	33	0	0	45	5	35	11	12	52	0	0	24	16	3	28	31	15	6	25	2	0	0	5	13	0	12	18	0	37	1	9	0	16	10	3	0	20	1	15	0	13	6	5	7	0	19	0	1	37	0	20	11	35	2	1	0	0	16	2	0	5	18	20	8	0	11	1	1	0	7	0	4	0	11	4	3	24	3	0	1	0	0	9	17	52	3	
7	0	10	6	27	5	17	2	12	14	55	10	9	32	23	3	11	0	8	7	13	15	2	1	0	5	3	0	2	0	58	2	53	36	1	19	17	0	52	26	33	76	39	33	11	29	0	41	0	10	0	4	0	13	19	10	15	21	0	119	15	17	0	6	79	38	20	0	35	74	6	5	99	6	30	0	0	1	9	40	17	27	56	19	0	6	28	40	17	7	20	1	48	1	9	14	20	11	26	17	14	0	0	26	13	0	12	35	7	60	31	66	10	42	2	56	3	44	0	0	8	6	0	0	2	40	0	1	6	2	0	0	12	1	1	0	1	0	2	2	8	0	7	4	32	13	2	0	3	8	1	4	6	0	4	0	0	3	25	0	1	0	7	4	6	0	1	10	0	6	0	5	0	1	11	1	15	2	20	0	24	3	4	3	8	10	6	0	7	1	0	4	10	0	8	6	2	1	19	18	
3	0	20	11	30	8	8	0	3	63	1	4	45	0	3	0	6	4	23	1	7	29	10	6	0	3	5	24	1	0	21	0	6	11	8	4	0	41	21	4	26	0	17	12	17	21	0	0	56	3	47	0	1	0	0	58	52	0	4	3	8	0	14	7	3	73	9	5	15	9	100	10	13	4	0	58	12	82	25	8	67	42	17	0	0	0	68	0	10	0	5	1	8	173	9	18	74	0	5	0	3	0	0	0	0	8	6	13	26	0	25	12	16	8	0	0	15	13	23	1	0	11	0	31	0	4	59	0	2	0	1	0	5	0	35	3	0	2	10	1	5	13	0	1	8	2	0	15	0	0	18	15	1	0	1	3	0	4	0	44	4	3	10	0	0	0	11	0	5	0	4	10	6	0	26	6	41	1	1	14	5	2	4	47	0	3	3	6	25	2	0	3	0	0	7	0	35	11	12	1	
9	11	30	5	23	9	17	0	2	38	6	0	36	23	13	18	4	44	7	2	17	8	0	2	14	0	0	2	24	14	40	0	0	8	39	0	13	70	6	4	0	21	0	0	11	5	1	27	30	1	2	69	0	1	36	0	32	53	3	30	13	0	18	0	36	0	18	21	20	4	3	11	27	0	0	11	18	37	29	52	54	1	0	0	0	30	41	2	13	11	26	1	2	29	78	0	66	4	15	43	0	15	33	1	10	22	10	4	33	44	0	35	36	20	6	14	72	1	53	0	10	8	30	15	7	6	29	20	2	0	22	0	1	0	36	0	5	6	6	0	4	1	10	15	57	9	10	7	15	0	6	21	16	0	0	3	8	33	1	57	21	0	3	18	3	0	3	46	0	0	10	53	4	15	0	1	10	23	13	43	0	1	0	0	20	0	2	14	2	7	9	0	38	2	2	0	6	1	3	5	
6	4	0	0	7	1	8	41	1	19	6	9	0	0	15	9	5	5	28	0	9	3	7	1	0	8	8	0	1	0	32	0	27	0	0	43	7	2	10	3	4	1	0	0	37	25	8	12	1	31	13	68	19	8	52	38	0	59	1	9	28	19	1	0	58	13	28	36	7	23	32	10	39	19	56	88	30	3	26	11	19	0	25	5	1	35	66	0	32	0	25	0	38	6	26	0	8	13	42	20	46	1	67	26	12	32	46	6	2	0	41	22	70	11	0	13	0	0	0	67	0	6	1	8	7	13	5	0	23	89	0	34	1	0	0	39	8	0	3	10	0	0	49	0	2	3	5	2	4	1	1	1	3	3	25	1	7	18	36	31	4	0	9	0	8	0	2	20	0	5	22	6	31	0	0	32	9	30	10	0	19	25	2	1	2	29	0	1	0	10	19	2	0	44	9	3	4	0	0	25	
0	0	25	4	9	52	0	3	2	5	3	4	0	11	8	0	19	31	21	7	13	3	10	68	0	5	2	9	12	0	1	5	0	18	28	19	37	1	0	0	59	3	0	13	21	79	14	0	4	10	24	20	34	63	11	3	150	106	0	47	42	92	34	1	49	0	0	62	0	0	50	19	74	75	4	14	86	0	0	2	2	76	0	2	22	13	18	141	12	55	7	31	30	2	2	7	0	9	8	0	14	8	25	43	0	1	34	46	6	0	3	2	1	3	19	24	13	0	33	6	58	0	5	19	6	85	13	7	11	3	35	10	4	0	0	21	12	48	0	4	5	2	2	7	4	3	14	13	27	0	12	4	2	0	46	0	11	34	16	22	3	0	0	0	0	3	0	0	28	1	8	0	5	0	34	13	3	6	1	0	3	13	0	4	42	0	9	1	34	11	1	5	0	0	19	0	16	47	74	0	
7	32	0	0	0	0	35	3	37	0	4	4	0	15	2	5	3	15	10	1	16	0	0	15	2	0	21	1	8	8	74	0	28	6	0	12	35	1	0	12	8	2	4	1	0	3	0	0	11	15	14	0	23	1	1	0	0	0	0	27	1	109	83	0	0	81	6	0	9	71	6	0	50	47	5	9	0	0	8	186	17	5	0	4	0	44	3	17	19	24	3	23	7	3	0	2	0	0	0	2	0	57	43	107	115	3	0	52	3	47	0	15	27	0	0	0	0	11	10	0	1	18	0	2	0	4	0	8	0	1	4	0	5	27	17	0	0	2	4	0	37	12	10	18	1	0	0	0	0	19	18	11	64	7	0	0	48	12	0	1	4	0	6	0	7	14	1	41	0	35	5	0	0	0	4	32	1	3	2	17	1	0	0	1	0	0	18	19	0	7	6	26	1	0	3	11	7	0	79	0	
0	6	0	12	10	3	25	2	0	10	0	5	25	4	8	0	0	4	8	39	3	1	0	6	17	9	22	4	0	10	0	0	20	31	31	31	8	1	0	29	8	0	0	2	0	0	3	8	26	17	17	3	20	14	43	110	9	75	34	0	17	6	25	9	4	23	0	40	84	92	0	0	55	0	5	13	0	1	0	13	20	21	0	12	40	4	57	0	4	0	4	12	26	46	0	0	12	0	8	0	33	11	18	40	0	49	14	6	0	25	0	4	0	21	13	20	21	2	5	40	9	1	1	0	30	0	12	14	51	3	0	12	11	4	8	0	0	0	4	0	1	3	3	4	5	0	14	0	0	3	23	1	1	6	1	0	8	1	1	1	0	3	35	13	8	0	7	10	5	0	23	0	0	20	6	1	0	0	0	5	0	14	0	0	4	2	19	15	8	10	0	3	1	7	1	0	1	1	3	4	
3	50	15	14	2	121	1	0	14	3	7	3	2	15	10	7	38	0	4	3	12	4	1	4	10	0	29	0	39	0	15	32	19	10	45	23	0	24	65	0	2	64	15	6	4	0	0	50	82	6	35	31	0	23	3	26	0	0	19	16	19	23	3	58	32	0	17	22	49	13	10	39	1	62	1	99	5	15	38	11	0	43	20	20	0	1	9	40	38	5	31	8	36	3	21	93	0	57	14	42	22	1	4	35	0	21	56	6	27	38	1	31	4	17	32	17	8	19	0	16	22	37	7	26	11	8	3	0	0	2	42	13	0	12	4	4	0	4	13	0	8	17	20	41	0	51	12	0	56	14	3	1	12	4	18	20	1	2	0	7	33	1	8	1	17	2	11	7	3	11	12	1	31	7	1	7	1	0	0	0	0	14	5	0	42	20	5	0	37	45	0	0	32	24	1	11	15	5	0	2	
9	4	2	6	22	6	0	0	42	0	6	0	54	6	16	17	17	11	0	4	2	0	1	0	0	36	51	30	4	2	0	23	0	22	3	31	13	34	0	23	1	1	21	14	0	33	20	92	0	12	86	63	1	13	46	1	36	49	61	3	0	0	0	2	11	86	0	1	40	0	39	25	0	0	11	28	20	88	44	3	24	17	31	28	17	1	59	20	1	71	3	0	19	33	0	8	0	122	11	14	33	0	76	55	1	6	3	71	1	64	4	13	2	1	0	42	0	6	0	15	24	0	2	5	2	14	0	60	29	41	3	0	1	19	43	10	2	27	0	19	73	3	3	83	6	2	0	1	2	2	4	41	2	19	3	0	0	0	8	1	1	9	61	29	0	21	1	14	1	42	3	1	0	1	4	1	0	1	25	18	1	0	4	5	1	0	11	0	11	4	2	18	16	3	36	51	0	12	53	0	
0	26	2	14	2	7	0	98	0	0	2	23	0	0	0	26	0	15	0	0	43	0	0	2	46	5	0	32	5	20	0	0	73	30	1	38	30	3	4	17	24	7	26	14	10	4	0	50	32	1	18	3	44	46	58	0	0	111	0	71	0	36	8	27	124	26	46	61	0	28	37	1	5	72	25	30	78	3	14	0	9	2	78	0	32	19	0	41	0	1	62	39	7	39	11	28	60	1	50	18	2	1	0	31	0	45	0	15	45	22	1	0	0	8	0	4	0	69	0	2	5	8	60	4	0	15	10	6	0	25	21	21	9	1	6	0	0	2	59	1	8	3	2	0	0	16	5	3	9	12	0	5	0	5	74	2	29	38	2	2	124	0	37	15	0	42	14	25	0	1	0	3	7	33	8	55	3	5	0	10	2	2	13	1	3	0	1	18	7	13	0	0	2	0	28	12	34	15	1	4	
5	11	7	7	2	0	3	1	3	14	24	0	0	19	0	2	21	1	27	42	29	18	0	0	0	10	11	0	0	1	21	20	2	32	7	21	46	0	18	5	2	4	83	0	18	34	94	0	0	40	3	23	0	10	59	10	0	19	2	18	22	0	108	2	114	48	3	20	14	0	88	10	0	7	47	34	35	11	1	0	39	21	14	2	5	3	0	41	19	100	40	61	102	48	0	58	16	0	0	88	11	9	10	38	5	47	0	36	6	6	0	28	33	15	23	42	0	10	0	0	31	0	33	0	27	0	1	31	0	8	3	6	1	1	1	26	0	3	1	29	15	13	0	39	1	25	0	30	11	20	14	14	6	1	1	0	10	3	0	4	32	6	7	0	10	1	1	0	1	29	1	5	1	17	4	0	2	0	11	0	0	0	47	1	39	0	7	0	16	0	0	3	37	0	0	24	0	0	13	12	
38	2	5	18	18	103	1	20	5	1	0	1	0	5	4	8	0	2	4	0	15	11	0	20	1	27	1	28	0	0	21	32	3	0	0	10	13	0	15	44	19	0	0	47	65	5	3	0	41	17	32	10	12	117	0	0	3	0	13	19	29	2	4	6	3	6	15	3	1	17	15	31	11	20	29	69	0	17	56	13	59	1	22	0	2	43	2	27	24	28	3	52	6	48	0	53	15	0	0	15	1	36	8	0	0	35	2	0	20	46	22	0	2	2	113	176	56	0	9	14	1	65	0	0	27	3	0	4	3	51	21	54	2	8	69	0	4	10	4	5	0	9	2	0	3	27	0	10	0	0	79	2	6	9	0	0	9	33	9	20	2	18	5	1	11	0	5	49	14	21	5	39	1	1	6	0	1	0	4	2	2	5	0	14	4	23	1	0	6	1	4	0	22	0	1	1	0	1	30	1	
7	3	3	2	17	5	0	1	7	10	14	17	19	0	19	0	3	21	9	18	6	0	2	13	0	1	1	7	2	17	11	0	0	15	17	0	0	27	22	9	0	14	6	34	35	93	43	10	0	1	2	24	19	0	29	91	0	67	130	15	12	0	18	9	13	45	17	4	0	0	69	13	0	0	0	0	53	65	26	0	7	6	0	0	9	0	44	34	12	59	21	0	82	49	6	10	7	2	7	1	19	2	0	13	67	31	4	0	10	36	0	25	0	29	1	7	4	18	18	29	41	15	0	3	5	27	1	0	0	22	2	0	0	0	0	18	4	0	18	10	27	6	2	0	0	0	25	0	25	30	0	0	14	51	19	1	0	49	8	2	0	58	0	4	33	1	0	17	43	4	0	1	0	0	1	2	6	13	2	0	6	6	0	9	0	2	0	0	1	4	2	0	2	6	55	0	20	1	5	2	
16	0	26	4	11	12	4	57	1	40	29	0	3	14	16	0	6	14	0	0	0	0	0	3	2	54	9	0	32	0	12	3	10	0	0	18	9	1	3	14	3	116	5	0	6	16	49	61	21	9	11	0	112	17	10	0	31	0	3	0	28	11	60	119	54	14	11	19	0	5	72	50	16	1	25	47	73	7	4	30	0	42	2	28	45	22	4	17	21	0	16	67	1	1	5	35	5	18	0	0	0	0	15	27	0	30	37	6	17	1	11	13	19	1	6	3	25	25	1	17	0	1	1	0	3	23	4	2	12	36	8	6	29	1	20	7	1	1	7	8	10	0	0	9	2	19	0	0	6	9	3	1	4	1	6	0	9	0	32	6	12	8	52	0	14	0	12	0	14	0	6	17	1	0	0	7	6	3	1	10	19	0	14	2	0	0	0	1	0	0	86	1	7	11	2	6	4	24	6	0	
0	7	10	19	34	43	3	8	0	7	13	17	3	2	0	0	32	56	1	0	12	2	0	0	0	1	0	108	2	29	18	18	4	1	38	78	77	0	72	43	41	2	1	4	93	22	9	7	0	0	9	43	0	0	23	9	84	75	39	5	18	27	31	0	0	32	0	23	22	50	0	18	0	117	64	34	1	191	70	9	11	8	15	6	0	14	19	8	48	79	0	23	31	18	44	0	36	10	18	4	4	0	15	0	0	10	23	3	0	10	0	53	13	3	34	6	5	0	13	0	0	25	4	0	6	4	2	1	0	27	25	0	0	3	12	12	9	12	1	5	0	3	5	41	0	6	1	0	3	9	0	41	0	38	0	14	4	10	0	1	3	3	4	3	5	25	0	15	0	0	0	2	1	4	12	0	18	0	1	4	7	3	1	29	12	22	10	38	2	7	0	54	0	14	4	1	30	16	3	2	
2	0	11	68	13	97	0	38	9	21	0	11	20	10	0	9	19	0	6	15	16	8	0	22	2	1	5	0	39	10	12	0	0	18	95	54	0	24	15	52	19	4	8	57	8	8	76	0	3	0	24	36	33	0	85	97	116	0	8	10	0	16	4	2	0	21	24	2	16	3	42	0	12	0	0	11	40	18	26	1	3	0	53	10	83	46	0	31	177	45	35	2	36	15	17	2	10	38	6	25	0	27	2	53	5	19	21	7	0	9	19	12	0	60	1	0	6	97	0	2	24	0	34	8	3	18	0	13	44	14	21	10	23	16	0	0	4	21	8	15	1	0	27	14	9	0	14	13	0	27	0	0	19	13	1	40	5	4	42	2	8	0	1	14	0	43	11	5	4	0	28	13	0	9	3	7	0	4	0	3	1	0	18	0	0	5	0	20	4	1	17	2	69	14	23	0	7	0	1	23	
3	8	9	2	2	10	80	5	2	0	5	0	22	0	3	15	18	2	0	5	1	7	7	12	0	5	1	0	16	10	0	12	0	10	13	1	0	3	2	12	22	61	1	0	132	0	15	67	4	49	0	28	1	68	40	43	1	33	43	20	39	39	14	0	0	1	25	17	1	53	16	14	45	5	0	21	33	21	22	1	53	26	20	0	0	28	0	19	9	0	0	0	32	0	1	22	16	31	52	51	13	32	3	23	17	69	34	0	20	0	0	0	96	0	8	70	52	0	1	1	12	39	1	0	9	6	4	2	37	0	15	12	2	16	4	4	0	28	0	1	0	0	4	0	22	0	53	7	22	3	10	81	0	7	2	0	19	40	4	8	0	79	39	42	1	8	10	2	3	0	0	0	39	0	1	3	0	0	0	16	2	4	8	3	0	14	25	18	11	68	4	0	1	11	0	8	32	0	0	17	
9	4	2	2	0	32	12	1	24	1	1	1	8	1	10	8	6	19	0	7	2	12	91	0	53	32	1	43	24	0	5	7	12	5	14	1	13	0	1	28	1	9	0	22	4	85	76	67	15	2	29	15	0	2	51	8	11	10	2	0	7	0	0	31	0	21	48	0	0	12	14	44	0	55	40	1	82	46	0	31	0	0	25	1	40	9	104	26	15	24	0	0	0	4	55	5	0	5	4	64	8	46	0	53	12	3	0	0	16	28	56	4	17	21	4	0	5	40	1	18	2	0	32	9	22	0	2	0	0	13	2	4	0	20	3	1	9	0	2	6	20	22	20	0	1	1	2	5	26	17	1	4	10	0	50	3	14	3	0	2	38	1	22	13	19	0	3	24	7	0	0	0	17	2	0	4	0	1	0	3	7	0	65	1	0	0	0	0	12	23	14	11	0	8	18	0	0	12	1	0	
3	4	26	1	0	11	18	59	5	0	2	10	32	18	4	57	3	12	3	0	20	2	6	9	5	0	2	98	0	46	0	1	0	0	0	16	32	2	38	0	8	0	28	25	1	35	21	0	0	5	0	4	0	1	0	13	0	13	3	4	31	1	0	17	50	0	67	5	64	9	22	0	26	9	5	51	25	5	25	41	24	5	33	50	27	0	42	20	3	0	71	0	4	7	3	19	12	9	16	24	1	7	7	23	5	0	19	32	1	54	18	0	24	5	5	8	19	1	0	104	52	25	0	25	4	4	10	5	0	0	0	18	7	0	12	0	0	0	14	25	5	1	31	0	1	29	13	21	23	2	35	4	19	4	3	6	26	8	11	1	37	56	5	36	0	3	0	6	25	28	0	3	27	6	0	1	0	0	1	1	0	23	1	5	13	41	1	2	10	9	0	59	67	5	0	42	33	17	15	2	
3	64	0	13	18	3	13	0	12	1	7	18	3	0	5	2	16	0	10	1	6	31	1	1	0	69	75	1	41	4	20	38	0	0	0	13	47	48	0	3	21	1	5	1	60	0	34	56	16	0	14	16	0	19	23	5	3	4	2	14	31	62	0	12	9	83	0	1	3	0	0	74	0	30	18	57	15	0	25	3	0	89	24	48	0	10	11	10	0	18	13	0	52	0	10	23	0	42	21	1	0	17	33	24	14	21	18	13	24	44	0	0	2	0	0	16	4	0	24	0	4	9	29	13	11	52	9	1	18	19	4	15	13	0	23	13	41	9	35	34	14	40	1	7	2	24	0	20	20	2	0	7	8	57	62	0	16	8	1	4	18	24	0	9	2	2	2	13	0	28	0	0	0	4	1	0	0	4	11	17	10	9	29	15	4	7	2	0	9	4	0	0	10	9	3	15	2	26	7	8	
28	11	11	0	0	0	6	16	24	24	8	10	0	35	2	8	30	12	12	2	5	20	7	5	33	0	8	7	0	6	10	0	22	30	0	25	6	1	0	0	2	5	0	26	21	0	39	22	4	8	1	92	1	0	0	40	0	20	15	7	0	53	0	44	20	8	3	69	0	5	17	60	23	25	22	6	34	15	3	12	47	0	32	12	43	102	16	0	12	28	10	96	108	4	0	16	12	85	7	19	0	54	49	0	0	0	105	3	7	5	0	59	0	1	38	21	21	1	40	30	0	0	1	35	11	0	53	41	4	0	32	3	0	3	47	18	3	0	33	0	18	1	39	4	38	21	0	1	9	15	40	0	3	0	12	0	56	1	0	21	28	47	49	33	21	4	1	32	14	0	5	0	1	3	0	0	9	0	7	0	0	0	1	45	45	1	0	0	13	20	5	1	21	0	0	7	1	5	0	0	
6	18	2	0	1	0	0	1	10	0	0	5	0	0	38	2	0	2	31	32	22	16	25	18	6	13	26	31	18	24	3	36	13	9	0	12	1	75	0	33	23	36	12	49	11	51	52	0	6	71	18	17	35	1	107	7	40	11	2	3	9	9	0	3	67	9	0	0	0	2	28	10	2	66	47	21	0	27	14	99	12	0	8	37	49	1	0	9	5	9	88	7	21	1	2	0	31	13	0	14	1	0	0	31	1	3	0	16	5	0	37	0	5	24	22	1	47	2	16	18	9	37	0	3	40	43	0	16	83	13	5	0	1	15	1	36	82	10	3	13	0	0	5	0	43	0	18	1	32	1	0	55	8	11	6	36	0	0	4	21	24	30	9	2	26	9	4	0	1	9	10	0	2	33	8	6	13	9	24	14	16	7	5	3	1	8	0	0	0	2	16	1	0	0	4	0	17	6	2	3	
18	185	3000	18	0	53	7	30	1	16	22	5	47	0	21	0	0	0	0	0	17	17	9	4	2	35	14	2	13	0	12	4	8	0	4	7	9	43	7	5	0	0	6	13	0	2	20	32	0	1	84	57	26	29	0	9	12	53	6	70	9	38	0	0	0	8	37	0	5	103	47	76	4	18	10	4	29	0	18	41	50	51	77	38	0	19	53	17	1	2	18	47	35	2	2	73	50	40	0	3	0	6	12	52	0	50	0	0	5	14	1	13	6	65	0	53	2	0	17	11	5	4	37	1	0	3	2	19	18	25	3	0	2	0	13	13	10	1	16	0	0	1	5	19	1	33	7	11	0	5	21	4	57	0	1	7	10	16	1	2	10	1	5	0	13	4	5	48	1	3	0	25	21	27	3	8	11	18	0	1	1	0	0	1	8	26	0	1	3	39	9	6	2	2	2	4	1	0	19	31	
2	3	12	26	71	4	8	0	7	2	0	0	23	23	29	0	97	9	3	34	29	26	0	41	5	24	12	20	2	6	0	17	2	15	63	0	2	3	0	28	44	11	17	40	2	114	0	1	0	12	7	31	18	104	1	96	5	7	40	12	48	0	23	34	0	131	0	9	0	2	0	36	0	0	33	1	2	18	8	2	17	0	16	14	6	0	2	20	1	3	328	12	18	38	7	0	25	10	2	9	14	22	0	94	10	4	67	59	4	5	0	46	0	3	35	0	25	0	5	0	7	11	1	14	0	1	1	1866	11	52	0	0	3	12	0	0	2	84	91	5	48	1	3	11	1	28	22	5	0	6	82	8	15	11	9	0	0	4	19	2	12	0	1	33	41	40	12	26	5	0	3	18	2	8	16	12	1	0	3	12	22	7	0	7	2	0	0	0	3	41	9	0	0	2	44	3	30	2	7	22	
2	0	2	13	3	1	1	1	30	0	0	82	7	5	18	17	4	4	6	100	60	31	2	9	0	0	61	14	0	23	6	52	1	97	62	36	39	44	1	4	2	62	23	1	1	39	1	1	97	1	2	0	11	36	46	1	4	52	16	73	32	24	14	0	0	5	9	29	215	1	21	16	6	20	90	4	17	18	0	32	0	131	24	32	0	28	40	68	22	39	0	12	15	49	14	0	1	2	3	18	1	34	10	29	0	0	0	0	0	3	7	4	2	130	0	32	1	19	0	33	5	38	5	0	2	14	22	4	0	33	14	1	19	25	9	1	0	0	0	20	7	0	3	10	43	50	0	1	4	0	5	31	41	0	10	12	2	0	0	0	1	12	47	0	0	9	0	6	2	2	2	1	3	13	3	43	11	12	0	2	0	2	2	0	9	0	10	0	4	56	39	0	2	3	28	0	0	30	1	2	
22	17	4	0	0	0	0	19	0	6	2	26	3	33	0	8	0	5	34	12	0	0	16	15	11	16	4	0	28	0	0	52	0	1	1	110	61	17	35	45	0	0	3	0	42	18	0	51	10	10	2	1	20	25	15	30	0	21	15	0	0	0	8	0	43	9	104	13	48	0	0	12	4	0	43	0	17	2	2	7	8	114	8	20	21	86	0	87	32	3	6	0	0	9	3	41	14	3	55	28	8	35	8	5	33	7	53	6	0	23	83	32	7	80	0	57	31	0	0	26	19	73	8	1	0	6	0	120	17	0	47	42	26	36	63	4	1	6	0	0	19	0	17	0	36	15	14	3	9	21	21	7	26	14	90	0	0	0	3	115	25	1	3	1	2	69	6	45	18	0	1	14	5	4	10	2	17	10	28	29	11	45	24	5	1	15	7	7	26	5	10	0	3	0	7	6	15	5	9	4	
14	14	1	5	2	0	0	4	20	0	30	3	0	9	50	5	0	13	0	46	21	0	10	23	21	17	6	2	30	0	3	0	23	15	27	1	1	3	6	0	8	0	21	0	38	2	5	2	31	0	26	2	0	0	1	14	14	22	0	10	58	55	10	66	0	23	34	42	9	23	11	14	28	3	7	1	12	45	84	18	0	6	0	0	8	9	27	1	10	14	7	8	3	12	0	10	29	0	4	26	0	5	18	15	6	15	24	107	8	10	22	9	1	0	109	0	0	4	17	1	7	4	15	0	5	5	70	13	14	19	0	0	11	24	1	14	17	13	6	11	3	2	1	0	61	33	11	0	17	35	52	0	61	7	51	14	16	5	6	0	2	10	33	0	1	0	2	0	48	15	16	10	4	6	0	22	8	5	2	12	13	0	31	6	6	0	18	0	1	10	16	14	28	6	21	8	25	2	25	483	
19	23	1	22	0	24	1	0	38	6	48	7	5	3	6	0	0	0	0	10	0	4	6	18	26	81	35	25	16	3	0	56	120	0	0	0	24	0	7	40	50	8	35	0	0	4	31	77	24	6	1	5	0	7	25	28	2	0	3	0	9	34	11	9	41	84	0	5	13	19	27	20	0	18	55	0	0	16	31	6	16	3	79	44	79	13	22	21	35	9	12	35	0	14	15	53	14	38	3	16	30	132	0	1	36	1	16	43	0	5	0	78	25	16	34	0	0	3	4	1	3	9	3	20	17	0	8	1	14	83	10	0	4	31	0	2	35	0	12	19	13	59	0	32	0	93	1	4	59	1	0	0	34	1	3	39	0	4	24	28	5	60	0	0	3	10	23	3	55	12	1	1	18	40	4	21	26	8	5	3	0	3	2	87	22	2	18	0	7	5	8	13	8	1	5	6	0	10	0	1	
16	11	1	1	1	56	7	6	0	0	0	5	0	13	11	0	0	22	38	29	3	0	0	17	0	0	2	28	1	115	12	18	30	38	5	24	1	1	30	8	98	34	0	33	12	4	33	108	56	5	18	14	0	19	1	9	4	2	13	27	0	43	35	38	22	19	41	21	125	0	34	45	13	32	21	15	125	0	14	0	0	0	34	11	0	3	0	27	2	0	12	0	8	17	35	12	21	0	11	56	0	3	5	0	13	0	14	0	41	12	29	17	562	13	1	51	7	4	57	28	1	13	4	26	2	11	17	36	2	7	0	1	12	1	0	13	12	6	37	6	0	0	2	0	15	13	28	14	0	71	0	18	0	2	1	0	11	6	2	1	0	33	0	13	50	24	23	0	0	82	0	10	0	1	6	0	18	4	6	0	48	5	8	0	29	30	0	0	6	0	16	11	0	50	0	19	0	0	28	4	
14	11	0	0	13	1	1	1	9	5	9	24	7	18	27	0	0	8	25	7	10	16	0	41	0	11	2	28	5	0	0	2	0	16	34	16	3	13	0	92	25	6	0	36	17	11	68	0	5	36	36	17	0	0	1	13	15	9	6	0	37	4	6	10	43	29	0	175	40	1	0	6	17	13	0	63	8	23	0	23	53	19	0	2	44	1	18	42	0	0	1	0	33	19	11	35	3	48	0	29	10	5	13	37	11	2	1	19	10	0	0	3	10	36	1	10	7	0	7	8	0	2	1	9	15	1	124	19	0	2	6	1	0	0	19	5	5	4	0	13	5	30	0	26	38	11	0	4	0	5	2	68	32	0	12	27	1	2	0	13	35	0	48	15	5	4	1	2	1	1	16	0	3	0	17	40	4	1	0	0	0	25	30	1	0	0	41	3	0	3	20	6	21	0	10	1	90	14	2	4	
5	20	2	2	9	16	2	0	21	11	4	19	13	10	0	8	0	28	19	4	0	20	22	4	40	1	20	0	8	4	44	0	50	29	36	67	2	0	2	1	33	37	7	9	109	0	3	6	9	11	18	15	0	19	5	0	70	0	0	10	6	23	11	1	19	50	29	19	16	0	13	2	24	21	54	11	4	19	26	36	31	12	11	25	0	7	64	1	10	1	15	38	2	12	15	0	75	78	12	26	1	11	3	89	11	13	11	11	0	77	0	0	10	39	2	34	18	33	4	17	1	56	1	22	1	1	1	14	67	5	1	26	0	43	34	0	22	15	13	2	2	1	46	3	6	0	1	29	7	0	0	0	0	67	10	0	54	36	9	18	0	4	6	9	0	2	2	49	1	43	3	6	1	3	0	0	14	15	34	14	5	16	16	3	1	55	1	8	55	0	1	14	5	6	0	14	0	2	31	0	
0	3	3	2	23	32	42	0	1	16	10	19	0	54	0	50	21	0	9	1	1	43	2	8	55	24	53	0	47	0	32	1	17	15	13	120	2	12	0	12	31	7	67	17	4	3	2	25	1	34	3	42	37	0	16	0	7	1	0	52	27	25	5	0	4	86	18	56	20	12	22	24	2	0	43	91	29	39	21	38	19	11	30	11	9	0	30	51	23	16	2	42	15	0	3	10	22	13	60	2	114	19	14	26	0	5	10	4	0	17	6	49	15	27	0	6	0	42	40	28	42	0	12	17	51	0	4	0	4	0	1	68	0	7	3	30	8	0	0	4	52	0	88	0	6	2	7	34	25	11	94	6	45	0	12	7	0	1	0	38	17	38	35	22	1	4	37	9	14	0	54	23	0	2	41	26	0	16	0	12	0	26	0	36	10	0	11	0	0	0	0	1	7	8	14	9	14	2	33	0	
6	1	1	0	0	0	11	12	74	0	1	0	0	0	16	0	1	5	0	32	35	39	0	5	11	0	5	12	5	0	0	22	14	58	9	4	3	69	1	51	0	3	2	1	85	2	7	0	17	22	43	142	6	3	78	13	0	0	1	1	0	10	34	22	11	11	10	15	21	21	1	4	3	35	22	37	4	13	1	40	7	11	0	39	14	17	0	2	1	0	0	3	8	39	14	27	19	2	33	47	0	34	0	1	13	18	13	23	0	8	2	0	40	12	30	2	4	3	16	29	5	18	14	13	49	0	2	0	15	15	0	0	1	41	0	29	25	0	137	0	1	4	16	2	4	0	23	22	126	15	32	5	18	28	5	0	51	0	5	33	32	3	10	0	2	39	85	5	20	2	0	31	1	57	0	14	10	28	0	1	86	66	5	8	5	0	0	4	6	2	0	0	0	17	2	4	3	0	3	6	
34	0	2	40	19	26	10	7	17	1	0	5	0	0	7	6	0	13	33	5	6	0	21	5	25	6	0	5	13	14	23	16	24	26	56	21	16	2	0	0	1	1	50	33	7	0	3	12	0	0	3	70	11	19	0	0	32	6	2	0	9	54	0	97	0	1	1	1	8	3	14	0	35	34	26	11	0	49	0	36	1	0	0	16	77	54	4	51	10	7	20	0	4	15	16	9	84	13	5	0	0	37	1	17	72	0	0	27	21	0	22	0	1	0	2	0	0	0	0	11	8	0	26	0	28	2	6	13	15	8	0	3	28	18	0	3	85	5	8	2	8	111	16	6	16	0	0	22	18	1	1	12	46	9	25	24	1	1	23	0	23	35	0	0	0	5	12	2	13	8	31	0	0	0	30	1	3	0	0	31	8	1	0	16	0	0	3	2	15	38	19	7	27	22	2	8	23	14	0	13	
4	18	13	0	0	0	9	24	19	2	3	18	1	39	21	10	36	58	4	18	0	6	9	15	17	0	53	32	0	11	0	2	0	0	40	0	106	10	1	2	14	25	15	32	55	2	0	38	8	33	20	0	35	15	9	137	4	3	26	6	41	13	48	85	1	18	25	19	2	19	28	6	0	14	0	35	32	0	38	44	79	8	23	10	0	58	44	51	52	12	8	4	22	8	0	4	2	6	10	25	0	4	20	23	1	14	15	48	12	0	0	7	22	14	9	1	8	0	13	13	0	0	1	0	45	22	7	0	19	0	63	5	0	16	14	2	6	2	0	0	44	13	0	9	3	0	1	0	1	3	1	0	2	0	1	0	4	17	10	16	43	0	7	78	0	10	21	0	2	51	9	0	1	0	5	73	7	1	4	159	3	31	0	27	20	51	0	0	1	7	0	5	3	2041	0	74	6	0	8	9	
1	0	2	5	6	21	10	0	5	13	16	10	4	28	0	0	40	5	1	4	0	30	26	6	5	1	13	3	0	0	0	25	0	15	25	0	8	0	1	0	4	4	16	23	1	0	2	0	64	0	8	2	0	6	8	0	1	28	18	69	28	0	17	9	65	0	49	9	4	129	30	2	0	0	45	2	0	37	56	4	30	20	58	8	4	0	20	36	0	0	24	6	0	45	0	48	15	3	4	0	66	28	5	59	0	7	31	17	0	1	36	60	0	23	5	19	0	0	0	20	2	72	8	131	0	3	28	8	0	27	16	90	1	10	4	1	6	2	14	23	33	35	1	0	12	0	4	38	23	67	16	0	5	23	40	1	4	18	0	3	21	8	16	13	7	11	13	35	12	53	7	74	26	2	0	0	15	9	18	0	47	0	5	58	39	5	10	0	0	1	7	0	5	1	34	1	18	8	1	0	
8	2	1	11	16	0	13	31	24	22	9	8	0	1	1	3	0	11	0	7	10	0	22	9	12	2	11	14	21	2	4	17	8	113	28	47	20	0	2	1	9	26	21	28	0	4	70	14	11	1	1	27	6	20	15	3	21	54	131	45	14	19	32	50	24	25	0	44	34	1	2	0	3	41	5	53	12	0	12	22	29	50	5	8	6	35	0	6	1	0	10	16	0	9	0	8	0	18	0	20	1	24	6	43	13	0	29	2	0	6	16	1	34	13	14	33	0	3	27	12	1	11	0	5	5	39	0	74	0	64	14	1	26	2	31	10	7	2	4	62	12	0	3	34	2	0	2	0	0	3	2	7	47	30	5	4	25	19	5	0	0	0	0	29	0	34	0	73	20	0	15	116	3	0	51	0	20	0	0	8	19	0	0	1	16	33	1	16	10	0	9	64	1	0	0	1047	2	0	8	12	
26	15	1	0	1	0	0	0	0	17	30	11	0	9	2	18	1	11	20	23	5	11	17	9	35	24	1	4	21	1	32	4	21	0	49	0	39	20	12	45	12	3	1	18	40	10	31	4	15	6	79	18	6	0	18	0	0	33	3	0	20	53	0	11	0	2	50	0	2	97	50	60	33	18	38	0	99	14	5	0	97	0	26	15	37	4	0	37	4	12	1	1	43	10	1	41	15	5	0	8	0	17	28	10	37	16	0	1	40	59	11	0	68	25	1	28	30	13	0	9	1	11	3	12	29	0	0	0	35	10	32	10	20	11	67	1	1	69	27	12	36	33	56	12	37	22	35	88	21	124	0	3	23	2	3	0	1	14	5	0	0	0	21	0	1	46	1	92	0	30	2	5	0	11	19	43	0	41	29	59	20	10	55	0	24	16	0	2	5	1	3	47	2	4	4	6	0	0	32	0	
10	5	4	15	0	21	1	4	6	18	27	31	45	12	10	16	46	47	13	0	8	6	0	27	31	2	54	2	94	0	0	5	26	0	0	13	6	55	0	2	0	23	24	10	17	0	9	15	13	80	8	0	1	10	10	7	0	4	3	24	0	2	0	0	30	0	42	3	11	49	0	0	21	84	53	10	3	102	2	33	83	9	5	3	36	0	0	66	41	9	2	22	13	26	1	29	0	0	20	0	22	0	0	2	59	51	47	0	0	13	25	2	21	0	0	33	3	1	14	25	64	5	15	1	12	2	2	12	11	14	1	28	0	8	68	1	43	3	9	3	16	8	12	88	0	13	0	0	9	5	0	56	0	1	1	1	0	21	1	19	0	0	18	18	2	9	0	0	0	141	47	0	11	2	3	0	3	76	10	23	10	5	0	10	11	19	0	8	0	1	0	2	8	0	55	8	29	0	3	6	
0	11	17	0	0	1	4	2	9	5	7	4	4	0	13	0	0	1	6	9	0	3	59	0	11	3	2	1	51	0	32	8	6	18	52	0	9	8	4	2	33	6	27	2	5	30	1	32	0	0	8	5	0	7	68	6	79	90	4	1	0	20	0	54	0	46	8	29	25	21	24	55	17	5	67	29	14	0	9	0	38	0	2	0	84	15	21	34	19	90	23	0	103	5	3	18	15	0	76	57	14	0	1	67	12	0	6	0	0	3	0	0	7	27	17	37	20	1	11	9	13	9	13	6	48	28	0	40	24	0	1	46	2	0	5	0	15	5	0	46	7	8	8	0	37	12	8	46	30	49	10	29	17	32	40	12	35	6	7	0	25	22	0	1	11	40	23	0	14	0	3	29	0	37	2	4	3	0	17	23	0	0	13	0	3	1	1	9	28	2	0	12	4	3	13	104	18	2	0	24	
2	5	0	44	0	4	3	2	12	8	6	13	0	0	0	36	23	0	7	3	45	1	13	0	12	5	0	0	0	54	0	20	47	6	37	2	57	16	30	22	12	7	0	15	0	110	56	57	1	2	89	6	0	21	48	48	46	10	7	8	26	53	0	1	0	0	25	7	2	2	31	4	24	5	0	0	1	8	3	0	44	1	60	11	8	8	0	1	48	0	63	20	29	15	29	3	0	1	0	9	1	0	0	1	53	37	19	11	15	8	18	20	11	3	0	12	0	6	19	0	27	89	11	0	10	0	9	3	28	22	2	9	0	62	58	0	61	41	0	19	28	0	0	29	36	42	1	0	28	3	27	3	1	86	5	24	19	8	33	10	5	24	0	18	3	89	0	81	16	0	95	23	9	35	16	0	5	43	1	24	9	25	1	0	5	6	12	104	3	6	8	0	0	3	40	0	6	4	0	5	
1	10	6	0	5	21	8	0	45	0	0	9	7	2	3	11	2	8	12	7	8	5	3	61	104	18	36	2	4	0	19	0	6	2	19	43	24	35	12	0	4	34	2	0	0	0	20	25	20	44	21	3	29	14	37	36	0	1	22	35	9	0	0	0	31	45	0	84	29	4	18	7	30	15	19	0	2	11	0	7	17	5	30	12	34	20	0	9	18	34	126	0	40	15	1	97	0	16	11	1	0	1	20	12	30	2	16	5	0	16	34	46	11	12	11	12	30	35	0	45	33	18	34	27	21	12	75	1	22	0	5	26	42	0	87	17	18	7	29	43	0	25	32	39	30	16	76	2	0	0	5	26	16	13	29	0	89	88	0	4	8	1	6	27	3	49	294	44	5	0	0	5	2	0	2	7	2	2	6	97	8	0	20	11	8	17	4	0	12	2	58	32	1	5	2	0	8	11	13	9	
10	0	4	0	13	9	18	6	19	6	0	4	0	0	5	0	0	0	1	6	22	7	24	1	5	0	3	7	0	13	0	0	0	1	10	0	0	12	0	2	19	37	0	0	1	9	0	28	0	45	7	0	4	5	0	3	0	2	4	14	6	43	10	54	0	74	15	34	0	13	0	5	18	2	25	0	4	0	10	77	45	9	27	54	0	0	0	4	14	0	16	27	29	29	10	0	1	42	14	0	7	55	1	75	2	25	38	21	4	2	13	26	99	25	6	56	13	59	20	58	0	51	4	2	0	28	14	0	0	42	10	6	40	5	7	0	21	7	20	2	1	19	4	22	30	3	0	92	6	0	29	42	21	119	0	3	14	10	1	0	0	2	14	12	14	43	7	2	29	1	2	0	21	0	25	7	4	11	65	8	8	0	3	6	29	128	9	8	0	10	22	0	26	16	7	29	1	23	4	2	
9	1	0	0	9	0	2	16	0	6	2	0	1	0	40	15	6	0	0	0	3	14	19	1	0	0	0	1	0	0	17	0	4	0	48	0	26	0	21	5	10	38	28	0	18	7	12	7	11	0	6	7	40	12	44	19	82	8	84	5	1	1	58	4	7	21	0	12	0	488	25	0	0	4	0	0	2	17	20	30	3	1	0	2	0	5	0	27	31	111	215	20	0	6	61	58	4	2	54	8	12	3	1	29	40	13	67	0	33	56	5	53	1	18	1	21	2	0	26	31	21	26	4	0	44	12	3	28	47	101	4	0	53	17	32	4	14	11	15	23	23	0	101	17	67	0	2	0	7	16	31	39	1	4	19	1	56	0	1	3	59	41	23	0	43	7	24	10	15	0	12	16	0	0	22	2	0	0	25	30	3	109	0	2	1	0	0	0	4	1	20	4	11	8	0	5	0	75	4	0	
0	4	0	0	15	15	8	54	0	0	18	5	6	92	0	3	10	1	15	21	13	6	40	38	5	9	33	76	22	1	2	1	6	11	49	41	10	11	27	11	7	29	3	0	0	0	44	17	21	13	28	0	12	9	5	0	37	8	76	34	0	9	0	4	36	0	0	3	85	1	0	15	52	1072	5	2	0	19	29	19	21	31	20	0	0	0	7	0	27	8	155	14	21	7	0	37	1	94	39	0	20	20	4	20	133	0	12	28	36	17	52	0	0	0	4	0	1	1	43	0	12	3	7	12	15	39	7	2	66	0	0	71	127	55	21	18	2	18	0	0	24	8	74	27	17	15	22	10	24	2	130	5	0	27	53	3380	1	4	53	3	0	0	2	4	6	7	15	1	7	0	7	1	31	24	13	14	20	5	31	7	0	18	8	0	3	0	35	1	5	0	28	25	38	0	1	10	8	2	5	6	
11	1	5	18	31	0	0	7	0	15	1	0	15	4	27	11	2	31	6	0	2	102	0	0	0	0	8	35	16	3	0	0	1	30	0	1	41	66	0	28	15	5	10	1	9	18	16	28	11	2	0	2	13	8	9	19	5	71	0	51	9	2	18	71	21	7	63	54	0	15	9	5	16	43	0	21	9	110	2	12	1	45	29	4	19	9	20	43	74	40	0	48	35	25	10	3	1	0	9	3	18	22	9	0	3	0	3	37	4	12	0	0	55	29	33	80	1	28	8	34	0	0	0	0	24	1	0	19	43	8	61	11	18	5	92	6	46	14	0	0	42	0	37	29	2	0	11	5	11	43	10	3	5	11	0	24	0	0	11	12	15	22	0	0	5	16	0	4	2	0	0	7	14	0	2	0	12	0	6	16	1	22	2	1	0	20	5	5	1	13	0	1	5	21	4	19	24	15	1	1	
0	8	15	5	0	20	22	14	1	0	6	0	0	14	15	0	41	1	0	37	0	14	2	14	10	10	3	48	21	0	0	0	14	7	4	62	73	0	14	18	28	2	1	47	3	16	0	3	46	2	1	0	19	1	0	55	28	18	0	19	10	81	8	3	3	44	0	27	1	0	3	119	31	0	0	9	32	5	5	18	0	32	7	2	24	7	0	25	0	0	0	0	0	31	39	0	39	0	0	0	13	76	0	3	29	1	0	0	70	2	12	14	0	0	13	66	51	23	4	169	7	2	1	23	0	3	0	48	0	1	16	25	33	27	11	15	0	0	52	27	15	4	52	65	11	3	38	3	0	22	94	1	78	19	0	1	14	0	12	3	0	5	24	74	96	18	13	5	2	5	40	60	17	10	7	5	13	140	5	3	0	37	1	0	29	29	4	1	3	17	9	0	2	19	48	12	0	0	0	0	
5	18	19	0	0	0	20	0	3	5	20	15	39	0	15	0	0	1	45	0	3	45	0	1	7	0	2	18	30	14	21	8	23	30	3	0	14	9	20	33	9	0	6	69	0	74	1	1	40	2	2	2	7	0	0	18	0	1	0	101	38	23	0	0	16	20	30	96	19	15	7	23	0	1	23	0	11	0	0	6	3	19	8	0	19	3	6	71	0	34	0	4	4	0	0	68	37	4	4	0	44	1	0	0	0	4	12	3	65	0	122	1	1	35	9	1	4	27	31	65	37	18	0	5	5	0	0	4	11	0	0	0	39	54	26	89	10	34	0	1	47	25	0	34	1	2	0	7	47	67	0	3	9	1	2	51	21	3	184	0	0	0	24	1	0	14	26	1	46	46	32	28	5	0	7	78	8	77	5	6	21	2	0	89	9	6	0	0	15	5	11	11	0	0	6	5	0	2	2	0	
0	6	10	11	0	0	32	2	0	0	2	35	3	0	0	6	1	1	37	13	24	2	21	0	44	2	58	1	6	10	50	2	27	5	1	7	0	10	19	17	0	0	41	215	57	0	1	25	22	4	6	0	3	10	27	6	0	14	45	0	68	7	47	45	24	22	0	29	54	2	33	0	0	4	11	14	38	18	31	1	8	0	30	12	1	2	46	0	11	44	3	1	5	11	53	4	0	44	0	2	0	20	72	4	92	71	7	0	6	22	37	0	54	0	23	14	12	8	6	15	3	0	0	13	9	0	0	8	81	99	31	41	22	0	11	0	0	7	3	1	13	0	16	0	41	5	0	10	1	7	19	26	7	21	14	17	8	0	25	9	68	1	122	8	2	10	0	0	0	0	23	19	16	90	26	7	25	42	1	7	3	48	0	2	9	53	6	36	69	18	34	0	3	0	0	0	0	0	0	1	
15	37	0	4	37	0	0	0	0	1	1	0	0	13	46	46	4	0	11	4	3	20	9	82	0	16	10	0	0	8	16	10	18	38	15	13	0	0	69	16	3	40	7	37	1	2	0	19	1	87	8	1	44	17	18	19	19	1	26	14	8	43	1	11	28	4	4	76	2	35	1	0	0	13	49	14	0	0	0	0	31	20	6	93	50	7	41	19	3	49	8	2	27	54	3	0	0	0	0	4	0	7	2	0	13	61	11	0	15	0	11	82	0	42	0	0	14	17	51	3	45	18	62	0	31	25	0	0	0	1	4	1	0	19	51	6	1	81	0	6	23	0	21	14	53	141	4	35	1	17	1	17	5	23	9	26	67	3	68	0	0	82	1	49	16	49	5	0	18	14	0	994	420	1	15	11	31	0	15	28	19	19	26	1	15	36	12	15	28	34	4	0	0	17	0	18	3	12	0	0	
38	22	9	0	0	23	10	0	0	1	16	17	64	3	2	0	13	2	0	0	1	44	0	1	7	7	4	9	7	4	18	21	0	29	30	8	9	4	6	0	15	4	6	0	2	12	14	80	6	0	2	31	2	62	30	0	7	6	33	23	0	32	18	33	0	24	1	0	6	49	43	2	3	36	31	0	3	13	30	58	0	1	13	11	1	0	4	4	8	4	0	405	14	0	0	36	7	39	5	17	1	0	2	27	87	4	0	10	0	14	12	57	35	20	9	17	20	8	0	138	4	12	30	8	0	106	202	13	16	10	29	19	19	29	26	6	3	26	3	34	0	39	11	30	26	52	43	2	9	0	0	46	1	127	97	4	11	60	0	0	0	15	79	22	1	21	19	4	0	9	5	1	12	1	5	24	0	54	0	12	3	43	1	0	4	4	7	7	2	20	2	65	0	4	0	3	11	4	25	3	
0	22	37	38	34	0	0	13	5	13	9	20	36	3	19	71	13	0	20	0	2	1	943	6	25	8	0	10	14	1	9	71	0	17	5	60	0	57	34	2	21	8	13	5	32	1	13	84	13	19	0	32	18	70	36	37	17	2	0	27	47	96	0	46	4	0	12	0	53	1	30	15	52	0	58	2	20	17	43	5	57	47	38	0	55	0	0	10	0	43	0	0	42	2	0	34	14	41	1	22	1	1	1	13	0	0	0	0	8	34	0	60	31	17	0	1	87	9	54	0	46	72	28	7	57	40	60	19	26	59	0	9	30	40	0	60	0	11	4	7	20	7	19	28	70	0	0	8	20	0	15	4	0	4	52	0	0	2	68	3	2	3	0	535	0	17	0	16	0	12	1	21	0	3	0	30	23	4	2	1	4	3	0	0	69	4	7	0	1	3	0	10	10	2	3	10	0	0	0	12	
18	3	0	0	0	0	0	0	12	0	15	10	0	42	14	0	42	2	0	0	3	3	14	0	0	8	0	0	18	13	21	0	8	31	12	9	18	2	10	0	0	2	1	9	1	4	2	9	6	29	8	32	50	1	0	41	7	12	0	12	18	0	36	42	0	5	13	8	5	1	7	4	11	5	7	0	902	8	0	1	0	31	8	0	0	11	5	66	31	18	27	15	37	13	19	1	6	51	9	16	109	5	6	25	23	7	2	24	101	3	13	30	23	23	19	37	26	25	2	11	0	0	0	70	16	32	5	0	34	0	63	0	50	19	25	63	20	19	2	1	0	0	0	238	17	6	15	111	64	0	68	0	25	25	20	26	2	30	26	20	28	21	14	5	15	0	0	40	1	6	13	1	9	1	12	0	11	19	42	13	7	0	1	33	3	6	0	6	31	17	19	14	3	6	40	13	0	0	30	16	
26	0	10	0	0	10	5	12	14	4	13	8	25	4	7	2	8	0	0	0	0	0	0	1	7	47	45	5	50	55	32	13	0	2	5	2	6	56	2	25	8	1	8	7	3	0	19	14	0	50	3	6	1	8	0	19	2	0	18	0	15	15	54	3	6	11	31	0	5	1	3	0	7	1	31	72	11	2	0	39	33	0	51	10	41	3	16	44	4	20	0	23	11	5	0	2	4	13	53	7	2	0	20	3	0	50	0	3	83	8	8	7	21	8	0	34	176	23	2	40	18	1	6	0	45	35	9	32	0	14	6	2	0	42	38	0	37	2	7	7	0	14	0	34	4	10	31	3	0	2	0	24	0	0	0	18	135	0	0	2	4	0	8	0	23	2	65	55	0	11	18	70	50	30	19	11	26	0	4	0	5	17	6	9	15	6	4	7	33	0	3	43	11	9	2	1	11	37	1	0	
43	6	21	0	2	8	63	4	2	1	8	3	13	0	2	1	0	3	0	30	2	20	0	5	11	0	0	6	9	0	13	2	67	8	1	0	7	14	5	9	2	6	5	0	0	13	44	44	15	0	32	3	0	0	12	20	0	14	44	5	0	4	22	55	27	7	2	13	0	0	46	32	29	18	83	0	38	28	0	65	0	128	0	0	5	11	12	33	24	37	13	7	63	2	0	0	6	1	16	10	0	19	17	0	0	36	16	18	10	0	0	22	1	23	0	82	14	54	51	1	16	0	15	2	89	7	10	23	22	0	38	6	25	5	14	9	35	5	49	69	74	53	29	3	3	15	31	5	46	90	52	0	26	3	0	118	67	0	16	47	14	15	22	40	92	8	15	15	19	14	19	17	40	100	7	7	463	0	8	8	3	0	0	6	0	2	30	3	0	0	0	3	55	17	7	0	7	27	1	0	
5	0	13	6	26	2	22	1	0	17	2	4	11	0	2	13	0	2	2	1	29	30	8	1	3	3	15	14	8	4	4	5	1	10	3	12	6	0	14	9	7	27	2	1	11	0	9	5	13	7	13	3	0	9	10	35	45	2	0	6	12	2	12	23	31	0	0	7	22	27	10	29	2	0	25	0	0	68	18	8	0	0	73	0	4	1	12	27	67	5	13	7	49	0	12	7	83	0	0	0	27	22	18	0	2	11	18	9	52	61	11	106	0	14	17	0	27	15	53	0	0	39	41	11	11	66	3	9	4	51	31	20	62	0	8	37	20	7	7	43	35	0	19	103	19	8	0	52	8	99	41	12	0	13	3	0	33	18	32	60	0	33	15	0	34	1	5	0	19	0	49	5	27	3	2	11	2	1	0	4	44	0	30	36	9	0	17	0	5	11	9	0	37	14	4	7	14	13	5	1	
2	0	2	1	2	34	1	17	24	6	7	1	22	23	0	37	0	3	0	2	1	10	22	1	2	2	0	0	14	67	0	45	26	3	10	6	0	1	10	23	6	13	42	0	41	7	10	25	0	1	79	21	21	2	1	13	2	0	16	20	25	3	1	28	21	2	14	14	1	2	13	23	43	18	0	6	8	32	0	2	12	0	0	0	19	1	14	54	30	13	7	40	14	24	11	30	5	5	17	0	37	33	1	1	32	2	12	22	28	61	14	3	0	5	24	11	5	12	0	0	0	66	0	57	89	0	100	18	60	108	46	85	0	0	23	1	0	7	1	62	36	2	0	23	14	22	5	27	0	0	35	0	0	45	44	9	0	9	1	29	15	1	29	0	0	10	20	46	8	7	29	5	6	3	21	1	2	10	5	5	0	2	20	1	0	58	0	36	0	0	10	6	47	12	52	0	13	18	4	19	
0	0	0	5	2	45	5	0	2	11	0	9	0	1	1	0	8	8	1	9	0	0	17	2	0	4	0	0	8	25	44	18	197	0	8	6	2	45	11	1	0	25	5	9	21	16	9	14	0	32	3	51	42	21	14	50	0	15	2	0	0	0	45	3	0	32	29	16	41	45	36	24	5	19	22	62	74	3	4	0	20	31	3	3	0	0	27	18	0	0	43	7	0	3	0	87	0	4	9	5	0	9	18	11	46	48	23	1	2	0	7	3	0	0	80	20	9	20	2	0	51	54	0	1	2	3	0	28	88	16	0	148	87	59	1	0	17	17	4	0	54	76	18	81	1	0	1	3	23	150	17	26	7	171	10	3	36	0	26	3	15	0	0	30	3	0	0	11	0	17	4	0	2	55	11	0	10	1	34	17	8	4	18	12	7	105	11	5	0	20	0	0	3	0	0	24	4	3	1	0	
0	0	44	0	0	34	16	0	5	32	59	0	0	0	2	5	3	1	13	5	0	9	0	3	0	9	14	3	32	11	14	0	27	21	16	1	6	975	35	6	0	84	2	0	15	2	8	0	29	2	11	1	0	28	16	0	44	7	10	63	0	0	0	41	1	2	5	0	15	6	6	25	18	2	104	28	0	62	7	0	24	1	23	1	27	12	106	21	6	67	0	0	9	0	4	0	0	4	13	35	0	28	0	4	13	0	0	0	0	4	0	63	0	37	50	7	8	14	27	30	137	7	118	59	1	0	25	42	28	44	69	0	56	10	1	0	0	3	30	5	3	29	1	21	129	0	0	0	0	14	82	54	1	24	0	13	82	65	0	83	0	26	7	0	0	40	7	10	75	80	2	0	51	3	0	40	0	31	19	12	0	20	0	19	12	24	0	1	9	17	22	0	4	0	5	0	3	65	3	0	
6	34	23	3	1	0	3	16	9	0	23	11	0	9	0	2	3	4	0	3	37	2	8	79	27	5	0	0	5	0	1	3	55	1	3	6	40	4	14	22	41	2	71	0	0	1	0	1	0	15	1	11	2	21	62	56	36	55	0	4	51	0	70	18	12	15	19	30	89	2	6	40	56	23	41	2	3	2	2	7	8	16	44	1	0	56	9	2	12	14	4	22	30	27	16	10	24	36	0	1	17	2	26	69	11	37	2	3	24	21	1	0	0	70	16	0	12	37	40	0	10	2	23	19	1	22	0	0	44	63	66	20	35	93	33	6	23	14	6	13	38	12	15	0	29	12	4	0	62	8	22	0	34	2	5	11	17	62	14	4	12	0	0	108	8	0	12	0	0	42	5	48	1	2	17	46	13	36	3	1	29	22	2	19	0	32	56	7	2	15	0	0	0	4	32	11	9	33	0	11	
0	0	1	5	34	0	1	0	11	8	4	0	0	27	3	2	8	6	19	7	0	0	21	23	1	3	3	0	6	0	0	0	0	13	0	12	4	43	27	1	0	14	36	16	6	1	0	0	0	3	2	11	14	20	18	38	33	15	12	19	0	23	36	15	54	1	0	9	14	93	0	0	16	0	52	0	0	1	2	35	29	18	1	0	0	0	11	0	34	1	0	26	50	10	0	14	0	22	74	6	6	0	19	0	13	14	0	147	9	0	0	12	3	0	24	92	10	34	18	0	121	52	41	2	44	1	0	19	1	0	12	32	3	11	0	26	16	43	230	3	65	0	6	0	36	73	37	0	21	7	24	0	171	110	22	10	18	0	30	15	11	77	0	24	10	0	0	15	9	943	8	17	3	2	34	0	30	10	1	57	16	16	14	20	16	9	24	0	0	0	2	13	3	0	0	10	0	0	4	1	
3	0	17	1	18	15	0	21	1	0	0	34	4	0	8	0	0	26	0	46	0	1	9	2	2	0	38	0	1	40	21	0	0	13	10	11	0	5	1	0	0	0	13	12	0	0	4	0	1	93	14	0	7	7	0	0	0	28	2	0	16	1	4	1	17	34	12	0	2	13	2	1	37	0	30	2	11	4	35	72	2	28	0	3	10	1	36	0	34	0	24	67	0	3	78	26	61	12	0	47	30	0	44	10	0	0	41	28	4	28	37	0	10	27	0	48	26	1	12	0	66	0	0	13	1	55	15	29	2	41	23	21	9	26	37	15	152	46	0	8	13	3	15	22	0	9	21	1	0	100	5	90	5	25	80	3	0	35	119	6	37	1	25	14	4	65	198	0	8	4	9	3	4	3	34	48	5	0	60	1	20	1	2	4	0	0	58	0	10	59	6	20	6	6	1	0	15	0	17	5	
12	3	21	3	44	78	0	0	0	3	33	109	21	41	49	0	48	0	22	26	4	4	0	18	1	28	0	16	6	0	10	1	9	0	0	0	5	10	32	0	15	0	12	0	9	1	31	16	4	28	15	41	0	24	7	14	6	0	7	12	0	20	0	4	13	10	0	18	28	1	0	22	26	0	0	10	3	1	12	23	15	0	14	12	11	0	32	4	0	14	51	7	46	27	89	7	11	35	23	35	0	4	0	4	2	70	12	68	0	26	28	1	111	0	12	46	0	53	41	2	44	0	28	72	5	35	2	1	63	30	4	4	3	88	0	55	31	0	3	127	12	11	1	0	2	41	41	155	30	19	8	48	16	0	2	0	0	37	0	34	3	44	17	0	25	13	48	1	2	10	5	0	8	0	8	6	0	0	0	0	8	14	38	1	0	47	15	5	0	0	17	11	16	16	50	0	3	19	1	0	
6	28	11	16	0	0	18	6	22	0	0	75	13	35	4	0	2	0	1	1	16	17	12	21	13	16	1	3	2	0	10	0	37	13	1	1	0	1	1	15	12	17	30	0	12	1	8	0	29	0	16	1	3	13	0	5	27	13	38	17	0	14	5	0	4	3	16	9	48	0	88	6	2	1	0	3	5	49	35	22	22	0	9	24	26	1	0	5	4	22	13	31	52	47	22	19	11	19	5	9	0	21	0	5	1	0	7	75	55	76	3	45	10	116	0	26	3	19	21	70	11	69	4	82	155	2	1	2	77	3	20	72	0	0	9	3	56	59	23	0	62	9	2	72	97	61	0	0	49	20	0	0	14	0	3	0	0	4	0	22	18	1	57	21	7	77	6	23	1	3	8	13	4	28	0	4	0	25	4	0	3	13	89	11	2	10	27	4	19	9	1	14	0	6	0	2	2	3	2	5	
11	0	20	0	0	0	21	8	15	20	5	1	0	0	2	17	10	7	0	2	3	12	3	0	2	33	21	0	0	1	9	0	17	9	7	2	3	0	16	7	25	68	1	11	0	76	32	0	34	16	45	0	0	4	0	22	5	0	4	0	19	14	0	1	2	14	0	4	23	0	87	31	29	26	3	47	0	0	0	20	1717	0	28	0	39	0	0	14	11	5	0	2	2	19	10	20	39	0	12	0	9	0	74	17	26	11	11	35	29	0	19	22	0	1	70	42	50	14	149	0	28	11	4	66	4	5	0	16	0	0	16	22	0	0	18	0	33	9	26	0	34	0	233	68	17	13	0	3	15	87	0	63	3	0	154	26	0	0	12	2	3	0	0	49	0	20	90	42	19	42	9	5	0	13	0	0	0	0	0	2	28	0	0	4	14	0	30	3	14	2	14	9	10	2	28	16	30	5	4	11	
2	39	0	1	4	8	44	1	4	1	15	0	1	0	0	0	13	3	20	3	6	0	1	0	6	0	8	13	4	54	1	6	8	9	1	1	3	4	4	0	0	12	37	12	3	7	1	0	0	12	0	24	8	1	0	0	6	4	36	4	32	1	0	0	2	5	34	0	0	1	0	0	0	2	0	3	17	0	5	3	14	3	0	57	4	0	1	27	0	3	25	0	0	47	0	0	14	32	34	15	19	5	48	42	48	7	0	7	7	33	105	58	4	79	26	6	40	41	20	28	163	0	22	20	0	20	4	85	1	207	9	89	69	9	52	121	26	3	0	5	0	0	0	0	8	11	51	4	0	23	14	59	17	16	2	32	4	16	42	21	5	4	4	37	0	21	4	0	18	1	32	0	2	4	5	5	17	20	0	9	12	19	10	61	3	25	0	7	53	2	1	3	0	1	7	0	5	0	17	0	
4	15	44	24	5	3	4	14	0	2	1	5	1	30	1	11	0	6	18	0	5	7	0	3	0	4	19	1	22	92	1	2	12	0	41	0	23	19	19	27	6	0	9	6	0	0	5	21	2	55	11	6	8	16	0	39	2	15	0	22	23	1	33	5	0	19	23	79	2	47	10	7	16	21	0	0	19	13	17	29	4	16	11	4	3	0	3	84	6	64	4	24	14	2	0	12	25	27	24	37	13	31	0	24	4	0	145	42	95	22	30	5	66	0	31	21	0	0	50	23	21	1	112	0	0	28	21	42	18	17	10	60	131	15	11	52	18	37	0	12	0	0	10	10	0	10	0	4	0	2	3	49	0	0	0	1	0	21	1	3	22	6	15	7	37	38	0	0	89	8	11	0	1	0	13	24	1	0	21	0	1	39	90	0	11	2	75	3	3	5	2	50	6	2	9	33	9	2	1	0	
15	2	0	7	0	11	0	32	2	1	11	1	2	3	13	9	3	13	24	5	2	50	1	16	7	8	0	3	2	10	12	27	4	0	27	1	7	3	5	33	5	39	11	7	24	6	2	14	4	6	3	0	18	11	0	9	0	27	2	13	76	1	0	0	14	0	35	10	0	20	2	22	0	8	4	77	13	29	8	0	1	73	0	2	17	0	28	1	1	5	52	0	70	0	25	9	0	0	104	11	0	0	6	0	67	3	0	28	9	1	0	11	27	0	16	25	21	35	0	3	26	5	0	4	1	0	20	36	11	0	0	0	0	1	0	0	0	121	57	1	30	27	6	3	0	26	17	15	16	11	28	0	71	6	1	6	9	0	98	0	36	7	50	12	3	0	0	22	17	67	4	46	0	24	85	2	12	9	31	35	25	40	9	1	1	0	24	18	15	36	5	1	3	6	0	0	14	1	0	10	
2	0	5	1	5	10	14	1	3	9	16	19	22	1	0	4	0	27	9	0	10	1	1	8	6	5	3	0	4	0	4	0	2	2	0	7	0	0	34	0	4	34	1	0	12	0	7	3	0	20	14	2	8	0	26	0	0	0	0	3	16	14	6	0	23	17	0	0	0	11	0	0	5	0	9	17	38	1	0	19	3	3	2	0	0	0	0	1	10	1	15	0	50	12	14	29	30	17	110	9	29	8	0	41	19	30	1	84	22	21	0	22	25	17	0	16	0	102	12	14	86	16	30	15	5	15	0	19	158	13	21	15	1	44	0	16	11	14	13	11	74	33	34	24	0	27	0	30	0	0	44	22	41	0	31	36	36	4	49	16	26	21	7	8	6	14	12	22	6	16	4	0	1	23	37	2	0	8	22	1	13	4	1	36	21	4	4	3	3	50	7	0	1	28	0	0	1	4	20	5	
5	0	16	19	5	4	0	10	7	3	4	33	6	30	0	3	0	10	16	6	4	29	8	1	5	22	27	0	0	0	36	17	49	8	0	3	39	3	0	1	0	1	8	0	43	27	1	27	0	0	5	0	1	4	5	2	8	32	0	0	4	7	24	0	1	1	5	0	9	23	13	0	0	2	9	2	0	56	2	0	26	1	16	0	5	25	33	0	11	0	4	0	35	14	0	4	5	2	5	2	12	2	62	44	6	0	0	19	71	36	44	0	0	0	0	28	0	23	112	31	16	35	17	59	92	0	156	2	0	43	88	49	41	3	0	36	0	0	143	38	24	73	12	53	0	0	74	16	90	36	0	2	0	0	8	2	12	28	6	0	18	41	56	1	26	12	46	15	0	15	6	88	0	1	0	36	9	17	1	32	1	13	0	12	19	16	3	25	28	16	0	1	7	3	21	19	11	3	0	30	
0	20	0	0	34	28	4	53	38	21	0	0	9	14	5	0	3	17	0	14	3	1	16	38	0	3	0	13	0	6	0	1	0	29	25	6	45	10	31	0	6	6	7	12	36	0	29	25	15	5	1	12	2	1	0	0	1	1	15	26	0	50	2	9	22	0	18	2	4	0	8	32	64	1	2	0	2	2	1	0	0	0	9	0	0	18	14	28	6	2	0	8	12	0	34	0	0	20	50	23	0	5	98	65	0	38	1	101	0	11	0	37	63	0	26	2	25	75	14	40	45	28	56	9	0	2	16	114	0	1	74	18	2	0	45	50	171	19	25	6	11	32	16	0	77	1	0	0	0	17	17	44	1	5	49	31	2	21	95	18	6	0	2	0	3	0	1	0	9	58	33	29	4	53	4	8	36	37	10	0	22	0	0	4	52	6	10	6	2	13	0	8	24	28	0	6	35	0	2	7	
4	2	0	1	9	0	0	10	0	1	16	58	87	0	12	55	0	6	1	12	14	0	1	4	45	12	18	20	0	31	23	19	23	15	37	11	4	0	12	0	19	6	49	0	0	3	11	0	10	48	46	0	22	24	0	0	1	3	7	0	39	4	26	4	0	0	2	34	0	5	9	21	18	1	27	23	16	7	3	5	0	8	74	11	0	1	0	0	0	43	25	10	0	1	0	38	0	31	22	23	49	16	11	3	14	30	0	16	0	11	17	64	13	6	25	23	0	17	28	15	5	0	4	0	55	0	30	48	105	0	3	45	43	51	0	0	122	102	35	53	10	15	11	26	0	18	32	12	1	41	25	24	28	6	76	46	14	6	5	0	0	3	3	29	0	6	0	72	15	0	3	1	31	2	57	0	7	0	1	18	24	0	0	19	3	0	19	15	28	12	16	8	8	2	0	2	8	0	2	29	
10	0	2	2	45	30	1	1	5	10	13	42	2	2	8	3	11	18	17	3	0	80	9	0	0	0	0	0	23	16	3	3	3	15	21	4	0	7	4	3	15	2	22	9	12	23	1	2	0	17	14	0	2	4	4	4	0	0	15	87	0	6	3	5	0	0	5	11	1	17	3	14	18	15	1	20	18	2	1	0	15	16	0	10	2	0	21	1	18	0	11	3	106	1	1	22	8	32	1	27	0	12	6	1	57	47	0	0	21	51	7	18	29	9	34	0	6	21	11	21	1687	1	3	0	4	220	0	0	19	35	33	16	31	5	46	0	28	20	141	45	2	17	13	94	0	0	41	15	18	12	28	273	6	33	0	0	1	16	2	15	1	13	6	2	7	51	6	19	37	12	0	35	24	1	1	3	22	7	0	0	6	0	0	28	16	8	12	61	8	3	0	13	21	12	7	21	0	20	3	0	
1	25	1	13	2	9	1	0	28	8	0	3	2	6	19	35	7	35	1	4	0	1	52	7	6	6	13	8	0	17	16	8	1	28	22	1	4	0	2	8	29	68	17	2	2	29	1	13	7	0	0	24	7	5	17	0	0	0	1	0	15	6	46	1	0	4	15	43	15	4	21	13	4	55	0	50	0	0	0	3	18	0	4	104	0	3	8	0	42	35	3	16	4	1	18	19	0	0	30	48	70	2	0	3	3	7	117	63	59	75	0	81	95	53	6	5	19	1	7	0	40	47	0	0	41	13	30	23	45	53	10	52	25	23	34	19	64	0	76	14	6	6	50	317	0	54	11	2	38	119	0	8	2	14	0	9	2	22	2	0	10	0	76	1	0	0	9	10	0	24	0	39	0	11	0	8	13	53	0	6	32	23	19	35	1	6	0	13	2	1	20	0	1	6	0	101	76	10	1	1	
2	24	0	0	30	21	7	0	8	6	0	2	8	0	6	2	3	4	4	0	0	10	4	15	2	1	7	1	1	0	1	29	1	56	8	0	7	0	15	0	2	0	25	30	0	17	6	19	6	0	5	27	0	21	8	77	3	6	9	20	0	7	66	2	42	9	0	35	1	0	52	0	0	12	30	5	4	0	16	46	22	40	9	2	3	49	23	0	40	17	0	14	3	28	27	18	0	8	0	3	13	9	33	35	56	42	40	11	4	21	68	27	143	2	4	104	0	0	0	35	28	23	0	4	10	20	67	131	2	3	0	0	7	173	52	146	62	2	32	42	168	1	2	0	0	39	245	28	33	15	2	8	0	9	9	6	10	20	139	94	26	50	2	105	43	58	93	0	28	3	0	7	35	2	0	10	5	0	26	65	0	1	1	0	2	3	4	8	0	6	0	34	0	7	0	5	0	10	37	1	
0	8	1	61	30	0	10	1	18	27	3	0	0	72	6	14	0	14	4	0	0	0	26	0	0	1	37	4	10	10	3	1	5	1	15	6	26	0	0	5	0	4	0	0	1	5	25	1	10	4	0	1	11	6	20	6	43	0	4	5	0	11	3	21	1	16	18	5	18	11	28	19	16	6	15	20	16	1	2	38	0	22	0	43	0	0	9	7	1	41	0	57	0	5	18	0	0	102	9	30	53	0	0	62	0	84	11	43	17	0	10	6	47	14	153	27	6	19	11	70	2	0	3	48	1	0	22	3	2	19	0	49	4	0	0	33	23	1	15	89	40	54	6	0	2	10	44	1	66	0	0	13	0	15	26	30	32	18	32	13	6	0	10	44	5	0	0	5	59	38	0	18	0	3	21	74	5	0	3	0	4	4	0	10	4	31	0	0	11	6	2	0	0	0	0	4	11	0	5	0	
3	3	24	0	10	14	32	0	20	1	6	11	0	6	0	6	2	22	20	4	0	4	36	59	3	113	14	31	1	10	2	6	2	0	0	0	0	0	13	0	1	4	12	0	0	19	4	6	3	2	1	2	6	5	13	9	8	10	20	26	13	2	49	0	1	2	11	19	0	7	1	0	12	15	3	2	0	25	1	0	17	49	0	16	10	40	0	32	0	14	40	0	3	21	36	32	0	46	0	63	11	99	18	0	0	0	0	1	1	0	117	24	113	7	0	47	47	0	40	1	85	11	50	37	0	12	65	68	0	8	68	7	6	57	17	0	0	0	6	71	84	11	9	32	0	22	2	51	112	1	27	31	5	3	49	7	0	16	2	7	5	17	0	0	23	0	49	6	20	31	4	34	0	1	32	26	7	31	7	3	17	3	28	8	1	15	2	3	56	4	0	0	16	0	2	7	10	0	3	16	
24	5	0	1	13	24	1	8	0	6	0	2	44	1	8	0	9	16	0	28	8	13	23	7	27	1	7	1	0	0	15	2	0	1	2	0	0	12	0	10	0	13	19	17	0	34	0	16	0	33	2	14	0	1	2	4	0	42	11	0	6	2	0	20	38	0	16	0	17	0	6	29	5	6	32	15	23	0	14	0	17	1	0	0	16	96	0	22	2	0	41	17	15	23	17	0	1	6	43	29	1	49	41	23	3	73	5	0	154	10	15	0	0	8	39	8	12	2	1	121	6	11	21	3	81	0	0	46	135	35	17	13	2	9	4	0	7	30	15	0	38	54	31	0	1	0	0	134	7	15	147	17	86	6	3	9	0	11	21	31	2	34	29	8	25	127	0	0	8	27	55	0	5	0	2	18	9	1	31	0	9	6	18	17	29	0	1	42	0	0	5	1	0	3	10	15	5	22	5	18	
30	0	0	4	4	24	2	0	16	16	0	15	8	3	12	1	4	21	0	14	1	31	7	0	0	24	0	0	0	6	4	10	4	0	25	2	7	6	0	0	1	1	0	4	0	0	25	18	15	0	1	16	13	2	0	7	13	1	0	0	0	38	25	11	0	8	3	5	0	14	2	13	9	4	19	0	37	0	55	5	12	12	1	28	0	45	0	4	50	6	8	0	8	6	3	10	0	174	83	0	0	0	8	42	50	40	34	5	48	21	0	8	80	16	0	4	15	34	23	0	31	57	107	56	0	68	52	71	26	0	51	0	0	21	0	115	75	29	70	4	0	23	0	132	30	0	4	162	88	1	20	25	0	43	11	0	39	7	8	51	3	0	20	36	0	19	0	34	99	11	0	10	32	21	14	21	37	6	3	0	1	0	4	0	32	2	12	49	44	0	25	0	19	3	11	1	2	11	1	10	
2	0	0	6	13	0	2	2	0	15	1	0	3	28	12	0	16	38	0	24	30	18	0	5	3	15	0	2	6	9	17	0	0	10	3	6	1	8	6	3	9	0	6	8	1	4	5	0	0	0	1	3	23	24	1	2	0	0	0	1	0	0	7	17	9	3	19	15	8	0	33	1	2	2	0	24	0	8	23	40	12	13	38	27	0	0	18	1	0	13	7	5	53	15	30	6	9	21	17	28	14	2	23	67	43	11	27	1	0	43	30	43	21	55	35	9	0	11	5	164	32	8	0	74	48	2	46	10	40	0	6	16	0	23	0	20	58	37	3	4	15	3	156	0	24	1	1	12	11	0	3	79	65	8	22	3	80	91	7	21	5	0	97	1	29	17	18	17	42	24	23	10	0	16	0	15	0	0	2	6	0	0	49	1	6	28	0	4	27	8	3	0	36	4	3	9	27	0	13	34	
0	0	0	4	4	7	18	7	5	5	0	3	29	5	6	0	4	7	0	36	0	0	4	4	30	5	8	7	3	1	9	28	1	1	4	8	5	7	36	4	5	1	30	12	1	0	7	28	0	1	0	9	0	0	33	6	2	10	0	1	4	26	0	0	0	7	0	0	0	6	1	18	26	9	32	7	13	8	20	24	7	53	9	0	0	80	0	14	5	6	1	239	6	6	17	9	0	84	0	33	12	18	55	27	0	0	6	5	33	29	0	7	5	76	43	102	29	29	0	202	15	1	0	41	0	7	9	27	106	31	66	4	131	4	79	0	70	0	10	60	143	9	13	60	5	21	26	6	25	1	24	98	4	15	3	0	0	0	23	19	0	16	8	10	0	4	9	28	16	15	0	10	13	76	1	4	14	12	1	10	25	3	28	16	11	0	4	3	1	11	0	0	1	0	1	12	0	14	7	28	
20	1	5	11	5	7	44	8	0	0	3	45	3	0	28	0	20	0	0	12	0	1	18	1	3	7	0	36	12	24	26	0	0	0	0	8	12	18	2	0	1	2	0	1	1	9	14	8	13	22	2	9	0	1	2	2	1	0	4	0	1	0	1	18	41	2	3	3	0	3	22	16	14	21	9	0	25	3	12	0	0	0	3	1	13	0	0	37	0	4	15	0	5	0	16	7	5	7	15	3	0	17	62	8	39	0	0	3	4	15	20	62	25	35	86	0	8	12	42	0	0	0	7	11	79	82	3	91	0	92	30	69	37	18	58	0	55	5	3	57	0	7	0	0	100	3	493	64	0	5	60	34	5	50	26	56	11	0	0	2	0	5	46	23	1	11	3	8	0	22	7	26	161	0	14	6	5	0	25	0	0	9	0	10	11	0	2	63	0	25	0	26	1	8	0	2	0	0	5	0	
29	39	13	9	26	32	2	0	38	8	1	2	8	0	5	21	3	0	0	0	5	2	0	23	9	7	13	15	1	2	1	1	0	0	0	1	5	0	0	12	22	12	14	4	13	2	1	2	10	18	32	8	18	20	0	0	2	14	15	20	3	20	0	3	0	15	15	8	2	8	20	3	21	40	1	0	18	1	4	0	6	87	6	82	3	20	77	0	7	4	42	7	33	14	13	39	45	16	11	4	0	31	22	0	0	64	0	7	45	86	20	7	2	23	84	33	14	2	54	0	20	14	31	23	120	0	62	118	77	0	141	0	0	34	0	0	20	44	6	1	6	8	29	71	72	59	36	23	60	0	47	68	26	5	0	2	0	0	52	59	8	0	58	49	19	9	2	54	1	37	0	19	16	10	8	19	23	6	16	0	79	0	22	3	0	0	7	57	1	19	1	6	1	1	4	0	1	4	0	3	
23	0	0	0	0	0	11	0	24	0	26	0	0	17	25	1	37	10	0	0	0	3	5	0	2	0	4	7	25	1	6	36	14	2	23	15	0	1	0	3	52	0	0	0	24	6	1	2	15	3	0	8	56	0	21	16	2	0	9	2	7	7	12	2	8	9	26	3	11	18	0	19	19	19	0	0	5	0	0	1	2	21	0	9	6	29	0	8	0	0	18	46	11	0	0	2	0	60	13	21	4	9	0	1	1	3	0	60	11	5	3	61	0	0	3	4	7	4	126	13	26	45	33	30	25	89	14	20	9	36	93	2	30	0	0	15	39	0	3	1	53	6	13	58	56	0	23	16	49	14	0	121	0	0	17	1	30	23	0	0	1	55	100	1	5	0	0	60	0	12	64	3	0	27	35	5	1	10	3	21	5	5	11	15	7	20	3	3	51	7	0	25	0	0	0	1	3	4	21	2	
14	50	0	6	7	2	39	1	1	5	8	13	20	16	1	0	53	0	9	2	13	1	16	0	3	5	23	1	20	10	3	14	38	0	17	19	7	0	19	3	2	2	5	34	9	3	21	5	20	0	4	44	0	48	7	3	0	8	6	27	5	37	0	0	1	29	31	0	13	10	0	2	4	23	54	12	0	48	17	31	2	51	4	0	70	2	11	2	0	0	13	7	45	0	13	38	16	0	1	24	11	49	0	2	3	20	13	18	6	1	13	7	19	55	7	8	10	0	11	144	6	39	46	0	47	5	58	1	0	7	20	3	60	50	10	21	0	4	20	38	311	7	2	37	126	45	0	19	17	4	22	56	25	0	0	10	0	10	0	21	36	0	8	7	27	25	13	13	57	19	1	4	11	20	16	35	0	3	18	19	12	8	48	60	0	2	6	0	4	8	7	8	1	11	8	0	25	5	51	11	
15	14	1	0	0	6	0	0	0	14	4	10	5	5	5	23	0	3	13	7	1	3	34	1	12	0	1	0	2	20	0	20	0	4	12	4	0	1	0	0	3	4	0	0	0	0	0	46	15	6	10	3	11	1	49	0	9	1	9	2	22	23	1	1	13	9	12	32	2	16	0	9	16	59	0	15	22	2	8	0	0	56	1	18	0	9	11	31	33	0	20	7	0	0	18	1	70	5	37	1	28	53	0	0	16	59	0	22	1	0	24	27	3	1	0	0	25	70	0	103	60	101	1	0	130	0	43	1	35	47	31	36	62	5	18	60	6	21	56	505	107	57	10	0	1	35	21	2	11	24	0	10	0	16	0	4	2	33	23	15	45	42	14	2	14	45	15	15	99	2	45	0	1	6	0	0	3	8	0	0	0	1	2	15	1	11	11	3	3	15	0	7	55	3	0	23	8	12	2	0	
1	0	6	2	0	11	11	29	4	8	26	0	0	11	26	0	3	7	28	0	2	4	9	21	8	9	4	16	3	0	3	12	6	12	0	13	3	0	0	1	2	0	1	71	0	0	28	2	19	19	0	10	0	0	14	10	6	68	0	0	0	13	5	2	54	7	2	4	11	0	0	18	6	27	81	13	26	21	30	2	6	10	14	22	0	42	31	0	48	10	6	2	69	9	1	16	4	4	1	0	34	9	0	24	53	6	5	51	53	6	36	70	167	0	3	18	3	1	130	19	14	7	12	1	16	1	0	15	1	3	54	251	11	0	108	4	4	0	6	0	22	0	0	95	44	4	29	6	57	24	53	41	28	0	6	19	0	11	2	42	55	3	0	0	16	19	3	13	12	6	0	5	6	13	0	13	71	8	8	5	9	0	1	0	0	19	28	0	31	2	14	5	4	1	0	5	0	2	4	7	
53	22	0	26	8	15	3	0	57	15	3	1	14	2	3	0	12	103	0	106	0	1	1	37	1	0	13	14	0	47	0	15	3	0	0	22	0	1	2	11	19	1	1	93	2	2	1	0	5	0	48	1	25	4	15	0	21	10	2	4	36	0	13	1	17	0	16	1	0	0	7	60	6	54	7	0	19	0	32	0	0	24	0	4	0	25	0	52	15	38	89	0	1	2	27	0	15	10	3	25	11	11	0	60	1	6	1	1	25	56	3	6	20	0	0	14	22	69	19	74	16	0	12	89	34	0	5	0	0	24	35	23	0	155	57	15	248	0	0	30	14	0	34	11	18	8	2	77	8	2	1	0	6	3	28	13	3	20	0	21	0	14	13	29	9	0	8	0	24	0	9	39	26	4	8	15	0	8	32	2	0	3	5	3	0	0	59	17	0	0	0	0	0	3	1	6	9	14	0	25	
2	1	3	3	0	18	9	0	3	30	0	19	12	1	14	4	1	0	3	11	5	0	0	3	1	4	0	60	27	20	18	27	0	20	0	15	9	10	0	0	0	0	23	28	1	3	1	52	21	6	33	15	23	1	8	9	0	2	0	11	0	5	0	0	5	0	37	0	13	13	0	3	0	12	43	3	0	17	0	53	10	8	20	12	48	56	30	57	7	77	38	0	36	6	69	18	0	1	15	8	1	23	27	78	57	2	46	6	0	82	11	10	29	19	0	75	0	155	10	49	46	56	224	5	0	5	0	10	59	29	0	71	123	10	25	150	146	0	14	53	30	0	20	117	10	49	10	2	2	11	23	31	2	21	4	30	31	2	0	24	1	9	6	4	0	4	69	40	6	0	0	55	4	1	34	0	27	29	5	5	14	0	16	30	0	17	30	0	0	7	40	4	5	5	27	15	13	0	18	0	
1	2	6	316	0	1	16	23	10	9	0	13	4	29	26	0	11	4	12	13	29	21	2	3	5	0	0	0	0	0	1	2	0	21	16	0	23	0	0	0	0	1	9	12	44	5	4	1	0	0	0	7	2	21	4	10	0	8	16	0	2	6	44	0	25	32	24	0	8	0	39	5	4	21	11	0	2	14	16	3	27	4	1	6	30	29	18	24	30	0	0	9	17	1	0	5	39	0	18	0	12	26	3	62	0	24	29	0	28	6	22	19	0	0	99	11	24	0	4	7	3	1	28	2	6	24	0	101	14	24	1	79	10	61	25	28	5	93	0	41	0	11	3	20	97	30	0	0	37	13	0	10	33	11	80	12	8	11	2	34	2	76	1	0	44	5	38	4	40	8	15	11	0	5	0	34	0	0	30	8	9	6	0	2	7	1	12	4	4	22	0	4	9	31	14	0	1	1	6	3	
3	0	3	2	3	0	0	0	4	1	8	15	21	2	18	3	0	19	15	9	12	2	14	6	1	5	2	5	9	11	1	0	23	0	0	0	4	8	1	1	33	9	3	0	3	2	4	24	8	0	4	0	5	0	13	0	14	4	7	0	1	6	16	8	35	0	8	7	0	5	7	14	2	0	1	13	0	0	0	32	0	5	0	17	7	4	74	6	0	27	6	0	59	44	1	49	24	0	1	10	0	0	0	0	37	44	42	83	36	3	22	6	35	19	1	0	97	0	16	82	71	2	49	6	14	0	51	26	1	81	59	92	0	0	142	11	2	4	6	67	16	2	30	48	1	1	51	4	0	0	0	12	11	4	6	37	1	2	29	0	0	0	1	5	0	1	2	0	0	29	6	13	0	4	30	17	33	1	0	4	8	1	4	83	11	0	4	18	31	14	0	1	6	12	14	6	0	0	14	0	
0	0	3	1	0	0	13	4	0	4	34	21	2	4	8	6	7	8	0	0	7	20	27	0	8	12	55	33	3	4	9	0	22	1	18	1	14	0	19	19	17	0	90	13	9	22	1	4	25	2	14	2	1	11	4	3	3	0	15	0	2	33	3	13	96	25	11	14	19	0	31	0	17	10	7	23	4	8	4	0	0	0	26	1	0	4	95	59	2	0	23	21	52	0	12	0	0	35	0	0	0	62	9	0	3	0	6	0	0	110	0	10	23	0	13	0	35	120	110	205	58	7	11	3	9	6	17	2	0	73	165	23	63	5	0	27	21	0	62	0	34	51	67	0	3	30	4	51	4	2	14	14	12	0	12	0	22	46	19	3	6	6	2	1	32	19	7	11	5	4	0	14	0	0	26	1	21	3	1	0	19	0	0	17	6	3	10	6	19	12	23	4	14	0	2	9	0	2	11	3	
0	0	30	7	29	1	26	0	1	0	0	8	3	2	8	8	0	0	0	21	2	0	1	2	1	2	36	1	1	1	0	20	3	15	31	4	40	30	33	19	5	16	1	2	3	13	0	14	0	2	9	7	2	0	4	21	1	0	0	39	39	0	4	41	3	12	0	1	28	15	0	0	1	17	0	4	26	16	0	6	12	13	0	0	1	7	0	16	0	0	1	17	13	0	29	0	16	1	48	28	47	12	23	0	11	0	4	0	0	0	0	18	79	0	25	0	40	18	151	6	3	9	52	67	4	37	19	73	22	39	58	31	28	75	2	9	33	0	0	8	13	7	0	12	9	15	64	23	69	31	2	16	2	0	7	18	0	9	0	26	27	0	2	12	0	0	4	0	1	34	0	71	0	7	1	0	10	9	2	5	0	44	6	25	26	3	0	0	5	8	3	5	8	9	0	5	4	0	21	649	
5	10	980	1	3	0	53	1	0	1	24	42	1	31	0	3	136	7	3	15	6	7	4	0	21	1	7	0	2	3	16	0	0	4	11	0	0	0	27	35	0	1	2	0	2	3	7	9	3	10	1	5	2	3	11	62	1	3	1	30	0	0	22	4	19	0	3	39	3	9	28	10	2	0	0	5	0	0	7	41	15	2	6	5	4	0	0	24	82	25	12	15	25	23	50	33	76	2	46	9	1	101	22	4	0	80	4	6	16	20	0	26	32	20	16	0	11	62	15	57	0	31	1	4	94	70	22	23	207	33	26	1	12	38	16	0	0	19	31	13	21	14	28	6	16	15	61	0	19	24	10	21	83	60	29	8	4	54	2	5	11	0	0	5	3	0	5	1	4	25	1	1	11	0	10	0	0	3	0	6	26	2	0	1	11	7	5	12	18	10	13	77	29	0	7	16	15	20	1	30	
7	17	4	0	0	0	8	0	2	14	33	20	43	28	40	2	8	27	0	19	20	6	26	0	2	1	10	0	1	17	1	2	2	0	31	0	9	3	9	10	15	0	31	0	4	0	5	15	5	6	10	14	15	12	0	0	0	29	0	1	21	0	18	0	12	0	7	14	1	1	7	24	5	0	35	17	16	15	0	1	4	0	10	4	0	14	2	2	8	43	0	39	4	0	13	7	21	8	13	45	4	0	9	4	9	31	0	0	0	0	34	28	11	2	0	0	1	0	9	19	0	19	16	0	8	34	9	15	58	57	1	31	5	14	36	0	0	8	19	1	9	3	14	4	0	10	68	29	10	50	12	6	25	97	36	2	0	3	0	1	0	20	0	10	0	14	34	0	8	1	0	6	24	0	31	0	1	5	13	0	0	5	20	1	7	1	2	0	2	3	0	7	15	0	1	2	0	8	0	0	
15	0	4	59	12	0	2	16	9	5	1	0	0	1	2	3	6	0	20	0	5	3	10	0	0	11	6	4	2	1	1	0	0	3	2	0	4	0	31	4	5	6	4	4	3	0	1	0	12	0	4	15	1	2	27	0	3	16	12	10	4	21	3	43	0	19	22	26	4	9	0	2	5	4	4	0	30	37	14	2	52	1	17	3	0	4	16	1	29	0	18	3	129	0	63	1	17	65	51	6	0	0	0	56	2	3	0	0	0	21	131	14	12	32	0	0	48	11	77	11	0	27	1	264	82	28	1	44	127	29	31	11	16	6	15	4	2	51	1	12	13	1	0	10	30	17	0	32	8	27	97	7	5	20	2	18	18	3	30	10	43	0	0	4	14	0	3	26	44	4	2	1	3	7	0	0	0	31	21	0	0	1	22	3	36	0	40	0	0	0	9	0	0	0	20	2	4	0	44	0	
5	3	25	0	1	26	57	8	13	0	4	8	0	0	0	41	34	5	0	6	0	1	2	13	32	0	0	9	14	2	8	4	31	31	20	15	0	5	2	5	3	0	5	1	0	8	6	0	11	15	8	1	2	32	36	4	3	3	7	2	25	5	15	0	3	4	10	0	7	1	33	1	5	4	18	4	11	0	6	0	0	0	70	1	0	37	0	14	31	62	28	34	1	6	5	6	11	9	0	16	1	0	40	4	1	12	3	0	26	0	4	0	1	15	62	96	0	15	45	12	0	33	0	0	2	0	1	17	8	22	3	53	69	78	4	5	70	0	63	20	57	11	33	35	23	1	0	0	0	0	2	5	5	19	4	46	0	13	1	31	44	0	0	6	0	0	0	8	12	0	15	7	29	6	21	0	101	3	11	11	37	0	42	0	2	8	5	4	0	6	20	5	19	10	4	17	54	1	5	2	
37	0	8	3	6	0	5	3	11	6	24	0	0	34	1	13	3	4	7	5	1	20	3	6	0	10	0	0	0	0	6	1	0	7	0	0	0	2	0	0	2	0	13	0	7	4	0	0	14	16	13	11	4	13	0	11	18	4	1	5	3	10	5	6	9	3	3	5	14	1	89	4	7	0	38	0	2	0	3	30	64	2	0	1	22	7	9	43	51	47	10	52	1	7	2	1	0	13	44	6	10	0	39	49	78	31	10	18	4	65	78	21	12	81	3	1	20	72	0	72	37	58	0	26	0	19	4	1	9	5	80	14	3	11	13	0	37	0	48	138	3	11	89	98	13	3	132	0	2	55	15	0	5	17	24	20	0	0	0	28	9	0	51	1	0	52	0	0	23	0	10	3	1	1	7	50	0	1	0	13	35	7	8	4	28	0	6	3	2	3	5	1	3	15	1	25	11	0	0	11	
30	38	13	0	0	7	29	16	1	0	0	25	30	4	7	5	22	2	23	0	5	3	42	12	0	0	12	43	6	22	1	0	2	5	0	3	6	3	2	5	7	2	5	13	0	1	18	1	0	0	26	6	10	3	1	109	0	0	0	0	1	34	2	0	13	9	6	11	32	19	17	1	1	4	22	41	0	2	2	0	20	45	0	27	0	27	54	4	3	0	89	0	2	46	0	4	5	0	184	44	3	6	23	19	2	30	115	0	53	45	18	0	0	5	0	13	1	4	73	0	9	0	50	0	0	1	23	38	11	1	296	8	1	49	68	0	1	10	3	44	13	17	11	2	0	99	13	44	15	26	33	0	5	19	17	0	2	0	0	1	0	26	16	3	228	16	12	13	4	0	0	0	10	0	5	0	0	0	11	19	2	21	3	4	16	0	16	0	3	1	0	1	5	4	1	3	1	4	0	4	
42	0	0	42	3	9	7	0	0	1	1	12	1	1	0	0	4	1	21	0	6	0	2	0	2	2	1	6	0	0	0	10	13	3	0	2	4	2	0	2	0	26	10	36	0	0	12	7	0	2	4	0	13	11	1	0	6	0	0	16	59	0	24	0	0	3	0	5	0	0	5	6	10	2	29	3	28	0	1160	9	51	20	0	7	0	4	32	0	20	57	10	9	0	25	2	7	56	68	41	19	11	26	11	34	95	7	31	50	0	37	35	35	0	1	3	30	47	22	37	0	0	65	29	17	2	0	0	11	10	39	19	18	32	19	0	58	62	3	32	52	5	43	111	23	14	1	0	0	6	7	21	8	0	0	49	24	8	2	1	39	2	5	6	0	9	22	0	9	8	28	0	0	11	0	20	0	45	19	0	0	6	23	3	10	29	1	1	9	4	4	0	22	15	7	2	5	151	5	4	4	
2	2	2	4	2	1	1	1	21	2	1	7	55	8	8	0	3	7	16	18	32	1	6	32	0	0	7	48	0	0	31	26	0	0	2	3	0	20	3	22	5	3	3	0	0	1	2	33	5	4	3	5	0	4	0	10	0	9	16	2	8	1	12	0	3	5	0	0	50	3	13	10	0	3	49	0	19	9	0	0	3	4	22	16	552	17	0	55	2	0	70	29	75	10	4	7	0	178	140	16	16	29	19	1	0	0	7	0	0	27	9	0	6	9	16	31	85	0	57	27	31	12	10	69	11	4	4	17	9	2	50	26	0	24	8	32	46	14	6	22	0	27	1	12	36	26	3	54	13	16	30	19	20	0	0	1	0	3	19	4	0	13	24	0	10	0	12	1	0	21	26	17	5	0	15	8	2	37	0	41	0	35	15	1	2	15	7	2	0	2	0	20	5	0	19	1	18	2	0	11	
6	5	20	1	15	7	1	0	5	13	0	5	0	1	40	7	1	8	1	5	0	2	8	18	0	21	4	1	0	8	2	21	0	0	5	16	2	2	0	30	1	4	0	1	0	7	0	4	4	0	6	0	7	1	0	0	2	0	23	11	0	2	0	18	7	44	0	12	4	0	10	12	15	0	1	0	0	15	59	5	59	17	2	0	20	7	7	13	69	3	15	58	36	14	37	9	6	1	12	0	8	0	130	29	1	139	53	125	71	38	19	18	5	32	55	2	24	0	6	0	0	14	0	0	17	13	0	6	4	6	14	6	25	6	9	10	0	6	18	75	65	40	23	15	11	8	0	31	0	0	0	29	0	0	0	11	0	0	16	0	0	16	9	12	0	2	0	3	4	0	0	32	3	0	2	0	120	0	3	8	4	16	12	0	5	0	4	0	0	0	0	2	2	0	60	0	0	1	9	0	
11	1	5	2	4	17	1	15	0	3	0	2	0	1	4	1	0	1	31	23	0	0	4	0	1	32	0	1	6	0	1	2	2	23	0	0	3	1	20	0	2	1	15	3	27	8	2	0	0	14	3	10	0	8	0	39	6	8	1	0	4	9	0	12	6	25	13	8	4	156	1	2	23	12	34	7	0	0	1	0	11	0	68	0	8	16	17	2	10	10	6	13	0	20	1	38	75	17	6	3	103	0	72	3	13	17	12	0	73	28	6	47	11	29	108	0	12	23	55	56	0	1	1	62	18	6	0	7	15	72	0	0	0	52	0	2	43	33	1	62	44	2	1	29	3	34	8	51	0	18	30	24	1	10	3	2	5	23	39	4	30	15	28	8	72	31	0	2	19	27	9	2	10	43	16	0	1	19	0	0	2	4	4	19	2	30	8	4	0	1	2	10	2	2	3	11	0	11	0	1	
0	0	0	15	7	0	8	1	0	1	0	0	3	10	12	0	0	0	0	30	2	0	11	15	2	3	3	0	2	5	0	0	0	0	30	1	21	14	0	19	8	0	1	1	1	42	4	7	1	3	6	0	11	3	4	1	1	0	49	0	31	13	4	6	10	3	0	33	522	19	18	19	10	0	19	37	0	32	36	17	35	0	0	38	49	11	17	2	11	10	1	8	160	24	0	0	0	0	3	27	0	54	4	1	6	117	0	41	35	0	14	32	83	7	124	2	8	47	4	10	39	7	10	35	5	26	1	0	20	1	32	0	0	0	20	23	22	16	0	0	17	0	25	12	15	41	11	1	0	25	68	15	12	20	9	63	17	0	3	6	43	22	39	1	5	32	0	2	3	0	0	13	7	17	1	41	26	0	8	7	26	0	16	0	3	28	7	46	1	3	4	2	14	4	0	3	1	0	3	0	
14	2	1	0	0	0	1	7	0	0	10	8	10	0	0	0	0	0	0	22	7	0	8	14	3	1	0	11	1	3	5	0	0	17	1	15	0	1	4	0	0	0	0	0	24	19	0	0	30	0	1	4	5	5	10	0	22	15	0	11	35	7	0	1	5	12	51	11	23	0	2	2	1	11	0	8	0	79	0	2	0	68	0	8	74	20	0	0	2	15	28	35	9	0	0	9	49	0	5	0	1	24	63	4	84	12	16	6	6	0	43	108	3	0	59	1	1	11	273	1	0	33	8	2	0	1	14	4	86	23	74	6	19	54	95	0	0	17	0	6	37	0	2	0	35	1	60	42	3	6	0	812	35	9	13	6	12	0	1	0	0	49	3	2	75	7	18	0	24	29	0	0	17	18	16	4	8	0	3	16	1	6	2	6	12	2	5	1	6	0	2	21	1	3	20	9	0	20	1	15	
0	72	20	0	1	8	1	0	3	2	2	8	0	5	13	9	16	1	1	0	1	18	45	1	0	0	6	36	0	0	0	23	19	2	6	26	1	1	5	17	3	0	17	11	0	36	0	0	0	6	37	2	0	5	4	0	15	0	6	18	0	10	20	0	20	1	1	4	10	3	0	27	0	60	32	99	50	0	0	7	15	0	45	0	0	30	18	26	7	64	0	0	0	57	3	0	0	0	1	20	40	3	5	8	18	0	0	25	14	29	46	45	65	1	2	10	106	36	0	7	16	0	18	10	1	0	1	13	61	42	2	31	118	81	34	5	40	0	0	0	51	0	9	28	0	0	0	11	1	18	31	3	0	16	0	5	0	12	32	12	9	6	8	6	0	2	9	3	19	11	2	3	5	7	5	11	3	5	10	7	1	1	5	23	0	14	12	1	3	1	1	71	14	6	8	3	93	4	35	0	
1	0	5	7	13	0	1	16	1	0	0	11	0	0	7	21	0	35	2	1	8	5	6	0	0	1	0	0	2	0	1	21	35	1	3	0	0	3	1	7	1	6	1	1	0	0	51	1	0	0	6	2	0	65	5	2	28	7	0	0	0	13	4	14	1	0	0	16	56	4	80	7	0	0	37	2	0	16	0	25	0	0	16	21	0	0	31	20	1	2	4	16	0	22	22	0	0	1	0	0	5	2	3	2	98	4	15	8	0	0	54	6	0	1	20	71	0	0	3	30	17	47	16	6	0	8	1	3	0	0	8	0	31	0	1	74	0	25	2	0	0	0	16	0	50	75	1	0	8	2	12	1	34	0	12	0	24	35	60	0	0	19	12	41	0	16	11	13	7	23	8	1	2	6	52	6	2	14	23	28	0	13	9	3	0	0	4	5	0	4	0	24	21	0	16	0	10	5	33	24	
1	1	2	10	12	0	30	22	6	3	0	6	5	1	3	2	1	1	7	0	2	0	7	7	6	6	7	30	6	16	1	0	0	1	8	0	26	0	19	1	41	0	9	6	1	1	0	0	2	0	0	1	9	8	17	0	0	0	1	4	0	24	25	5	0	0	4	22	1	5	3	27	12	3	5	27	21	19	0	24	0	1	62	1	0	11	351	25	0	0	1	3	26	0	6	13	48	18	0	22	0	0	57	25	51	11	29	12	15	11	2	4	0	1	0	0	0	0	7	24	8	1	39	2	20	60	5	18	12	57	0	0	1	15	38	19	0	12	8	32	43	47	18	0	0	4	1	0	37	31	27	11	0	0	22	223	9	31	2	7	0	0	3	3	2	0	5	0	0	0	46	0	19	9	6	18	15	6	0	0	3	0	30	24	6	3	3	3	14	0	11	0	0	2	18	0	4	0	2	7	
15	0	4	1	9	23	3	1	0	0	11	17	0	0	0	41	5	0	0	3	0	0	0	50	0	2	0	0	27	1	8	1	0	0	2	27	0	3	1	0	1	11	0	1	11	0	9	2	45	35	29	39	10	10	1	0	2	9	0	0	2	0	17	1	6	0	6	2	1	0	6	16	22	0	10	4	38	2	0	0	17	49	0	8	0	0	0	15	0	27	0	1	9	32	1	24	0	0	77	62	0	26	33	19	21	0	26	0	42	6	0	14	34	0	10	13	57	0	18	31	20	2	14	29	37	26	6	24	123	1	13	30	28	63	33	0	39	10	10	0	27	46	1	35	2	2	38	1	1	0	6	18	0	6	25	30	18	16	25	2	0	49	0	2	11	0	0	12	0	3	18	0	3	1	13	51	12	3	10	41	0	21	7	2	34	0	3	3	5	40	5	0	16	4	0	9	3	8	5	0	
0	0	8	0	0	0	15	5	1	3	0	0	2	0	4	0	12	0	0	10	3	3	51	9	0	0	10	0	61	0	9	0	1	0	12	44	6	0	6	1	0	0	29	0	2	4	7	25	0	0	21	3	5	17	18	13	10	30	7	0	6	0	31	2	12	15	24	25	1	0	4	28	112	0	26	1	5	0	5	5	0	0	0	0	0	0	29	6	0	0	0	9	3	0	0	0	6	35	0	0	2	17	0	5	0	21	40	0	4	135	3	27	0	0	0	0	57	1	0	0	5	1	0	1	0	3	23	20	13	0	1	0	0	5	10	0	6	11	12	0	0	16	0	0	15	0	0	11	17	0	2	0	5	3	8	44	20	3	16	10	0	3	5	11	4	39	1	16	22	1	46	0	1	15	9	7	0	0	24	0	5	4	0	32	31	0	5	6	2	0	50	12	11	3	2	1	0	1	4	3	
28	10	4	0	0	0	3	16	1	7	0	4	1	0	0	3	3	0	0	0	28	1	1	31	3	0	25	1	0	26	0	0	3	17	1	4	0	1	67	12	2	0	0	17	21	0	2	0	0	0	3	4	55	0	0	2	35	0	0	28	2	1	9	1	0	58	0	0	10	12	11	0	27	2	0	1	3	19	17	0	24	10	0	50	2	3	8	20	0	1	5	16	23	0	3	1	0	5	0	1	0	0	13	0	6	0	8	12	10	0	7	0	16	5	0	26	8	2	0	8	0	0	1	0	0	7	0	0	10	61	36	0	166	5	0	5	10	2	16	48	0	21	0	0	0	4	5	4	2	38	40	0	0	2	1	3	3	4	15	6	13	0	0	15	0	0	0	7	0	0	6	32	0	0	5	19	4	3	4	0	7	0	8	4	0	0	3	0	30	0	36	6	8	6	9	16	0	4	0	9	
1	13	4	0	7	3	2	5	6	0	16	3	0	25	5	0	8	2	0	0	0	9	1	0	0	2	0	19	1	23	0	3	12	0	40	9	12	3	10	0	1	0	8	0	4	0	1	7	0	12	0	14	0	1	2	24	1	8	3	0	34	86	3	0	24	0	8	2	30	0	35	5	0	3	11	68	0	0	4	1	10	0	18	54	3	0	2	11	0	0	31	14	24	0	3	86	27	6	38	11	1	11	22	73	21	0	0	0	24	101	0	14	5	21	64	22	24	20	39	54	7	68	35	1	27	7	0	0	7	5	0	30	23	1	5	5	42	6	0	16	9	26	4	0	2	22	15	9	13	13	2	0	0	0	6	0	11	4	4	0	0	11	15	13	7	6	12	7	28	0	9	56	0	5	1	58	0	8	0	29	1	11	1	6	0	8	0	2	5	18	0	1	7	26	9	0	2	3	34	2	
7	0	7	1	0	0	24	0	12	2	1	15	0	0	19	2	1	0	0	0	8	5	0	4	10	1	15	0	1	15	11	3	18	26	1	0	1	0	3	17	0	11	0	22	2	3	0	28	0	17	0	5	28	0	18	0	14	0	0	32	55	3	3	2	9	45	0	6	0	0	8	45	18	0	31	0	5	12	0	12	0	61	0	14	17	9	15	23	4	0	0	2	0	2	0	5	47	8	1	3	10	9	9	4	8	0	38	25	12	6	2	1	16	37	43	3	16	42	19	0	6	21	32	105	20	1	0	0	0	24	0	2	28	18	23	1	0	0	0	9	9	7	3	8	0	3	16	0	38	2	0	3	35	11	9	12	31	19	0	3	3	2	3	76	33	7	5	2	28	15	0	6	18	5	0	16	4	0	2	1	5	0	41	14	12	11	2	0	11	0	3	4	0	11	29	3	2	16	18	0	
3	8	0	0	27	1	25	5	0	0	9	1	5	1	0	4	3	0	0	29	11	0	3	294	0	8	0	25	1	0	0	0	44	0	0	5	2	0	4	1	3	32	0	0	1	1	9	3	0	0	10	25	1	13	0	0	0	7	0	13	0	0	1	16	0	0	13	6	19	36	28	1	0	26	6	9	1	0	0	16	6	3	0	28	1	0	6	15	22	14	12	0	16	24	14	107	0	0	0	76	12	23	0	38	13	14	45	15	7	12	0	2	72	0	41	0	11	4	47	3	0	0	1	7	0	92	0	13	16	11	9	26	63	1	17	0	12	0	0	0	46	19	1	1	1	6	0	1	3	16	16	13	0	0	1	0	72	11	19	3	2	5	12	4	3	0	10	7	2	1	0	7	10	8	0	3	0	13	1	25	1	0	1	2	3	24	14	0	6	0	8	6	1	1	2	6	11	0	4	31	
0	2	17	10	1	1	5	8	7	7	48	4	25	27	5	1	0	9	1	0	11	11	0	5	4	1	0	30	2	0	0	0	6	0	2	0	0	32	0	7	7	10	8	0	10	1	3	17	1	0	3	1	3	1	2	1	0	0	0	14	0	30	1	0	5	21	17	11	22	0	4	10	10	25	2	14	0	8	9	4	0	11	0	1	9	1	1	0	18	0	17	0	2	17	10	12	0	20	9	15	31	14	0	63	38	0	184	14	1	0	83	19	3	7	31	39	4	5	22	15	8	66	0	9	0	7	4	7	2	0	10	0	0	4	0	11	38	77	44	10	2	18	19	2	36	0	18	38	26	8	122	0	13	17	0	3	16	0	0	39	5	7	10	3	5	0	0	0	0	24	8	10	0	5	43	0	15	2	7	9	0	0	9	31	2	2	0	8	5	0	1	0	5	0	0	0	0	7	1	8	
0	11	5	10	0	2	0	10	0	0	22	1	3	0	6	11	0	8	2	0	19	10	7	1	2	0	5	0	37	0	13	4	7	0	2	3	0	32	7	0	15	0	0	13	0	0	8	5	11	34	6	0	2	7	6	4	2	1	0	0	22	0	0	20	0	0	4	11	1	7	4	24	54	41	10	1	0	22	0	0	18	5	48	1	70	48	5	9	20	41	0	5	47	26	5	5	1	1	25	2	9	12	0	11	3	0	0	2	0	14	0	0	4	6	24	82	0	2	29	12	2	6	13	8	67	53	117	0	9	12	2	0	24	27	0	2	0	0	0	11	4	16	4	7	0	17	31	20	3	2	0	24	0	2	5	0	10	12	11	1	22	0	2	0	0	0	19	13	1	7	15	0	12	4	1	16	0	0	0	9	0	0	10	4	17	32	0	7	14	0	9	5	20	13	0	1	6	5	16	7	
16	1	0	14	10	1	0	6	5	2	0	13	2	3	0	3	4	10	42	0	0	12	8	29	0	41	0	3	0	10	6	1	14	10	10	6	0	2	0	12	1	0	0	5	6	12	7	45	1	0	43	11	8	8	5	0	7	14	3	0	1	0	11	8	0	5	1	20	1	0	23	0	46	18	0	0	15	13	0	13	19	4	1	2	18	13	21	8	89	12	53	0	0	0	8	0	0	16	0	33	58	200	29	98	32	66	36	10	0	7	337	8	5	10	48	19	0	74	9	0	11	5	5	6	50	0	17	20	1	120	0	0	4	2	1	10	27	3	142	4	6	25	2	35	0	36	0	10	1	2	12	60	0	43	0	0	0	8	0	6	87	27	7	8	5	40	19	0	1	16	12	10	0	1	1	0	3	0	2	6	3	17	14	18	69	1	2	0	12	6	6	5	2	0	1	6	1	0	1	0	
0	17	1	2	1	2	33	17	6	1	9	2	9	1	1	2	4	8	0	2	0	0	2	0	14	6	2	0	6	0	6	1	0	2	9	0	0	13	9	0	8	20	2	3	0	3	0	0	0	10	0	0	16	0	9	13	0	19	29	2	0	66	0	1	16	36	5	4	0	5	0	4	0	3	9	2	3	0	1	9	0	10	36	19	25	48	13	0	3	1	13	3	15	0	48	13	18	17	21	45	5	1	12	21	2	1	34	0	0	122	56	40	1	40	11	0	13	9	27	19	20	13	0	20	49	32	55	21	26	0	78	12	0	78	14	0	29	10	3	14	3	6	71	20	0	11	0	26	25	6	1	11	0	0	0	5	1	2	0	1	13	2	7	0	42	17	12	0	21	14	8	0	14	3	0	5	26	0	0	4	1	5	3	6	23	13	4	12	28	0	3	3	0	0	0	0	1	0	28	4	
0	1	3	20	17	0	18	10	2	0	0	0	4	0	0	25	0	1	1	0	2	0	0	26	16	0	13	0	1	0	0	5	0	13	0	0	2	1	31	0	0	9	0	0	0	2	6	7	21	4	4	16	32	8	4	22	0	0	5	0	0	0	23	12	40	19	12	8	13	0	52	1	1	28	2	0	0	3	24	3	23	8	0	0	20	3	4	0	3	49	0	3	32	0	2	21	4	28	11	4	15	70	0	4	1	1	2	9	0	52	5	57	12	5	0	18	2	8	15	22	21	9	0	0	31	9	22	7	7	4	11	1	0	21	15	1	0	0	0	35	0	26	13	31	19	2	3	0	0	0	0	5	7	4	8	1	4	11	29	18	1	0	3	10	5	4	25	0	0	18	0	23	10	9	10	9	5	8	14	4	0	0	1	0	0	4	0	33	0	2	4	2	0	2	0	0	1	0	0	0	
19	43	6	0	8	12	13	2	0	2	16	1	9	0	0	0	0	19	7	0	1	0	43	0	0	18	0	2	16	0	5	2	0	0	0	0	0	3	2	0	2	8	9	8	2	10	0	0	0	8	0	16	2	5	17	3	6	0	1	0	20	4	3	0	2	47	1	22	1	0	2	64	0	0	7	0	34	19	21	5	44	0	0	16	32	8	0	0	52	2	36	58	19	0	2	2	0	0	30	3	0	25	3	17	20	11	0	3	14	0	37	12	0	22	74	29	20	40	4	0	31	0	1	9	21	34	6	5	30	16	77	62	0	14	55	0	0	2	0	1	6	5	9	0	8	23	0	2	14	9	0	15	4	8	0	7	4	12	16	9	0	5	35	1	3	0	11	15	7	3	27	0	18	3	13	23	1	0	14	4	1	0	0	0	19	0	1	0	0	0	0	8	1	1	13	0	3	14	0	15	
41	12	15	0	0	11	0	31	2	1	0	1	3	4	8	1	3	1	3	1	0	11	0	0	0	0	0	1	0	6	0	27	10	0	1	15	0	17	1	0	3	4	0	0	3	0	36	3	0	6	0	58	2	1	0	2	1	7	10	0	3	0	0	0	45	10	6	4	4	0	6	0	5	50	14	0	0	2	2	5	10	0	0	6	13	1	62	0	1	35	0	5	8	68	0	14	0	15	0	0	5	0	12	0	13	0	15	5	5	18	29	15	8	0	1	3	8	0	37	35	16	25	16	73	45	15	1	6	20	45	3	2	2	26	49	13	0	6	22	0	1	0	30	24	1	31	0	1	5	9	4	3	30	20	2	0	8	4	39	10	9	2	13	2	3	4	0	16	0	0	3	18	0	14	12	4	0	7	9	4	6	33	0	2	2	1	1	0	0	2	82	1	0	21	0	21	9	2	8	15	
5	0	10	1	1	0	0	11	6	34	0	3	17	45	11	4	1	0	14	2	0	3	0	7	5	14	5	0	2	4	10	2	1	1	0	3	10	15	6	6	17	0	0	6	0	17	4	4	2	19	17	30	7	1	1	0	4	0	0	40	0	36	2	13	0	0	6	10	1	0	40	18	11	7	0	3	0	25	7	4	57	14	48	10	0	6	0	3	18	0	0	1	10	0	0	17	1	0	43	22	6	32	8	0	7	6	0	2	49	3	8	5	13	40	0	13	7	1	14	16	33	35	3	1	19	25	17	35	7	13	5	15	1	4	16	29	7	17	19	0	17	5	31	0	0	25	33	5	0	0	7	9	0	44	8	9	0	1	40	1	2	0	15	2	15	1	1	3	91	0	32	0	0	0	44	0	3	2	2	2	2	9	9	3	10	10	1	23	0	5	0	20	2	6	16	49	0	2	0	10	
3	6	0	0	0	0	1	626	0	5	4	0	6	12	1	0	1	8	1	10	0	1	31	0	5	0	44	27	1	0	0	0	4	26	25	8	0	4	0	4	0	1	6	1	0	0	92	18	0	0	1	4	4	7	50	5	1	18	0	20	0	5	3	0	0	1	20	1	49	0	8	0	2	8	4	1	55	0	50	64	12	1	0	20	5	0	7	6	0	4	21	2	2	4	43	121	0	79	17	44	1	4	5	17	0	0	6	0	22	2	29	0	27	3	2	1	34	55	3	33	0	38	37	63	1	23	0	29	11	2	0	22	40	26	16	27	20	0	1	7	0	4	29	4	14	17	4	3	57	3	13	0	0	14	0	0	9	0	2	3	2	0	0	4	25	0	14	2	0	10	1	15	0	2	7	1	2	14	1	0	2	41	1	52	0	2	22	0	4	0	4	1	2	0	3	5	1	1	13	0	
15	0	0	1	1	3	0	0	26	39	12	14	4	5	2	10	0	2	19	2	0	9	6	2	0	0	5	1	3	1	0	19	3	0	5	1	11	0	5	0	1	0	4	7	0	1	0	13	8	16	32	0	0	0	0	3	2	20	2	0	10	1	0	5	41	1	7	44	29	7	0	4	3	3	5	6	0	17	27	0	0	24	2	3	1	19	0	7	3	21	59	19	13	8	0	1	0	6	4	6	24	52	8	3	41	10	23	28	32	0	1	1	0	25	0	3	18	9	1	39	0	22	16	10	6	15	11	1	12	30	0	13	0	0	0	21	0	6	0	4	25	0	14	28	0	1	5	0	16	5	0	2	38	36	0	1	26	0	1	2	0	6	3	1	1	15	16	0	19	5	10	7	9	3	14	0	4	40	0	2	2	3	37	1	9	14	9	24	18	0	0	0	0	31	16	17	0	0	2	10	
0	1	7	3	1	4	0	0	4	1	1	19	10	1	29	7	1	0	0	0	0	2	1	3	0	24	3	0	1	23	0	13	4	4	0	1	1	7	2	2	15	0	1	4	9	0	0	16	13	1	2	4	23	26	4	0	4	22	0	0	10	26	10	1	22	0	17	4	0	0	0	11	3	40	0	0	51	0	15	0	0	42	26	2	11	2	0	3	19	31	1	8	1	4	16	8	0	14	2	9	1	9	14	4	5	3	29	3	18	0	0	0	9	8	10	2	0	0	0	5	0	4	22	3	12	1	0	9	0	24	18	6	0	7	10	3	35	14	6	27	12	12	0	12	0	7	3	0	1	29	25	2	10	13	0	1	0	0	11	10	0	10	7	333	3	6	5	4	25	3	1	0	4	9	14	5	13	0	29	14	1	9	0	5	0	2	0	6	10	6	4	1	3	7	0	36	0	1	21	0	
11	5	8	0	29	5	0	21	3	18	9	0	4	5	3	5	0	5	0	9	20	0	4	0	5	52	25	0	1	13	3	2	11	2	10	0	7	15	0	8	0	25	6	0	3	1	0	5	3	17	0	0	0	0	0	11	0	0	0	20	3	0	6	8	23	0	1	8	0	0	29	4	14	0	0	14	26	8	44	5	0	21	8	37	10	11	0	84	0	3	12	1	3	12	5	6	8	23	18	1	0	5	2	2	7	49	9	13	9	2	7	9	35	34	0	4	2	37	9	2	27	0	13	44	0	58	18	13	15	27	1	0	17	4	14	0	0	0	1	40	17	22	10	3	0	2	13	0	1	0	1	1	0	19	12	6	17	12	19	0	0	0	6	8	0	7	4	3	0	3	0	40	0	2	9	0	0	0	2	0	8	1	7	0	18	17	4	3	2	22	13	0	6	1	0	6	5	0	0	31	
0	0	83	0	3	4	2	13	0	0	0	1	11	1	3	37	11	2	1	1	0	14	0	8	0	0	0	0	1	0	1	7	7	1	0	10	21	9	1	1	0	0	0	53	1	3	2	0	15	0	0	0	7	0	1	1	3	4	0	8	0	4	0	7	0	1	0	5	7	17	3	0	1	1	4	10	0	59	9	24	0	46	32	0	7	5	0	0	26	2	8	16	29	1	0	9	31	15	42	3	0	5	0	0	25	35	0	2	0	4	30	0	25	36	4	0	0	22	0	1	10	37	1	17	10	26	0	11	1	1	8	2	0	3	17	7	0	28	7	2	0	4	15	8	1	6	40	6	2	13	13	16	47	46	19	35	0	3	5	36	0	0	61	3	2	20	5	0	0	2	0	0	17	0	12	0	5	15	0	0	0	7	1	0	0	12	0	45	0	3	20	11	0	0	0	0	15	11	0	6	
0	6	0	0	13	0	20	2	14	2	10	0	1	0	0	0	17	2	0	3	2	0	1	0	1	0	1	3	7	0	35	20	10	5	1	2	0	6	1	0	1	3	28	0	10	0	52	14	38	0	9	20	22	8	6	0	0	0	10	0	0	0	12	0	1	0	7	17	5	31	5	4	29	0	36	1	1	1	5	0	5	16	27	12	36	16	20	11	36	14	4	11	13	14	2	0	7	8	0	7	4	14	4	84	3	3	1	13	0	5	86	0	0	0	24	34	0	5	5	15	42	2	6	2	0	0	12	0	4	4	3	0	1	46	1	21	3	5	31	17	0	23	28	9	0	1	25	0	11	39	10	1	9	0	10	6	11	6	28	1	0	1	20	25	15	0	13	0	0	17	3	127	31	39	24	14	0	0	2	5	29	3	36	0	0	1	12	0	4	7	17	5	0	3	6	20	0	15	0	6	
0	2	2	13	20	10	3	30	4	4	0	12	18	3	2	26	6	0	22	2	0	40	9	25	0	1	0	6	0	1	0	50	2	0	12	8	0	13	0	10	12	9	5	0	1	14	3	0	0	15	12	6	22	0	23	8	1	10	6	18	0	0	1	26	0	0	161	3	0	0	10	9	8	13	5	3	0	7	0	41	0	22	1	0	5	21	13	25	0	0	27	98	35	0	48	14	7	21	0	4	4	9	17	1	28	0	84	0	35	6	2	14	0	5	33	13	0	11	5	20	21	45	13	53	7	40	0	0	0	0	43	0	2	6	0	0	9	3	64	2	1	0	7	0	14	2	8	3	57	86	47	14	20	3	0	3	4	0	10	1	0	0	3	3	4	0	30	2	2	0	0	3	35	18	3	9	152	0	11	2	15	3	0	0	19	19	0	1	11	12	3	0	0	4	0	7	10	15	0	0	
0	14	0	4	4	6	10	1	0	39	1	30	1	5	0	4	17	0	0	7	20	7	10	2	0	3	6	0	27	0	2	0	1	0	3	12	44	0	4	5	4	0	0	1	57	0	0	5	49	0	6	1	14	1	0	0	26	0	6	0	3	1	0	0	2	12	7	41	46	0	45	0	10	84	18	3	4	17	61	22	5	0	0	3	29	0	24	0	163	7	6	4	1	0	14	15	0	17	9	0	5	16	1	0	1	36	0	0	72	18	14	29	5	23	4	3	11	19	3	47	4	1	14	128	4	11	0	0	11	0	18	0	10	1	16	8	0	7	5	0	0	1	19	0	0	1	17	1	5	21	0	16	25	20	3	473	0	0	29	0	0	11	12	11	23	2	7	56	0	1	1	1	0	0	0	5	0	5	0	6	0	26	2	0	1	0	2	3	0	1	2	0	3	15	9	11	0	15	7	11	
0	2	1	13	0	0	0	29	0	0	1	25	9	0	16	0	1	1	3	0	2	24	0	10	24	73	5	1	0	0	1	31	2	4	69	2	1	0	13	0	0	0	33	24	13	3	0	0	12	0	11	9	0	4	31	1	0	7	13	55	1	7	3	1	18	20	0	0	2	20	11	37	0	1	4	6	11	22	0	4	1	7	0	5	63	0	19	8	5	9	0	11	0	14	1	0	0	7	8	19	96	0	25	9	0	7	2	0	0	0	9	4	45	6	6	0	3	0	7	5	1	56	0	11	24	1	0	33	7	7	0	3	13	0	0	19	12	4	31	34	6	0	0	0	19	7	0	4	0	8	22	4	0	0	1	3	0	4	0	17	0	39	0	1	27	43	1	1	27	1	28	8	2	35	2	1	4	1	0	0	1	0	4	0	0	1	0	1	13	3	0	5	13	1	18	35	0	1	18	0	
0	9	14	1	0	2	1	21	2	9	24	0	9	2	0	1	3	9	6	2	1	0	2	19	5	13	0	0	1	0	1	0	7	2	0	2	5	0	3	0	6	0	1	0	1	15	0	2	61	0	8	14	15	2	6	2	0	16	7	0	0	8	0	41	0	2	24	8	0	4	5	0	5	1	5	0	14	0	16	13	145	0	0	1	3	49	23	202	9	12	7	14	1	5	1	2	0	0	8	3	0	3	102	3	0	1	55	0	16	9	30	7	0	20	100	2	5	2	3	0	8	0	33	7	17	11	7	5	20	0	0	20	11	0	0	3	0	8	3	3	6	1	9	4	0	9	4	0	5	17	3	14	6	0	26	21	2	0	1	0	48	17	16	0	3	18	8	0	5	1	3	51	3	11	16	17	1	38	22	2	0	0	2	30	7	3	1	1	4	0	0	10	1	4	0	2	1	36	2	2	
0	19	5	0	1	20	4	3	1	7	1	1	29	0	1	4	1	18	1	4	0	12	10	1	0	0	4	9	0	1	0	6	10	2	0	4	0	10	44	9	0	0	321	38	0	16	1	26	3	7	4	6	0	11	4	26	0	13	13	0	0	35	5	8	0	1	21	2	17	4	0	0	19	13	16	6	3	13	40	8	15	0	0	0	11	0	24	7	0	0	27	36	8	50	7	2	0	0	4	13	0	2	1	23	4	0	9	29	0	0	7	38	0	16	32	17	1	0	0	39	0	9	0	24	0	1	3	0	14	12	2	0	1	15	13	0	0	23	0	2	0	9	1	17	28	30	24	0	0	0	6	16	0	2	0	5	3	15	0	2	10	2	1	6	6	1	22	0	35	18	8	39	6	0	0	9	13	25	0	1	2	0	18	6	5	1	6	11	3	3	10	12	10	0	0	11	5	3	9	0	
1	0	22	36	2	0	2	15	0	10	3	0	1	0	7	5	3	3	34	0	8	5	0	23	0	0	4	0	17	13	20	7	1	32	2	0	4	13	6	17	14	11	0	0	14	1	44	15	1	2	0	0	1	1	1	0	6	1	4	0	0	0	40	16	2	61	0	4	13	0	0	25	0	0	0	0	3	15	0	0	0	5	8	37	1	0	0	148	6	42	7	1	15	24	1	15	12	0	24	12	1	0	0	23	0	2	0	11	0	6	11	1	16	51	70	6	1	1	16	1	22	3	26	0	91	6	0	1	9	0	0	2	34	0	69	0	0	10	7	0	3	11	7	69	0	3	0	23	0	0	8	4	17	14	13	24	10	6	19	2	3	1	13	1	41	17	47	10	2	41	11	3	0	0	9	0	25	22	12	1	4	4	1	5	4	0	0	3	14	1	7	2	2	0	32	6	0	1	1	0	
6	0	0	0	0	0	1	0	3	1	0	5	2	13	1	1	9	39	30	1	1	0	0	4	0	0	1	0	0	12	0	36	2	8	5	0	4	0	0	0	7	0	0	1	13	0	9	8	0	0	14	14	33	4	5	0	0	37	0	1	34	17	3	8	2	0	0	1	5	1	0	3	0	16	0	3	0	8	6	11	1	39	0	24	0	11	9	81	0	5	49	0	9	16	0	0	5	51	13	0	0	0	11	8	1	0	0	16	22	0	2	59	1	21	10	23	1	4	3	1	2	4	9	5	1	0	1	8	10	6	0	13	3	1	28	4	0	1	0	0	7	21	3	16	15	4	2	2	4	5	0	6	0	4	8	9	0	0	0	1	12	0	4	0	0	2	6	15	48	0	2	8	2	4	0	6	3	15	39	0	37	0	14	1	1	5	9	1	1	15	0	18	0	1	5	1	5	0	2	3	
1	1	2	0	0	7	0	0	1	2	0	0	3	0	2	8	0	33	1	10	1	38	14	0	6	1	3	19	1	8	4	7	10	0	8	3	0	0	1	2	6	8	19	0	5	1	8	5	9	0	0	1	0	22	0	14	0	0	9	2	7	1	66	2	57	1	0	3	23	25	9	5	12	0	0	2	75	7	42	2	0	0	16	2	11	2	5	0	0	32	5	0	34	9	2	0	4	3	6	1	0	14	0	28	0	0	1	7	48	0	2	10	0	1	0	1	2	8	2	11	15	4	16	12	0	13	10	17	19	3	2	0	25	9	0	20	1	3	0	7	3	28	0	52	1	15	2	10	5	4	0	45	48	0	2	15	1	1	0	9	16	0	0	0	0	14	0	10	2	0	13	0	0	0	0	38	0	3	9	17	10	0	1	6	0	11	0	1	38	0	31	0	1	0	0	38	1	23	0	2	
0	17	13	8	0	12	0	6	0	0	0	4	1	0	29	32	0	16	11	0	0	1	1	7	1	1	0	0	0	6	9	3	0	3	0	21	323	5	0	0	0	1	0	1	14	1	0	5	0	36	0	22	14	9	0	0	4	9	0	9	8	0	0	41	15	0	24	69	0	0	0	0	20	1	1	11	2	8	71	4	1	0	36	16	21	18	0	24	35	3	12	1	0	21	1	1	9	0	23	1	2	1	0	0	9	0	16	2	38	10	24	3	12	0	8	12	17	24	13	1	13	0	6	0	8	0	2	0	30	85	0	3	2	0	8	0	0	19	0	12	0	0	0	2	0	1	6	6	0	0	1	4	323	1	10	16	2	24	0	30	18	1	15	3	5	0	0	3	14	0	1	7	0	21	48	3	81	0	2	0	4	0	3	12	3	3	1	0	4	0	2	2	0	6	18	4	1	29	0	1	
2	0	0	0	48	25	13	2	0	0	3	44	0	0	0	11	5	20	1	0	10	2	5	0	6	20	2	12	10	10	0	6	5	0	12	13	0	11	24	9	13	4	2	0	0	17	0	0	0	0	2	0	0	0	0	49	0	64	6	0	10	3	3	0	17	8	5	8	20	3	4	25	0	1	11	0	0	0	14	9	0	11	4	19	0	0	2	15	0	3	23	0	23	0	7	0	5	13	6	0	0	12	4	13	8	8	14	2	19	10	40	8	4	0	2	4	22	27	0	13	0	0	31	0	3	3	2	38	0	3	12	1	8	0	0	0	7	1	1	7	4	2	8	0	0	14	12	5	10	0	0	0	0	9	0	16	0	10	9	8	2	13	0	8	0	13	0	4	0	7	2	0	2	14	18	2	12	0	2	10	40	0	0	2	3	0	35	1	11	0	1	0	0	14	9	6	3	0	0	2	
0	0	0	3	0	20	15	7	1	23	0	4	11	0	10	9	1	7	2	5	1	1	7	5	0	5	0	0	1	10	15	9	1	0	4	3	1	0	0	0	7	0	0	0	0	0	0	14	11	0	47	1	21	0	0	2	32	1	2	28	22	1	2	0	115	0	7	0	0	5	0	6	0	5	3	14	0	10	7	9	8	2	0	3	90	1	0	0	12	0	0	3	7	0	0	17	1	7	11	0	6	0	54	4	2	2	0	3	0	0	1	17	0	0	9	21	38	0	0	4	0	7	36	0	0	1	5	13	2	28	8	21	2	0	13	1	64	22	28	19	21	0	2	100	28	5	2	16	0	16	74	1	5	3	5	2	2	11	3	13	8	36	8	3	2	1	2	0	54	0	9	2	3	4	8	1	31	9	0	0	19	0	0	4	3	5	15	9	1	0	15	0	10	8	4	0	0	18	3	18	
5	2	0	19	3	1	0	10	1	2	42	1	1	0	35	0	5	9	0	0	29	17	0	0	0	1	0	0	0	0	7	8	9	5	1	1	5	52	0	9	3	3	4	4	0	0	42	2	11	13	1	0	10	8	51	0	4	27	22	5	3	0	12	0	0	0	20	6	28	11	1	9	45	2	14	1	0	0	29	16	29	5	29	8	10	0	7	8	0	1	1	10	12	0	25	0	4	5	6	3	17	2	7	5	0	30	27	48	0	0	0	2	0	5	16	1	4	0	5	4	18	61	10	3	2	9	3	10	0	3	0	15	1	21	0	2	1	0	0	19	10	15	0	5	0	6	6	2	0	0	1	2	10	0	3	2	23	2	21	0	5	9	12	0	1	2	0	1	0	1	0	0	20	27	7	17	12	3	0	0	14	22	0	1	9	0	35	2	6	5	0	0	7	4	1	9	2	22	0	6	
0	8	8	19	4	0	12	0	6	0	0	0	2	0	0	1	4	9	3	0	9	1	50	3	3	1	0	17	1	1	10	0	5	22	23	29	44	0	16	116	22	12	0	24	5	2	15	17	0	5	8	35	9	0	10	4	0	16	0	5	3	11	0	17	0	0	0	8	0	10	10	6	0	6	4	34	6	7	11	0	0	8	14	0	20	1	29	0	1	0	48	12	2	16	1829	13	0	8	0	9	12	13	556	1	0	2	0	1	16	7	0	5	44	4	0	0	10	2	20	0	26	0	2	12	11	0	10	21	8	0	0	1	3	7	11	2	2	12	0	1	4	23	3	27	2	5	0	0	4	12	4	6	0	93	1	2	0	3	1	0	13	0	0	0	7	6	18	11	2	17	0	17	0	4	16	1	9	14	0	11	1	3	9	46	21	27	7	0	0	11	0	4	6	0	2	0	0	0	0	3	
0	5	0	8	9	16	13	28	4	0	0	8	0	0	1	8	4	0	0	15	3	4	0	0	0	15	0	0	11	8	6	85	3	0	0	0	1	8	43	2	8	3	5	0	0	2	0	0	2	38	2	1	1	5	0	0	1	2	0	12	6	11	1	0	3	2	1	21	0	1	10	0	29	4	51	28	29	5	10	17	1	6	22	24	31	0	4	3	0	8	33	2	1	44	1	62	1	0	0	8	0	28	3	0	8	4481	0	0	24	45	0	0	8	4	10	0	22	19	8	0	0	0	10	1	2	0	5	4	1	1	9	0	20	3	0	0	8	1	0	3	2	6	0	0	4	2	8	1	0	0	0	9	2	2	227	12	6	12	8	0	4	1	2	6	8	0	0	6	17	7	10	1	9	0	6	0	10	0	0	0	12	0	12	3	0	5	7	9	0	0	0	5	0	1	48	2	0	1	19	2	
3	4	2	1	14	5	0	2	8	12	4	6	0	0	1	9	7	0	25	5	9	4	0	1	1	6	1	2	0	6	0	4	0	3	25	13	10	19	19	5	2	10	1	1	11	4	23	1	1	5	0	0	0	0	28	3	0	1	30	0	1	50	0	0	10	1	2	2	23	24	0	8	10	8	26	3	4	79	31	2	55	0	1	9	1	3	1	13	43	12	11	0	2	1	8	23	63	18	23	24	2	20	82	29	3	50	21	3	47	3	10	0	0	2	29	2	2	13	0	1	2	0	45	1	0	4	0	16	9	5	2	25	24	1	2	0	30	16	12	4	4	13	0	12	7	3	14	1	3	6	3	126	0	0	5	0	0	3	11	165	1	16	0	7	15	14	3	0	0	0	4	6	21	3	1	0	16	4	11	0	0	1	0	0	4	14	1	4	2	17	0	8	16	7	15	0	4	0	8	0	
2	35	8	0	21	0	15	0	4	0	1	4	3	2	0	10	3	18	0	1	2	11	16	18	8	2	0	0	0	14	0	0	21	2	0	0	2	31	7	1	0	0	26	12	4	4	0	4	12	0	0	4	14	0	1	0	0	0	46	10	1	0	5	6	0	0	1	36	22	1	5	0	0	19	0	12	14	0	6	0	10	12	2	40	3	2	5	6	13	0	0	15	0	15	15	0	6	11	4	5	0	0	1	0	1	0	41	5	5	0	4	1	0	3	4	32	20	1	28	3	3	11	11	66	0	8	2	10	4	4	2	1	8	2	21	0	0	16	52	19	3	12	6	0	0	17	15	4	0	3	2	20	26	14	0	0	8	9	42	14	0	4	0	4	0	38	22	1	10	0	7	0	0	0	5	0	1	1	2	0	0	6	6	0	0	26	1	0	5	0	1	7	0	0	0	5	1	3	31	6	
1	1	37	9	0	9	0	0	2	0	1	0	17	1	20	6	2	0	0	0	11	1	12	0	0	0	1	1	13	2	2	0	36	10	0	0	29	12	4	2	1	4	3	2	22	0	4	31	0	12	0	0	19	12	0	54	66	1	53	0	12	4	6	0	3	26	24	1	0	4	1	2	0	0	6	39	0	24	25	0	3	1	0	12	6	0	8	6	14	25	0	11	1	13	29	0	36	11	6	19	17	14	0	17	63	0	124	3	0	18	6	0	10	0	0	2	0	0	10	16	53	0	7	8	0	1	52	10	7	30	19	0	0	12	6	16	0	0	23	3	0	20	0	3	26	12	0	9	34	2	5	17	0	10	23	1	32	4	9	4	2	2	13	0	0	0	0	21	0	4	19	9	5	0	3	3	37	0	8	0	1	15	14	4	0	10	11	10	8	0	0	0	0	0	5	0	26	3	4	7	
