501	0	1	2	0	1	0	6	1	66	0	0	0	0	0	4	0	8	1	0	0	0	0	4	0	1	1	3	2	2	2	1	4	0	0	1	3	0	0	2	0	0	1	1	0	0	2	0	0	0	0	1	6	0	0	1	0	1	0	1	0	24	7	1	0	1	0	0	9	0	7	3	2	0	7	0	1	79	0	0	2	0	0	1	0	0	3	0	13	0	0	0	5	1	1	0	0	0	1	3	1	1	2	2	0	0	0	10	3	0	0	2	0	0	6	0	1	2	0	6	0	0	5	0	2	5	0	6	0	0	0	0	0	1	0	0	1	0	20	4	9	0	7	2	1	12	0	0	1	0	3	1	0	1	3	0	2	1	1	1	0	0	4	0	0	0	1	1	0	0	1	2	17	1	1	1	0	0	0	2	0	0	0	0	0	1	0	0	0	1	0	16	1	4	3	0	0	5	2	0	
1	0	1	1	0	0	9	0	1	6	3	2	0	0	0	2	3	0	4	0	0	0	0	6	4	4	7	0	0	6	2	0	2	0	3	0	2	3	10	0	0	0	2	4	0	0	0	1	1	3	0	0	0	10	0	1	1	3	0	1	2	1	0	0	2	0	0	1	1	0	0	0	0	0	1	1	0	2	0	1	0	18	1	0	0	1	0	4	0	5	0	0	0	1	3	3	0	1	25	0	4	0	3	1	1	0	0	1	5	0	0	0	0	0	1	0	0	3	14	0	3	0	2	6	0	2	0	2	1	1	0	0	1	0	0	0	0	4	0	0	1	2	0	0	1	11	1	0	0	1	0	1	0	2	0	0	0	23	7	3	0	2	1	1	0	3	4	4	4	0	2	0	1	2	4	2	0	2	1	0	1	1	0	3	2	0	2	0	0	0	1	8	5	1	4	0	3	0	2	0	
0	2	0	0	6	0	0	0	9	2	0	0	3	0	1	1	0	0	0	2	0	2	0	5	0	4	2	1	6	2	1	1	1	0	0	22	0	0	0	0	2	0	1	0	0	0	0	15	6	2	0	0	1	3	1	0	1	1	0	5	2	2	0	0	0	0	0	29	0	1	1	3	2	0	0	1	77	4	1	1	0	3	25	0	25	1	19	10	1	0	0	8	4	18	0	1	20	5	1	12	0	1	13	2	5	1	0	2	0	4	2	4	0	0	0	0	4	0	0	4	2	0	0	0	1	0	0	6	2	0	0	2	2	1	2	4	0	1	6	4	0	0	0	1	1	0	1	1	0	1	0	1	3	0	2	0	1	2	0	0	2	0	0	0	2	20	0	0	2	1	1	3	8	0	37	23	1	1	1	1	0	0	0	2	0	1	1	16	3	8	0	0	0	2	1	0	0	0	0	1	
0	4	3	6	0	0	1	5	2	0	1	2	2	0	0	1	1	0	1	3	2	1	0	1	0	0	0	0	1	3	0	0	0	0	3	10	0	3	0	0	0	2	0	1	0	1	1	1	4	0	11	0	0	2	0	0	1	39	0	8	1	0	2	3	2	0	0	1	0	1	9	1	0	1	2	3	0	0	4	0	0	6	0	6	0	0	14	61	0	1	2	0	13	0	1	2	11	2	0	4	3	2	4	0	0	3	1	1	2	10	0	0	1	1	3	0	0	1	1	3	0	1	1	3	3	0	2	51	0	1	0	0	1	1	2	2	2	3	2	0	0	0	2	1	3	2	0	0	0	0	4	0	2	5	16	1	0	1	1	1	0	1	1	0	1	1	1	2	0	1	0	12	0	0	0	5	0	0	4	0	1	0	3	1	1	2	0	0	17	9	1	2	0	1	0	2	1	0	0	0	
1	2	2	0	1	2	0	0	4	1	0	0	3	0	4	2	1	1	7	1	0	5	5	2	0	0	0	1	0	1	1	0	2	1	0	2	0	0	0	0	1	2	2	0	0	1	2	0	0	1	1	0	0	0	0	0	1	1	0	1	1	0	0	0	5	10	1	0	1	4	0	91	0	1	1	1	4	0	0	0	1	2	0	0	5	0	7	4	0	0	0	0	0	0	2	2	3	1	0	24	0	7	3	0	0	0	0	4	1	0	0	1	0	0	5	0	0	0	5	1	0	4	2	20	2	0	0	2	1	0	0	0	0	0	0	0	2	47	0	1	1	2	0	0	1	10	2	0	2	0	2	8	10	1	0	1	5	0	5	1	2	0	1	1	3	0	0	0	0	0	3	0	2	0	3	1	0	0	1	0	0	0	5	7	5	1	1	5	0	0	1	2	0	4	1	1	0	0	3	0	
2	0	3	2	0	0	2	0	0	0	1	0	0	0	2	0	18	0	1	0	17	23	0	1	1	1	0	0	5	0	0	0	0	0	13	1	3	0	0	1	21	4	4	0	2	1	0	2	2	0	0	0	1	0	1	5	1	0	5	1	0	0	0	6	2	2	128	19	1	5	32	0	1	1	0	0	1	0	1	0	4	2	0	1	22	0	0	0	2	0	2	3	1	0	1	1	5	1	0	7	1	0	2	1	2	1	1	0	3	2	3	1	3	0	1	1	6	1	1	2	2	1	0	0	1	0	2	1	4	2	0	5	0	0	4	0	0	0	2	4	0	2	0	1	2	0	1	0	0	10	3	1	2	3	2	2	1	0	0	1	0	4	2	3	0	0	2	1	0	3	3	2	2	3	0	0	2	6	2	2	0	3	3	2	0	4	1	5	0	0	26	11	1	1	0	4	0	1	3	0	
0	0	1	0	1	2	4	0	0	2	15	3	2	0	0	13	1	0	5	1	2	1	1	1	0	0	1	11	0	0	3	1	1	4	2	0	0	1	0	1	1	0	2	3	0	0	0	1	1	7	4	0	5	0	0	1	3	2	0	1	1	1	4	0	0	1	0	0	1	0	0	0	0	0	0	0	1	1	1	0	0	0	0	1	1	11	1	3	1	0	0	1	1	0	0	0	0	2	0	1	1	0	0	0	0	0	5	3	0	5	3	0	0	2	0	0	0	4	55	2	2	3	1	3	1	3	0	1	4	0	0	6	1	0	0	0	0	3	0	1	0	0	0	0	3	4	3	2	0	0	3	0	0	12	0	0	1	1	1	2	0	1	1	0	0	0	1	3	0	2	1	0	0	2	3	0	3	0	1	0	3	1	4	17	2	0	0	1	3	0	2	1	0	4	37	0	4	0	0	0	
0	0	12	0	0	0	2	0	1	0	0	0	0	0	0	0	0	0	0	0	0	2	0	3	1	0	2	0	0	6	0	3	2	3	0	4	3	0	0	2	1	3	2	0	7	4	0	1	3	1	0	0	7	0	0	0	1	0	0	0	0	0	0	2	15	8	2	1	4	116	0	14	25	0	0	1	9	1	0	2	2	2	1	7	0	2	0	1	2	2	3	4	1	3	0	4	0	2	3	5	4	2	2	0	1	1	10	2	0	1	0	3	1	0	0	2	4	0	0	0	1	3	1	1	0	0	5	3	1	4	1	0	0	0	1	0	0	0	0	2	0	2	0	0	3	0	0	0	0	1	0	12	0	1	1	2	1	0	1	0	7	0	2	0	5	0	1	1	3	0	0	1	0	3	1	0	2	3	0	1	1	0	0	0	0	2	4	5	0	0	5	0	0	1	4	1	2	1	1	0	
1	0	1	0	0	1	0	2	0	1	1	0	0	1	2	0	3	3	0	1	0	0	1	8	3	0	0	1	0	0	12	2	0	0	1	0	0	2	1	1	0	2	1	0	0	0	0	3	0	0	0	1	0	0	0	4	0	29	0	30	0	4	3	1	4	2	3	2	1	0	0	2	79	1	1	0	22	2	0	1	1	1	0	2	0	0	2	1	1	2	27	1	1	0	1	34	0	0	1	3	0	1	11	0	2	0	1	2	7	2	0	0	0	1	0	3	1	4	0	0	4	1	3	0	4	1	2	4	0	0	3	2	0	0	36	4	0	0	0	2	2	8	2	1	1	1	0	32	0	1	1	1	1	0	1	0	0	2	0	0	6	0	1	1	0	1	1	5	0	1	0	4	0	0	2	0	1	0	4	2	0	5	8	0	1	2	3	0	1	31	0	1	2	0	0	0	0	1	7	6	
0	0	3	0	0	2	2	0	0	0	1	5	3	1	3	1	0	1	4	0	0	1	2	2	0	4	0	1	0	0	5	5	20	0	1	4	1	1	0	3	0	0	2	2	1	0	0	0	0	0	1	0	2	3	1	0	1	0	1	1	0	0	0	2	1	10	5	0	1	0	6	0	0	8	12	2	0	6	0	1	2	1	0	0	1	0	0	0	2	1	0	0	1	5	1	0	1	1	0	4	0	2	3	0	0	0	0	3	29	0	5	5	1	0	1	0	0	6	2	1	0	3	0	1	63	2	18	1	1	0	1	6	0	1	0	0	2	0	0	0	0	2	0	2	1	2	2	0	2	0	0	0	0	2	0	0	0	2	1	0	0	3	0	0	0	1	2	4	0	4	0	0	0	3	2	0	10	0	2	3	2	5	0	0	0	0	0	2	0	4	52	2	1	7	0	0	0	0	1	9	
7	2	1	0	3	0	3	0	0	0	11	1	0	10	0	1	0	0	12	1	2	2	0	3	1	3	2	0	0	5	0	0	1	1	5	0	0	2	0	0	1	0	16	37	5	6	1	0	5	1	2	0	36	1	0	0	0	1	0	0	3	0	0	0	0	2	13	0	1	1	3	1	6	29	1	0	0	5	2	0	0	0	0	2	3	4	6	0	6	0	5	2	2	1	1	2	3	2	3	0	22	1	0	1	0	17	1	0	5	1	0	0	5	1	4	1	3	0	1	2	2	18	2	0	0	0	1	0	0	0	1	1	1	0	2	0	3	0	1	2	1	2	2	0	0	1	6	5	0	0	0	0	0	0	1	3	0	0	3	3	0	5	0	14	4	0	2	1	15	32	0	0	2	0	0	2	6	0	3	0	2	0	0	0	0	1	1	2	1	0	0	0	0	1	1	1	1	0	0	0	
6	0	1	0	7	2	3	7	0	0	0	0	1	0	0	2	2	2	0	3	1	0	4	1	1	7	0	8	0	2	1	1	0	1	0	1	2	3	0	0	0	0	1	5	0	1	0	2	1	3	0	0	0	3	1	0	0	1	1	14	3	0	2	2	3	0	3	0	0	0	26	1	6	2	26	0	2	0	1	0	2	0	6	1	0	0	0	0	0	5	9	1	2	3	1	0	0	3	2	3	0	0	0	1	0	1	19	0	0	5	0	1	0	2	3	0	6	0	0	1	20	6	0	0	0	3	4	1	0	0	8	2	0	1	0	0	2	2	3	1	2	1	0	1	1	0	1	2	0	2	0	3	0	0	0	1	2	0	1	0	0	0	1	14	0	0	0	0	0	1	4	0	1	3	11	0	2	1	0	2	0	0	1	1	0	0	0	1	0	2	0	0	2	0	1	3	0	0	0	0	
3	2	0	2	1	1	0	0	0	0	0	9	2	1	2	2	0	2	1	1	0	0	0	0	0	6	2	0	0	3	2	2	0	3	1	1	1	0	2	0	0	1	1	1	1	0	3	0	1	0	1	0	0	0	0	1	2	0	2	1	116	1	6	0	96	3	1	1	3	0	1	3	0	3	6	1	0	1	1	3	0	2	0	0	1	1	7	0	7	0	0	0	0	0	0	0	0	0	0	2	0	0	0	0	0	3	0	3	0	2	0	4	3	1	10	1	1	3	1	0	15	0	0	0	0	2	0	21	0	0	2	0	1	0	0	2	2	0	0	0	1	0	1	1	3	0	1	0	0	3	1	0	0	12	3	2	2	4	1	2	6	4	0	2	2	0	38	1	0	0	0	1	3	2	1	0	4	6	17	0	2	0	10	1	14	0	0	4	1	4	0	0	2	2	1	0	1	3	5	6	
1	0	2	1	0	2	3	1	10	0	4	6	0	0	0	0	0	1	3	0	1	0	4	0	1	0	0	1	3	2	2	3	3	1	0	1	3	0	0	0	3	2	50	0	0	0	2	2	2	0	0	2	0	0	75	0	0	1	0	4	1	0	34	3	0	0	2	0	0	0	0	1	1	1	1	1	3	2	17	3	0	1	6	3	1	0	2	1	4	0	0	7	2	2	0	6	0	1	3	0	0	5	1	1	1	0	5	4	0	7	0	0	0	6	0	7	1	0	0	4	2	1	1	1	0	1	1	8	0	1	1	1	0	1	1	5	0	3	0	0	1	0	4	0	1	0	0	0	2	25	1	3	2	0	0	0	1	2	0	2	0	0	25	0	0	1	1	1	8	0	0	0	0	0	0	0	0	0	0	3	3	0	2	0	0	2	1	0	0	2	0	2	0	0	5	5	1	0	3	13	
2	0	0	0	2	0	0	1	0	0	0	0	3	3	2	0	0	0	2	0	0	0	0	0	1	4	0	0	3	1	1	0	2	0	0	0	1	0	2	0	11	4	0	2	0	0	0	1	1	3	0	2	32	4	2	4	0	1	0	1	0	0	1	0	0	1	3	4	0	0	5	8	1	0	4	0	0	6	4	0	2	8	2	0	4	1	0	4	0	12	2	1	0	0	1	11	26	3	0	0	4	0	0	1	1	1	0	1	1	5	2	4	1	0	0	0	1	3	0	7	6	0	2	0	1	2	0	4	0	1	3	8	2	0	2	1	1	2	7	0	0	1	2	0	35	4	7	4	0	0	2	0	0	0	0	7	0	0	0	0	0	2	0	0	1	0	0	6	0	0	0	10	3	2	1	0	3	2	2	0	2	2	0	0	0	3	1	1	0	20	0	2	1	5	0	4	0	0	3	0	
1	1	4	1	0	0	0	1	2	0	0	6	0	3	16	9	19	2	0	1	1	4	0	0	2	0	0	1	1	4	2	3	1	12	0	0	0	8	1	4	2	0	1	3	0	1	2	11	2	3	3	5	4	0	0	4	0	19	1	0	0	1	1	0	0	0	1	5	1	1	1	1	9	6	1	2	2	0	13	22	0	9	0	0	2	3	0	2	1	1	1	0	11	0	2	0	0	0	1	0	1	0	1	0	1	0	3	0	0	1	4	3	5	0	0	4	3	0	0	0	0	2	1	10	0	8	0	0	0	0	0	2	0	4	0	2	4	1	0	1	0	0	1	1	1	1	0	1	2	0	4	1	2	0	0	0	2	23	0	0	1	3	0	0	0	1	2	7	0	0	4	0	5	0	2	0	26	0	1	0	4	0	1	3	33	1	4	7	0	3	1	4	0	0	3	1	0	8	0	0	
2	1	5	1	1	9	0	0	0	3	2	1	0	1	0	0	0	0	2	3	1	1	2	4	1	0	0	0	4	1	2	3	1	0	0	2	0	0	0	1	3	1	3	1	0	0	1	2	7	0	4	0	3	1	1	1	0	7	4	3	1	1	2	3	39	0	2	2	0	3	0	1	23	1	0	0	11	6	0	0	0	0	5	4	1	3	0	0	1	3	2	2	0	0	0	1	0	1	6	6	0	8	2	0	1	0	0	0	1	0	4	1	0	3	2	2	0	2	0	35	3	1	0	0	3	4	1	4	2	0	2	0	4	0	0	0	8	0	5	0	18	6	1	1	1	0	0	0	1	1	16	7	2	0	0	1	0	4	0	0	0	3	10	2	0	2	11	1	0	0	1	2	1	0	0	2	0	3	5	2	1	0	4	1	1	0	0	1	2	0	2	0	2	5	3	0	1	0	1	3	
0	1	0	0	16	4	0	7	2	0	0	0	1	22	0	0	0	7	0	2	3	2	2	0	0	0	2	1	0	0	0	0	0	0	1	0	0	0	0	0	1	2	0	7	3	0	0	0	2	3	0	3	12	0	2	124	0	7	0	4	2	2	5	1	0	4	0	0	0	5	3	0	3	0	1	0	0	0	0	9	2	0	0	3	1	0	1	1	0	0	0	0	0	2	4	0	6	0	0	6	3	1	0	0	5	2	1	0	0	1	0	0	0	3	68	2	0	1	0	7	1	0	5	0	1	1	2	2	4	1	2	27	1	0	0	0	0	0	0	0	0	0	1	0	0	1	1	0	0	1	0	0	0	1	0	0	0	1	0	0	2	1	30	4	23	7	2	3	1	1	0	10	4	6	16	0	0	1	0	1	0	2	0	2	2	1	1	0	3	30	1	2	0	0	2	0	0	2	0	2	
0	0	3	0	0	0	2	0	0	3	0	1	0	1	0	3	0	0	1	1	6	2	0	1	0	0	0	4	0	0	3	0	16	0	0	0	1	2	0	1	0	2	3	1	17	0	2	0	3	7	0	1	0	3	0	0	1	3	2	17	5	0	10	2	40	0	0	1	1	0	2	0	2	0	0	2	3	1	0	3	1	0	0	1	0	1	0	2	0	1	3	0	0	0	1	2	1	0	1	2	4	0	0	1	1	2	2	4	0	0	0	0	0	9	0	0	31	0	1	4	1	49	0	0	6	0	1	20	1	1	0	2	9	1	1	2	7	0	0	1	2	3	0	1	8	0	2	1	0	1	3	1	0	0	2	4	0	2	0	0	0	1	0	0	0	0	0	0	0	0	3	63	2	0	1	2	3	1	1	0	0	0	1	5	0	30	1	0	3	1	7	3	3	0	0	0	0	2	1	3	
3	0	0	0	0	0	3	0	2	0	1	2	0	0	1	2	1	2	11	2	3	5	0	1	22	0	4	1	0	1	0	0	0	3	1	1	2	3	0	0	3	3	0	2	0	0	0	3	0	1	4	0	6	3	1	1	1	1	1	0	0	0	3	2	0	1	2	0	0	1	0	0	3	2	0	1	1	3	0	0	2	0	0	1	1	2	1	0	0	0	2	2	0	4	0	1	3	1	2	0	17	0	0	2	5	1	2	0	0	1	0	0	5	2	3	0	3	1	0	1	1	6	1	2	1	3	1	0	0	0	2	0	12	2	20	2	7	0	0	2	2	2	1	0	0	0	0	0	2	0	0	0	2	0	0	0	1	0	3	0	2	0	0	1	1	3	0	2	1	1	2	1	4	0	0	0	0	9	5	13	10	0	1	4	0	0	1	0	0	1	0	7	1	0	1	1	0	5	0	0	
0	0	0	0	0	1	1	0	0	10	0	2	0	0	0	2	0	1	0	0	1	3	0	0	4	0	1	0	19	5	7	2	0	0	0	2	3	0	0	1	7	0	0	0	0	8	1	0	2	2	0	4	0	5	0	0	6	0	0	7	30	5	0	1	3	0	0	4	3	2	0	1	0	1	0	0	2	3	2	0	3	0	0	1	12	5	21	1	0	0	2	1	1	4	5	0	0	4	0	2	0	1	0	0	3	1	1	0	9	5	0	0	3	0	3	0	0	0	3	1	3	1	0	0	0	0	0	0	0	2	0	0	4	1	0	24	2	1	0	0	0	0	2	0	0	2	0	2	0	0	1	0	3	1	0	0	1	1	0	9	2	2	3	3	1	1	0	2	2	14	1	0	0	0	2	2	1	5	3	0	1	0	5	1	6	0	0	0	0	1	3	0	2	0	0	0	0	0	2	0	
0	5	7	0	1	1	0	5	3	0	5	0	0	1	2	1	0	2	4	2	0	2	4	0	2	0	3	1	5	1	2	1	0	3	1	3	0	0	2	1	0	0	0	0	0	0	3	0	0	2	4	6	0	7	10	69	11	0	11	2	0	3	2	0	3	0	0	1	1	4	0	0	18	1	5	2	1	0	0	1	1	0	0	1	0	0	0	0	3	5	8	0	0	3	1	10	1	0	0	0	0	0	1	7	0	1	0	4	0	0	8	3	0	0	0	0	0	0	0	0	1	0	0	0	2	3	0	0	1	3	0	8	0	0	5	2	4	4	0	0	0	2	0	2	0	1	0	0	1	1	0	2	1	0	0	1	0	0	0	5	1	1	0	0	0	1	0	19	13	0	4	36	1	13	0	0	0	1	0	0	4	32	0	0	2	3	4	0	0	1	0	0	0	1	1	1	2	4	0	0	
1	1	2	1	4	8	0	0	0	0	4	1	0	1	0	2	4	1	0	0	0	0	7	0	1	0	1	2	0	0	9	1	2	0	2	13	0	0	28	0	2	0	1	2	0	0	0	1	0	0	6	1	2	0	9	1	0	2	1	3	1	0	0	0	1	0	0	2	3	1	0	52	2	2	1	2	3	0	0	0	0	0	0	2	0	3	26	0	0	0	2	0	1	0	42	0	1	6	1	0	0	0	0	0	1	0	1	2	1	5	7	0	31	3	2	0	0	4	0	3	0	2	0	0	2	6	1	1	0	1	0	0	0	6	6	0	0	1	5	0	0	19	0	0	0	0	1	1	0	0	5	2	0	2	6	3	2	39	0	2	0	0	1	1	1	1	0	0	25	2	2	1	1	1	1	0	0	1	0	0	1	2	1	3	0	4	5	3	0	0	0	1	9	0	0	6	1	0	0	0	
0	1	0	2	1	0	1	1	0	0	3	0	0	5	2	1	2	2	2	4	8	0	0	1	0	0	1	0	1	1	1	4	0	0	1	2	1	0	3	25	2	0	0	0	2	1	1	2	2	2	6	14	4	3	0	0	0	26	0	5	0	0	5	0	5	5	0	1	1	0	8	1	1	2	1	1	0	0	1	4	1	0	1	4	3	4	0	2	0	1	0	1	0	3	0	1	0	33	0	0	0	5	0	1	0	20	2	1	2	1	0	1	0	4	0	0	0	0	0	0	0	0	0	4	0	8	0	0	1	0	0	3	0	0	0	0	4	0	0	1	0	1	1	0	0	0	1	2	1	0	0	4	1	1	0	0	19	0	0	8	0	4	0	0	1	3	6	3	4	0	2	0	0	0	0	3	0	1	45	17	0	0	2	0	0	1	3	0	1	4	2	1	1	0	3	4	0	1	1	0	
0	0	3	0	1	0	11	2	10	2	0	5	0	0	2	1	1	0	0	1	1	0	2	6	2	0	2	8	0	1	1	1	1	0	0	1	0	1	0	4	0	81	0	0	0	2	0	1	0	0	2	0	1	3	1	1	1	0	8	2	6	1	0	0	0	0	0	5	5	0	0	1	3	1	3	8	1	5	3	0	7	1	1	0	1	13	9	14	0	0	3	0	2	0	2	1	0	2	5	0	0	0	1	1	4	6	3	2	1	0	2	1	0	0	0	0	0	2	0	1	0	15	0	6	1	0	1	4	1	7	11	0	2	3	0	1	5	0	1	2	1	1	0	2	1	2	4	0	0	0	1	0	0	0	0	0	0	0	0	0	0	0	0	0	0	0	6	0	0	1	4	0	2	0	0	7	1	6	2	1	1	1	12	0	0	38	1	1	0	0	2	1	0	5	0	0	0	2	0	0	
0	1	0	4	3	0	0	1	0	5	2	0	33	20	1	1	0	0	0	0	3	0	4	1	0	7	0	1	4	2	0	3	2	8	1	0	0	0	4	1	11	2	0	6	2	0	0	0	0	4	1	17	3	2	0	1	6	0	4	0	0	1	0	12	0	1	0	3	4	1	0	0	1	5	3	0	0	2	0	1	0	1	0	1	18	0	1	4	22	7	0	2	7	6	0	0	0	0	9	1	0	1	0	5	4	1	0	2	2	1	4	2	0	0	1	2	0	2	8	0	0	0	0	1	0	6	0	5	2	5	0	0	0	0	4	0	1	0	0	0	1	0	1	2	0	1	1	0	0	0	0	0	1	31	6	1	0	10	0	1	7	2	0	0	0	3	0	1	0	5	1	14	0	0	3	0	0	1	4	0	0	0	0	5	0	0	0	0	0	1	3	1	0	1	0	0	5	0	1	0	
2	0	0	0	0	0	0	1	1	2	0	0	0	0	1	0	1	0	0	1	3	2	0	0	0	0	2	3	0	0	0	0	7	0	0	2	1	1	2	1	1	1	0	7	0	0	2	0	2	1	2	2	1	6	2	0	1	1	3	0	7	8	2	1	7	3	1	4	0	1	0	2	1	3	0	2	0	1	1	8	0	2	0	3	0	4	2	4	0	0	0	0	2	4	0	1	0	1	0	0	3	7	0	0	1	1	0	2	1	1	0	0	0	3	1	42	4	0	1	1	0	0	0	0	0	0	5	0	0	0	0	2	0	2	2	3	0	31	2	3	1	6	0	2	0	4	3	2	0	0	0	0	0	0	0	1	1	0	1	1	38	0	3	2	1	2	0	0	0	1	1	3	0	0	2	0	0	0	2	2	2	2	1	0	0	0	1	0	0	0	1	0	2	0	0	0	6	0	0	3	
0	0	4	3	0	7	0	0	22	0	2	3	0	0	0	1	0	0	0	0	8	0	0	1	0	1	1	0	0	2	2	0	3	2	4	2	2	1	29	3	1	1	1	3	2	3	0	0	1	2	0	1	1	0	2	0	0	2	2	0	1	3	7	2	0	3	0	2	2	3	1	2	0	5	0	0	2	1	2	7	0	2	2	0	0	5	2	0	0	0	0	4	0	0	1	0	1	0	0	0	0	0	0	11	0	10	0	6	1	0	5	1	0	2	0	0	1	0	0	0	0	7	0	3	0	1	7	1	1	0	1	4	0	2	6	0	2	5	0	0	2	0	0	6	0	3	4	0	1	0	0	0	1	4	0	0	0	0	2	1	1	1	2	1	0	0	12	3	0	14	1	0	4	0	6	0	2	0	5	1	0	1	0	0	7	2	1	0	0	2	1	0	0	0	0	0	1	0	0	0	
0	0	2	0	0	1	3	2	5	1	8	3	0	0	0	0	0	2	0	1	2	2	0	0	1	0	0	0	3	1	506	0	0	3	2	0	0	3	0	5	0	0	0	2	0	11	3	1	1	0	0	0	7	0	3	2	3	2	1	1	0	4	1	1	0	6	1	1	1	1	4	0	0	1	0	1	1	1	2	1	1	1	1	5	3	0	7	0	0	1	0	9	15	1	0	0	1	5	0	0	18	4	0	1	0	0	0	2	1	0	0	0	0	2	2	2	0	0	0	1	0	2	1	0	0	0	1	0	0	4	2	2	9	1	0	3	7	0	8	0	0	5	3	0	0	0	1	26	2	0	0	23	0	2	0	0	0	0	0	2	0	1	2	0	0	2	1	1	0	5	4	0	0	0	1	0	0	3	1	3	0	3	0	2	0	0	2	2	1	0	2	0	0	3	0	2	0	7	0	0	
5	1	0	16	0	13	5	0	0	0	4	0	1	21	0	0	0	7	0	0	0	0	0	2	1	0	1	1	2	0	4	0	0	0	0	1	0	0	4	5	2	2	2	0	1	0	1	0	2	24	0	0	8	0	1	6	0	0	27	1	0	0	0	13	2	1	1	1	0	3	2	0	4	1	4	3	0	22	0	28	4	0	1	3	0	1	2	1	0	0	3	5	0	0	0	0	1	1	0	0	1	0	1	0	2	0	0	3	0	0	5	1	23	0	3	1	0	2	2	26	0	0	0	2	2	0	0	7	0	5	0	1	2	0	3	6	0	0	2	3	1	0	6	1	0	0	7	4	1	1	10	2	25	5	6	0	0	4	0	29	0	1	3	1	1	1	3	10	0	2	0	2	4	3	2	0	1	0	1	0	0	1	0	2	2	0	1	0	2	1	2	0	2	0	2	1	0	0	0	1	
1	3	2	0	1	1	0	0	0	0	0	2	0	2	1	1	1	4	0	1	0	3	2	2	0	0	0	0	0	4	2	0	3	0	1	5	0	0	5	1	0	0	0	0	4	1	3	0	20	2	0	0	1	0	1	1	1	2	3	3	24	1	1	1	13	0	0	12	1	0	0	0	1	0	1	14	5	0	2	2	1	1	0	0	1	1	1	1	1	1	1	9	0	1	2	1	1	0	0	0	0	1	2	3	2	6	21	0	0	5	0	0	0	1	0	1	0	3	0	0	0	1	1	3	2	3	1	3	7	2	0	0	0	1	0	3	3	0	0	0	1	0	0	0	18	10	0	0	0	0	0	0	2	0	1	1	1	0	0	4	0	4	3	0	3	1	1	0	0	0	1	0	2	0	1	0	1	0	0	0	0	0	0	0	0	0	0	0	6	0	0	8	0	0	0	0	0	0	0	1	
0	0	5	0	0	1	12	0	0	1	5	0	0	1	0	2	0	2	0	0	3	0	0	4	4	0	0	4	4	3	0	5	2	5	0	1	0	0	1	0	2	1	0	2	1	0	0	0	4	0	3	0	1	2	0	1	0	0	27	0	1	1	0	0	2	6	1	2	0	0	5	1	5	3	0	4	3	1	1	7	15	2	2	17	0	0	1	0	5	2	0	3	0	3	1	0	1	0	4	2	1	8	0	0	0	2	0	0	1	0	0	2	0	0	1	2	0	0	0	0	0	0	1	0	9	2	3	1	0	0	0	0	0	1	2	1	4	1	0	2	0	1	0	1	0	0	1	1	1	1	0	1	1	0	0	0	1	4	1	0	17	1	2	0	0	2	0	0	3	0	0	0	1	3	0	0	0	0	2	0	0	9	8	2	0	0	1	10	2	5	1	0	0	13	1	0	2	0	2	0	
0	1	3	2	2	0	3	1	1	0	0	0	1	1	0	1	0	1	2	1	0	0	0	2	0	4	1	0	0	4	1	0	2	0	1	0	0	2	4	5	3	0	0	0	6	0	2	1	1	1	2	1	10	2	2	7	5	0	0	3	0	10	1	0	0	1	29	11	1	1	0	2	0	5	6	0	0	2	3	5	0	4	0	4	0	1	0	1	0	0	1	1	2	2	3	54	0	0	0	1	0	1	0	3	38	2	0	4	3	5	1	0	0	0	0	2	0	1	4	0	0	0	1	0	0	0	0	4	0	0	4	0	1	2	4	1	2	6	0	1	0	0	0	0	0	0	1	0	1	0	0	1	3	1	0	6	2	0	6	0	0	0	0	1	0	1	0	2	0	0	0	0	0	1	22	6	0	0	0	0	0	0	0	1	1	1	2	0	0	1	2	0	1	0	1	0	1	2	2	0	
0	0	0	3	2	0	1	1	2	2	0	0	0	2	0	0	0	3	0	3	1	0	0	0	2	0	6	4	0	1	0	4	3	2	0	0	1	2	1	2	1	2	0	0	0	3	7	22	1	0	8	11	1	1	1	0	1	2	0	0	0	3	3	1	0	0	0	3	0	1	0	0	3	4	2	31	5	0	3	3	2	0	3	2	5	0	7	0	1	0	0	0	3	4	1	14	0	0	51	0	0	3	1	2	0	1	0	4	0	0	0	0	2	0	2	0	1	1	0	0	0	0	1	0	2	37	2	0	8	20	1	10	2	1	0	5	3	3	0	0	0	2	0	1	0	1	5	0	0	18	2	8	3	0	3	0	0	1	1	3	3	0	0	3	0	0	4	0	0	4	0	1	0	6	4	0	3	0	1	0	0	5	1	0	0	0	4	34	1	0	0	0	5	0	0	0	1	2	0	0	
0	0	0	1	0	3	0	1	1	16	10	0	5	1	0	1	0	0	0	0	2	0	2	1	1	8	1	0	0	1	4	1	0	0	0	16	1	1	0	0	4	1	22	0	1	1	0	14	0	4	0	1	0	0	1	72	0	0	0	0	11	2	3	0	11	0	4	4	0	0	13	1	0	6	0	3	0	0	0	0	0	0	11	0	2	3	0	0	5	3	1	2	0	0	2	0	5	4	1	4	2	2	1	0	0	1	0	2	19	0	3	0	4	0	9	0	0	0	0	0	0	1	0	1	1	0	0	1	0	0	0	1	0	1	1	26	1	1	1	0	2	0	3	21	0	1	0	9	0	0	2	0	1	18	3	2	0	0	0	0	0	0	0	1	0	5	2	0	1	0	2	0	0	0	0	2	0	1	2	1	0	1	0	1	9	0	1	1	5	0	1	0	4	3	0	0	0	3	3	0	
4	1	0	0	0	1	0	2	2	2	5	39	3	0	0	2	1	2	0	3	0	0	4	3	0	0	7	0	1	0	0	3	4	29	2	0	1	4	11	12	0	1	1	0	3	2	5	2	1	1	2	3	2	0	0	0	1	2	1	0	1	0	3	2	0	1	0	2	0	2	0	1	3	0	2	34	0	3	0	1	6	1	26	1	0	0	9	2	5	5	1	0	0	0	0	1	1	1	3	1	0	3	0	2	0	0	0	1	3	0	2	5	0	0	5	0	1	0	0	0	0	0	0	0	12	0	0	1	0	2	0	2	0	0	2	1	0	12	0	0	0	0	1	2	0	0	6	7	2	0	0	1	0	0	13	0	0	0	6	18	1	0	0	1	1	0	1	4	0	2	7	0	0	0	3	3	1	1	1	7	0	1	0	0	0	0	1	1	3	4	0	0	0	0	5	1	0	3	3	0	
2	1	0	0	0	2	0	6	0	3	0	0	0	1	2	0	0	1	5	0	0	1	0	2	0	1	0	1	3	0	2	0	2	17	0	0	0	0	4	129	0	1	1	3	0	0	1	20	3	0	1	1	3	0	3	0	1	0	1	0	0	0	1	1	0	1	0	0	0	8	2	2	0	0	1	1	0	0	26	1	3	9	0	2	8	2	0	3	2	0	2	0	1	1	0	2	0	0	6	3	0	11	2	2	0	2	2	3	0	0	1	0	6	3	3	6	1	0	0	0	0	0	4	0	1	4	1	0	4	0	0	0	1	7	2	1	0	3	1	0	0	7	0	1	0	0	0	1	1	4	2	16	1	1	0	1	1	0	0	1	1	0	13	13	2	0	1	14	2	33	0	0	0	1	4	0	0	0	0	3	2	2	0	0	0	5	1	0	0	6	0	2	3	0	1	4	0	2	0	0	
0	0	0	1	0	1	0	0	6	0	0	0	0	25	7	0	2	0	3	0	5	0	0	0	0	0	0	0	1	34	5	2	0	4	36	3	7	0	0	8	16	0	0	1	0	1	1	0	1	3	2	1	0	1	0	0	0	13	0	0	0	3	0	2	0	4	0	0	1	0	0	3	2	4	2	1	1	1	0	5	1	3	1	0	0	1	0	0	3	0	0	1	1	0	2	4	0	1	0	1	3	0	0	1	0	0	0	5	0	0	1	0	0	0	0	1	0	0	3	5	2	0	0	0	19	0	1	0	2	0	0	1	0	0	2	1	2	0	0	0	21	2	1	4	0	0	3	1	0	0	0	0	7	0	3	0	1	0	0	4	8	25	0	1	0	3	2	8	4	3	4	1	0	0	0	5	0	0	4	0	15	0	0	1	2	1	3	2	0	8	1	0	2	0	0	0	0	0	0	4	
0	3	0	2	0	0	2	0	1	0	0	0	0	1	3	0	1	0	0	3	1	3	0	0	2	8	9	0	2	0	0	0	1	14	1	2	6	22	1	0	1	15	2	1	2	1	1	4	2	0	1	1	0	3	4	2	0	0	2	46	17	1	1	0	16	0	1	1	0	3	2	0	13	0	1	0	1	10	0	4	0	0	3	0	3	0	1	1	3	2	0	7	3	0	0	3	0	4	0	0	0	0	1	0	0	1	1	5	0	1	1	0	0	0	1	3	0	2	2	2	0	0	0	0	0	0	0	0	0	1	1	1	1	0	0	4	0	0	1	3	0	2	1	0	1	1	0	2	0	0	0	1	0	0	0	0	0	0	7	35	0	0	1	2	0	1	0	6	2	0	1	0	2	0	0	4	0	0	0	0	0	2	0	2	1	0	0	11	1	2	0	2	0	0	0	0	1	0	0	3	
2	1	0	1	3	1	0	2	0	0	0	0	3	1	0	23	2	5	2	0	2	0	5	1	0	1	0	0	0	2	0	0	6	0	0	9	102	5	0	7	2	0	10	3	0	1	0	0	3	1	0	2	0	2	1	17	0	2	0	6	1	9	1	1	0	1	0	3	2	1	3	0	4	0	0	0	42	9	1	1	4	2	0	4	0	0	3	3	0	3	2	1	3	0	0	3	0	1	1	0	5	2	2	41	0	3	1	0	1	2	0	27	0	5	5	0	3	0	0	0	24	2	3	0	0	1	0	4	0	0	0	0	0	1	14	0	0	4	1	2	5	0	1	1	2	3	0	1	9	1	0	0	0	0	0	1	0	1	0	2	8	2	2	0	1	3	0	0	0	0	5	0	4	3	1	0	0	2	0	1	0	2	10	2	0	0	0	0	0	1	0	1	3	0	4	0	3	2	0	0	
0	5	1	0	0	0	2	0	3	1	0	0	3	0	3	1	1	28	21	0	0	0	0	1	37	0	0	0	0	1	2	0	1	6	1	2	0	0	2	0	2	0	3	0	0	1	2	18	3	0	0	25	3	0	4	6	0	1	0	0	1	2	4	19	0	0	1	0	1	7	1	0	0	1	0	1	3	8	1	5	2	3	17	1	3	1	1	0	0	1	1	3	0	4	2	4	23	0	6	0	0	0	3	0	1	3	7	0	1	2	0	2	0	0	0	0	0	2	2	2	5	0	4	1	0	2	2	0	1	0	5	0	8	0	2	0	2	10	1	0	1	1	7	3	0	1	0	1	5	1	0	3	1	1	0	1	0	7	33	0	0	4	0	0	5	3	0	6	5	0	1	4	0	3	0	0	0	0	0	0	0	5	3	0	0	0	3	0	1	1	0	0	0	0	2	1	0	0	2	0	
0	1	3	0	1	3	2	1	0	1	0	1	3	1	2	15	0	1	1	0	4	0	1	1	16	0	0	0	2	0	3	3	1	1	6	6	1	0	1	42	0	0	0	0	0	0	3	2	1	0	2	2	0	0	0	6	2	4	0	0	7	1	0	0	0	0	5	2	0	1	0	0	1	3	1	0	4	1	0	1	3	0	0	2	2	2	0	3	1	3	1	2	1	0	7	0	2	0	0	1	3	1	2	0	0	0	1	1	0	0	1	0	10	1	1	0	0	4	3	1	1	0	4	1	1	0	0	0	1	10	0	1	0	0	4	0	7	4	2	4	0	4	2	2	0	8	1	2	20	0	1	2	1	4	0	1	0	1	1	0	1	0	0	2	1	0	0	0	1	2	0	0	2	0	0	0	0	0	1	0	11	1	0	0	0	3	0	0	0	0	0	0	1	3	1	0	0	2	2	2	
0	5	1	0	0	0	3	4	2	1	0	1	1	2	3	3	0	0	6	12	0	7	1	0	1	0	0	1	4	1	1	1	2	3	1	6	7	2	1	2	1	30	0	1	1	0	0	0	1	0	1	0	0	2	0	5	5	4	0	0	0	3	1	7	0	4	0	0	1	8	0	1	3	2	1	0	1	2	1	0	0	0	1	1	0	0	1	2	2	4	1	5	0	2	0	1	2	0	1	2	38	2	38	0	0	11	1	2	3	0	0	1	1	1	0	0	0	2	0	0	1	0	2	1	1	2	0	0	0	0	0	0	2	2	0	0	2	0	1	2	0	1	0	0	1	0	0	1	0	0	0	1	0	16	0	0	4	1	0	2	0	2	0	1	0	0	0	0	0	0	1	0	1	1	0	16	0	2	1	1	4	1	0	2	1	0	0	11	9	3	0	1	1	0	0	1	1	0	1	0	
0	0	2	2	0	1	0	0	0	0	0	0	3	0	0	1	0	5	0	1	1	3	5	0	0	2	6	1	2	2	0	0	0	0	1	4	0	0	0	0	4	0	6	29	1	0	1	1	0	0	1	0	0	0	1	1	1	0	0	1	0	2	3	2	1	2	0	13	0	0	1	0	0	4	3	4	2	0	7	1	4	1	2	1	18	2	10	2	1	4	0	2	0	0	1	0	1	0	0	0	0	0	3	4	0	0	0	0	0	2	0	0	3	1	0	1	0	0	10	14	1	0	0	2	1	3	1	0	0	0	1	0	3	0	2	10	0	1	1	10	4	1	3	1	0	14	3	1	1	4	0	0	14	0	2	2	4	1	1	0	0	0	2	0	0	1	2	1	1	2	0	0	0	0	0	0	0	0	0	1	6	3	0	7	4	2	0	2	0	0	0	4	5	0	1	1	3	0	0	0	
0	4	0	1	0	1	5	0	1	0	0	1	0	1	1	2	6	2	0	1	0	0	0	3	1	1	3	0	1	1	0	5	0	5	1	6	0	0	0	0	1	1	1	18	3	3	1	1	5	0	1	0	0	11	1	0	0	5	2	4	0	5	7	0	0	0	0	7	2	46	0	0	0	3	0	0	0	2	1	2	0	0	1	0	1	0	0	0	0	0	4	2	3	15	3	0	2	2	9	0	46	7	2	4	29	0	0	1	0	4	0	0	0	0	0	2	0	5	0	1	0	1	3	0	1	2	0	1	0	0	0	0	1	1	2	4	8	1	7	1	3	1	2	3	0	2	0	1	1	1	1	2	1	4	10	0	4	35	0	1	0	0	0	1	3	1	0	0	4	0	4	1	0	0	6	1	0	2	0	0	0	4	0	5	0	1	1	1	3	0	0	1	3	0	0	1	0	1	4	0	
0	0	2	0	2	0	5	0	2	0	1	0	0	0	0	2	1	5	0	3	7	2	0	107	0	0	3	0	1	8	18	0	0	0	3	2	2	0	2	1	5	3	0	0	5	0	0	1	21	1	1	0	0	1	1	3	0	5	8	1	4	0	0	1	0	0	1	5	5	1	0	1	0	1	0	6	0	0	0	7	2	20	0	2	36	1	1	0	0	0	0	0	0	0	0	7	0	0	0	1	0	1	1	8	4	0	3	0	1	2	5	1	1	1	3	0	0	0	0	1	3	1	1	5	3	7	0	1	1	0	6	1	1	0	4	0	0	0	0	39	2	1	0	0	1	4	1	0	5	0	2	1	0	1	22	5	0	0	0	1	1	0	8	0	3	0	0	0	0	0	1	0	0	3	0	0	0	0	1	1	2	2	0	1	2	0	0	0	7	1	0	0	0	2	0	0	0	2	0	3	
0	2	2	1	5	1	4	0	1	0	3	0	0	2	0	0	18	1	3	2	1	0	0	3	2	1	1	9	37	9	2	3	0	0	0	0	0	0	1	6	5	0	2	2	0	3	1	2	1	1	0	3	13	2	6	8	2	0	0	3	0	1	8	3	1	1	0	1	0	0	0	1	0	1	4	0	0	0	0	2	0	2	35	71	4	0	0	1	32	0	4	6	2	0	1	0	2	2	0	45	49	0	0	1	0	0	0	2	0	1	0	3	0	1	2	1	34	1	1	0	1	2	3	0	0	0	3	3	0	0	1	1	4	1	3	2	0	2	1	3	2	3	2	1	0	0	1	0	0	1	0	2	0	0	1	0	0	37	1	6	1	1	0	0	1	4	1	5	0	0	0	0	2	1	0	0	3	2	1	2	5	0	3	2	3	3	0	3	3	1	2	0	0	0	1	3	0	0	2	0	
1	0	1	1	1	19	0	2	0	2	48	2	0	26	1	0	5	0	3	0	3	1	1	3	0	4	4	0	1	0	0	0	3	0	0	48	3	0	0	1	4	5	3	0	0	0	0	0	0	0	2	1	4	0	1	0	1	8	27	1	2	3	5	1	1	0	0	0	0	0	2	0	3	0	6	0	2	4	0	4	0	0	20	1	7	2	0	4	0	3	1	4	6	1	1	0	0	0	0	2	0	2	0	4	1	7	0	1	0	5	1	1	0	2	0	2	1	0	0	0	1	3	0	0	0	0	0	0	0	0	2	0	1	0	0	0	6	2	2	0	0	10	0	0	0	12	0	0	0	1	0	5	0	2	1	0	2	1	9	0	7	0	1	0	1	0	1	0	20	2	1	0	1	6	0	0	0	2	0	0	0	2	0	0	0	15	0	6	2	1	0	1	0	13	0	1	0	3	0	0	
1	0	3	1	0	0	0	0	2	0	4	0	1	0	0	1	2	0	4	3	23	0	0	5	0	3	1	0	1	137	24	0	2	1	1	2	2	0	1	0	0	2	2	1	25	4	5	2	1	3	0	0	1	0	503	0	0	0	1	0	0	0	1	1	0	6	0	0	2	3	0	1	0	1	0	0	2	1	1	2	0	0	9	1	1	1	0	1	2	0	2	0	0	0	0	0	2	2	1	2	3	11	0	1	0	0	2	1	7	3	1	0	0	0	1	12	0	3	7	0	0	0	3	0	7	3	1	1	0	0	4	4	0	1	0	0	6	1	0	0	1	0	0	2	2	0	18	2	4	0	0	3	6	0	0	1	1	1	1	1	1	2	0	1	5	0	1	1	0	4	0	6	0	7	2	0	2	9	8	1	0	2	0	0	0	0	7	1	1	9	1	17	0	0	0	0	0	1	0	0	
4	1	0	1	1	1	1	0	3	4	3	1	0	2	0	0	0	4	0	0	15	0	1	0	0	0	0	3	1	3	0	0	0	3	0	0	1	2	1	3	2	0	0	5	3	0	0	0	1	0	4	18	3	2	0	1	2	0	1	1	1	0	0	0	2	0	0	0	3	17	0	1	0	0	1	2	2	3	34	14	8	0	3	0	1	0	0	0	2	1	0	1	1	0	0	0	0	11	1	1	0	0	6	0	0	0	33	1	4	0	1	3	0	0	2	1	1	0	1	0	0	0	1	8	2	5	0	0	5	4	0	2	4	0	0	13	12	0	1	2	1	2	1	0	0	2	0	0	3	3	1	0	7	0	2	2	0	0	0	1	3	1	0	1	1	5	0	1	0	6	5	0	0	2	0	2	0	0	1	16	0	0	1	15	1	2	0	0	0	1	10	0	0	0	4	8	2	1	0	1	
0	0	0	0	0	2	2	5	3	0	33	0	0	0	0	2	0	1	0	31	0	0	2	0	4	0	0	56	2	3	0	0	1	2	1	2	3	2	0	6	6	72	0	1	3	0	1	1	0	2	0	0	0	4	0	0	0	0	5	6	1	0	1	7	0	0	0	0	30	3	0	0	0	0	0	0	0	0	1	1	10	3	0	2	2	2	0	3	0	1	0	0	3	1	0	8	0	0	1	0	0	1	0	0	0	0	2	0	0	0	0	3	6	1	1	0	0	17	0	0	0	0	3	3	1	4	3	3	0	0	3	1	1	0	1	13	0	0	0	8	3	11	0	0	36	1	2	0	3	0	0	0	0	2	2	0	1	1	0	0	0	0	2	0	0	1	0	0	0	1	2	0	0	1	1	0	1	0	2	9	0	2	1	0	0	4	0	0	11	2	3	1	0	0	0	1	6	0	0	6	
7	1	1	0	2	1	0	0	0	1	1	1	5	0	1	2	1	0	0	3	0	111	1	2	0	3	2	3	0	1	0	2	0	5	0	1	1	0	26	0	1	3	1	0	3	0	1	0	1	1	1	0	0	0	1	0	6	3	1	0	1	0	1	0	0	5	0	14	5	9	0	1	2	3	0	3	2	12	0	0	0	1	1	2	0	77	22	6	0	1	3	3	2	1	0	6	2	0	2	0	0	0	0	0	4	1	3	3	0	0	6	2	0	0	6	5	1	3	3	0	0	1	0	1	0	0	0	2	0	1	1	0	2	0	6	3	1	0	1	2	0	0	0	1	4	0	0	0	3	0	1	1	2	0	18	3	0	2	3	0	0	0	2	5	0	3	0	0	2	0	0	2	3	1	3	0	0	0	0	0	1	6	0	0	0	2	1	0	0	0	1	2	1	1	8	1	2	0	0	1	
0	0	2	1	0	3	14	1	0	0	1	7	0	15	0	1	0	0	0	0	1	0	0	3	4	4	3	1	0	3	1	45	0	0	0	0	1	0	0	2	0	7	0	1	0	0	2	6	0	2	8	3	2	4	0	2	2	2	0	2	2	10	0	3	0	0	1	1	0	1	3	0	9	4	1	0	0	3	1	1	0	1	0	0	0	1	0	0	0	8	1	0	0	1	0	4	0	0	0	3	0	0	3	0	0	1	0	1	0	8	9	0	31	0	9	1	0	7	0	0	0	3	0	2	0	9	0	1	4	0	1	6	5	0	1	2	0	16	0	3	0	0	3	14	0	0	0	3	4	0	2	0	8	0	0	5	1	0	1	0	0	0	1	1	5	0	2	0	1	0	2	0	1	5	2	2	0	21	0	0	2	0	2	0	2	0	2	2	3	0	0	0	0	1	0	1	3	0	2	0	
1	0	0	2	20	6	0	1	0	1	30	15	0	1	4	3	0	1	0	4	1	0	7	0	0	11	1	1	0	1	3	0	1	27	2	0	4	2	1	1	0	6	0	2	8	0	4	2	0	1	0	0	0	3	0	1	1	10	0	9	4	21	0	2	1	0	0	0	0	0	0	0	0	4	0	0	0	0	0	0	0	7	42	4	1	4	7	0	11	2	1	12	2	2	0	2	1	2	27	0	0	0	4	1	5	2	0	3	1	0	3	19	4	1	1	0	1	1	1	1	0	1	2	2	0	1	1	0	0	0	1	0	1	1	0	0	0	1	1	0	3	9	0	0	2	0	0	2	14	0	2	3	2	2	2	2	13	0	0	0	0	0	0	0	1	2	0	2	4	2	0	0	4	0	3	0	2	0	4	3	1	0	11	1	0	0	1	0	1	2	0	0	0	0	0	0	1	0	3	0	
1	0	1	0	0	4	0	3	1	1	1	0	0	1	0	38	0	4	9	3	0	8	0	4	40	0	2	0	1	0	11	0	7	7	1	0	20	9	1	1	21	0	2	2	0	0	0	10	0	2	15	1	9	2	0	0	1	2	37	0	0	1	2	0	0	1	0	6	0	0	1	1	0	1	1	4	1	1	0	0	4	42	0	3	3	0	3	0	1	1	1	0	0	2	0	0	0	0	1	0	0	3	0	0	0	4	0	0	0	0	1	3	2	1	2	2	2	2	4	0	0	0	1	1	0	6	3	3	1	0	1	3	0	3	2	8	1	1	1	3	0	2	3	2	0	1	1	0	4	7	2	0	2	3	0	0	0	0	0	2	0	0	5	1	2	0	0	0	0	1	3	1	6	0	0	0	1	2	6	1	0	0	1	0	1	0	0	1	2	0	6	8	4	2	2	0	2	0	2	0	
0	0	0	0	2	0	0	1	1	8	4	1	1	2	0	5	3	1	0	2	0	0	6	10	0	0	0	0	3	1	6	1	0	2	23	1	5	2	3	1	0	0	1	2	2	7	1	1	5	0	0	1	2	0	0	0	2	2	0	5	1	0	1	0	0	5	0	5	0	0	1	0	1	3	3	0	0	79	0	2	2	0	0	2	10	0	1	0	0	0	0	0	0	1	4	1	0	9	13	16	0	1	38	0	3	4	6	1	1	0	2	0	0	4	0	0	0	0	1	1	0	0	0	1	0	1	0	0	2	0	1	2	0	1	1	0	0	6	3	0	0	0	0	3	1	1	5	0	1	0	4	0	17	2	0	1	2	1	0	1	7	1	3	0	0	4	0	1	0	4	0	0	0	0	2	0	2	5	3	1	2	5	1	5	0	0	0	8	0	0	0	2	1	0	1	1	0	0	1	0	
0	0	2	0	2	0	2	0	9	0	8	0	1	5	1	0	0	2	18	0	0	0	27	4	2	13	0	2	1	0	0	0	0	0	4	3	4	0	5	0	0	1	2	0	3	1	0	1	1	0	0	0	50	7	3	0	1	0	2	0	5	0	1	1	2	1	0	0	1	0	1	0	0	0	0	8	1	6	0	0	2	0	1	0	3	1	0	0	5	0	0	3	0	0	0	5	1	0	2	0	4	2	1	5	1	1	2	2	0	0	0	1	2	0	0	2	3	0	0	2	7	1	3	2	0	0	0	1	23	1	1	0	0	1	0	0	0	0	5	0	0	0	1	2	0	1	0	0	0	0	3	4	0	0	2	1	0	0	1	1	0	1	1	0	1	1	0	0	0	0	0	4	10	1	1	0	1	0	0	0	6	1	5	2	1	0	0	1	0	0	5	0	3	2	0	1	0	2	1	0	
14	3	0	0	0	0	4	0	0	0	0	0	1	2	27	0	4	0	0	1	11	0	3	3	1	0	0	3	0	0	20	0	0	1	0	1	6	4	0	0	1	0	0	0	1	1	1	1	3	0	0	1	1	2	0	1	1	0	32	0	1	0	0	0	0	0	0	1	0	0	7	0	3	2	0	0	0	1	2	0	3	5	0	0	3	0	3	0	1	1	0	1	3	0	0	0	0	0	4	0	0	0	2	1	3	1	0	3	1	0	0	0	3	3	5	0	0	1	0	1	1	2	2	11	0	1	0	0	1	3	6	0	1	0	0	4	1	1	0	0	0	2	1	1	0	1	0	0	1	1	1	1	0	0	0	0	0	1	0	1	0	1	0	5	2	2	0	1	0	0	0	0	0	0	1	8	4	0	3	0	0	1	1	16	2	0	0	1	0	14	3	0	2	0	0	0	0	1	1	0	
16	1	0	1	1	1	5	1	2	7	2	1	2	0	2	0	0	3	2	3	24	0	20	9	0	2	0	2	1	20	0	1	3	2	0	2	0	2	2	0	1	0	2	2	0	0	2	5	0	1	0	1	25	8	34	1	0	3	6	2	0	1	3	5	2	1	3	0	0	0	7	0	1	0	5	0	0	0	0	0	0	0	0	0	0	2	0	2	0	0	45	1	0	11	28	1	0	8	5	0	1	0	1	0	0	1	1	7	0	2	0	1	0	0	0	0	1	0	3	0	2	0	0	0	1	1	12	0	1	0	1	0	0	3	6	3	5	5	1	3	3	3	0	3	1	2	0	0	2	3	2	1	0	1	0	1	0	8	1	0	0	0	2	1	1	0	1	4	1	0	0	0	0	6	3	3	0	1	0	1	1	1	0	0	1	1	0	4	24	0	0	0	6	0	1	0	0	2	1	0	
0	0	6	1	4	0	4	2	1	1	3	0	3	0	0	0	2	0	0	0	1	2	0	0	8	0	7	1	2	1	2	2	7	0	1	1	0	0	1	5	1	0	2	3	5	2	4	1	5	0	0	1	2	7	1	4	0	0	0	1	0	0	2	1	1	1	0	0	3	2	2	0	4	0	4	2	0	0	0	4	0	1	2	0	0	0	0	0	3	1	0	0	1	0	7	1	2	1	38	0	3	9	1	1	5	0	2	1	4	0	3	0	0	1	5	1	0	1	30	1	0	0	2	8	2	0	34	1	0	1	0	1	3	3	0	0	1	3	0	2	0	2	1	1	0	0	0	0	4	1	1	0	1	0	1	1	0	1	9	0	4	0	0	0	0	2	2	4	1	0	2	0	6	0	20	0	1	3	1	2	0	0	0	2	3	3	3	1	0	5	2	1	2	0	0	7	6	0	0	0	
9	2	1	3	0	4	1	0	0	0	7	0	2	1	2	3	1	1	13	0	2	4	0	3	0	0	1	0	1	0	3	0	0	3	0	0	1	2	3	19	1	1	0	1	0	2	0	1	0	0	0	3	0	0	1	2	0	4	0	0	0	14	0	0	0	1	0	2	1	0	1	1	3	2	4	6	0	0	0	2	5	0	0	2	1	0	0	1	0	2	3	0	0	12	2	0	1	3	0	1	0	1	2	2	2	2	0	0	0	0	4	2	2	0	0	2	3	0	0	6	1	0	1	1	0	2	0	6	0	3	2	0	1	1	0	0	0	8	0	1	0	1	2	3	1	3	8	1	0	0	1	0	5	0	1	0	1	0	0	5	1	2	1	1	0	10	3	4	1	0	0	0	13	0	2	0	0	4	1	0	0	5	0	1	3	1	0	1	0	1	15	1	8	4	0	0	4	22	3	2	
0	2	22	0	5	2	1	1	2	0	4	0	0	0	88	3	7	143	2	5	0	0	6	1	0	0	5	1	43	0	0	0	2	0	0	3	2	1	3	0	6	3	0	0	0	0	24	1	1	2	0	0	3	2	1	1	2	1	2	0	5	0	9	13	3	0	0	0	0	0	0	0	0	0	0	0	0	0	5	2	0	4	0	2	1	1	0	0	0	0	1	0	1	5	0	0	0	0	0	0	0	0	1	0	1	0	0	2	1	1	0	0	0	0	0	0	0	0	1	8	1	1	0	5	0	0	0	1	0	5	0	1	0	3	6	0	0	1	3	0	28	5	1	0	3	1	1	0	0	0	0	1	4	4	0	0	2	8	1	2	2	2	8	3	1	4	6	2	0	10	0	0	2	0	0	0	0	0	20	0	7	0	2	1	1	0	1	0	0	0	1	1	1	0	2	0	3	0	27	0	
0	1	0	0	0	1	0	0	1	3	2	1	0	0	0	12	1	1	0	0	1	2	2	0	0	0	0	0	1	0	6	0	1	0	0	0	10	1	0	0	0	0	22	0	0	7	7	0	0	0	6	0	0	0	0	0	1	0	2	3	3	0	7	3	0	0	0	2	35	0	0	3	1	18	22	0	0	0	0	0	7	3	3	0	0	3	0	0	2	2	1	25	0	1	1	0	0	2	2	0	0	37	2	0	0	0	1	1	9	0	0	0	1	1	0	0	0	0	11	1	8	1	0	1	0	0	0	2	4	1	2	1	0	0	2	2	0	0	1	1	0	7	1	0	2	3	1	0	33	2	0	0	0	1	0	0	0	0	0	1	3	0	0	6	0	0	3	0	8	1	2	1	3	1	240	0	25	229	0	0	22	2	1	0	3	2	0	2	1	0	0	0	1	0	0	0	5	0	0	2	
5	0	0	0	1	1	4	0	1	0	0	0	8	3	1	6	2	1	3	0	2	1	0	0	0	0	4	1	0	0	2	1	0	1	5	0	1	0	0	0	2	13	2	2	54	1	1	3	0	1	0	4	1	5	2	1	0	0	2	1	0	0	5	3	1	2	5	1	0	5	2	1	2	1	2	0	0	0	1	0	0	0	4	5	1	0	0	0	1	2	2	3	0	0	5	0	5	1	1	0	0	0	6	0	1	0	0	4	2	1	0	2	3	15	0	1	0	1	1	39	9	8	0	0	0	11	3	1	0	0	2	1	1	0	2	2	1	0	0	2	0	9	4	0	1	4	3	0	1	0	2	6	0	1	5	1	1	0	0	0	1	10	4	0	0	0	0	0	0	0	0	0	0	0	1	0	0	6	1	2	0	0	0	0	1	10	0	3	2	1	0	4	0	0	0	3	0	3	5	0	
0	0	0	2	1	2	0	3	1	0	0	1	3	2	0	4	0	1	35	1	1	0	5	0	0	0	2	1	4	0	3	0	1	1	0	4	5	0	1	0	0	3	0	4	1	0	1	9	0	1	0	0	0	0	0	2	0	5	0	0	0	1	2	0	3	4	0	3	0	2	0	2	2	2	3	2	1	15	1	1	1	0	2	1	1	5	0	1	1	2	2	1	2	2	0	8	4	6	0	1	0	0	1	1	1	1	2	0	6	0	0	0	1	1	19	5	0	1	0	32	1	4	1	2	1	0	1	2	0	0	1	2	4	2	0	1	14	16	12	0	0	0	0	0	0	2	2	3	0	0	4	0	1	0	0	0	2	0	0	0	1	0	0	0	0	1	0	3	0	0	1	0	0	0	0	0	0	0	1	1	0	0	0	3	0	0	2	0	0	1	1	0	0	0	0	0	3	1	24	0	
0	0	0	0	1	1	8	1	0	6	23	0	6	0	0	0	1	7	2	1	4	1	3	0	0	0	1	0	2	1	0	0	2	1	3	4	0	2	0	2	1	0	0	0	2	7	0	3	0	0	0	0	0	2	0	2	9	1	1	3	2	0	0	0	3	0	2	0	0	4	1	4	9	0	1	0	0	3	2	0	3	0	0	10	1	0	4	0	3	0	5	0	2	2	0	0	0	0	0	3	1	10	0	0	0	1	0	1	3	0	0	0	2	1	0	1	9	1	2	0	0	4	1	0	2	1	0	0	2	0	11	5	14	4	7	0	0	1	0	0	0	0	4	1	0	1	0	1	0	0	2	0	0	0	1	2	0	4	0	0	0	1	1	2	0	1	0	0	0	3	1	0	1	1	0	0	2	0	5	0	3	0	4	0	0	4	1	3	1	1	0	1	1	0	0	0	2	0	0	2	
1	1	3	4	0	0	0	0	0	0	5	0	1	3	1	0	0	2	0	1	1	1	27	0	17	3	0	0	0	0	0	2	3	0	6	1	0	0	0	1	0	2	0	1	0	0	2	3	10	1	1	0	3	0	0	0	13	0	1	0	1	7	3	1	1	52	1	0	1	2	0	0	1	0	1	4	7	0	0	5	2	2	3	0	3	0	2	1	3	0	2	3	0	1	1	6	0	0	1	0	4	0	0	1	2	1	1	1	0	1	9	0	7	21	0	3	0	1	0	0	16	0	1	1	4	0	1	1	1	15	0	5	3	0	0	5	4	0	0	0	8	2	0	2	5	1	0	2	1	3	1	1	0	1	4	0	0	3	3	0	2	3	1	1	0	1	0	0	0	0	1	9	1	0	1	1	0	0	13	1	3	2	3	2	0	0	0	6	0	0	0	4	7	0	4	0	15	4	0	10	
0	0	4	5	1	0	2	1	1	0	1	0	0	3	0	1	0	2	0	3	1	4	1	0	3	10	1	4	0	1	0	2	1	1	0	0	1	2	1	1	0	2	8	1	0	10	8	1	22	0	0	0	0	0	0	0	18	1	0	2	0	56	3	1	0	7	0	1	0	4	1	0	0	0	44	2	0	2	0	136	0	1	0	3	3	0	13	0	3	0	0	1	0	8	0	2	1	2	3	4	1	0	0	0	2	0	0	2	3	1	1	0	1	0	0	0	0	5	0	1	1	0	4	2	0	0	0	1	1	2	0	1	0	0	2	3	0	1	0	0	0	3	0	0	1	3	0	0	5	1	4	7	0	0	0	0	2	0	0	0	3	2	1	5	0	0	1	3	2	0	1	1	0	2	0	1	0	3	0	3	1	2	0	0	0	4	5	0	6	2	0	6	0	0	0	1	1	0	0	0	
1	1	1	0	0	0	0	13	6	5	1	0	1	0	3	0	5	6	8	0	2	2	0	1	1	0	1	1	5	3	0	0	16	2	0	0	2	2	3	18	0	1	0	0	1	1	0	0	0	0	1	0	0	3	4	0	0	0	1	4	2	2	0	0	0	2	2	0	2	0	4	1	1	7	1	0	1	1	0	2	0	3	2	1	0	3	1	1	3	2	1	0	1	0	2	0	0	1	2	7	7	0	0	0	4	3	2	1	0	1	0	1	1	1	0	0	1	1	0	4	0	0	1	2	2	18	0	1	1	0	5	1	0	3	0	1	0	5	0	0	15	6	4	1	6	0	1	0	1	3	1	0	6	1	0	0	1	0	2	0	0	0	0	2	1	13	2	5	0	2	10	0	0	1	0	0	1	0	2	1	1	3	1	0	2	2	0	0	1	2	3	0	3	0	1	8	0	0	2	1	
1	1	0	0	4	1	6	4	0	7	3	1	0	0	3	0	3	0	0	0	3	0	0	0	0	0	0	3	1	1	4	0	1	1	2	3	0	0	0	0	2	2	0	0	4	4	6	1	1	7	1	0	3	0	0	4	0	1	0	1	0	1	0	1	0	1	0	1	2	1	1	2	0	2	0	0	1	0	3	0	0	2	2	2	3	0	2	1	0	0	3	0	2	2	1	4	0	9	0	3	3	0	2	9	1	2	1	1	1	0	3	0	0	0	0	12	0	2	0	2	1	4	1	0	0	1	0	1	0	3	3	5	2	1	1	1	1	3	0	8	0	1	0	1	0	10	1	2	0	2	0	0	1	2	1	4	0	0	2	0	2	0	1	0	0	3	2	1	0	0	1	41	1	12	0	0	0	10	0	0	0	0	2	6	0	0	0	10	0	0	1	1	3	0	1	3	5	0	0	1	
0	3	2	3	0	0	3	2	1	1	17	0	3	0	4	3	1	2	2	0	0	0	24	3	1	1	0	0	10	1	4	3	0	1	0	0	0	1	1	0	3	0	2	0	1	0	3	0	0	1	3	1	0	0	7	0	0	1	0	5	1	0	0	1	4	0	0	0	3	0	0	0	1	3	0	0	8	1	2	2	0	10	0	0	9	0	0	1	1	0	0	0	0	1	0	0	0	1	2	0	2	0	0	1	0	0	1	3	1	2	4	3	12	0	13	0	0	1	0	6	2	1	1	0	0	1	1	2	0	1	1	1	0	6	1	2	6	0	5	2	0	11	0	0	3	0	0	0	3	1	0	3	0	1	0	2	0	0	0	0	0	5	0	12	4	0	1	1	5	1	0	1	1	0	2	1	0	1	0	0	2	0	1	2	1	2	1	0	0	0	0	0	0	0	0	2	0	0	4	0	
0	6	6	4	22	1	0	0	2	1	2	1	0	0	0	3	6	1	6	0	0	0	0	0	1	5	0	4	0	0	2	0	0	0	0	0	0	1	3	1	1	1	1	1	0	0	1	0	0	0	3	1	0	33	0	1	0	2	6	2	1	3	5	0	0	0	2	0	0	0	1	3	0	8	5	1	3	3	0	0	1	0	1	0	1	1	0	3	6	8	2	0	0	0	1	0	0	0	0	3	2	0	0	1	0	0	0	0	0	2	2	0	0	0	2	1	0	0	0	0	1	0	4	0	4	10	3	0	0	3	0	3	0	15	1	2	7	3	3	0	0	2	0	1	0	11	1	0	1	2	0	1	2	0	2	9	9	1	1	0	2	6	2	0	1	0	0	1	5	1	0	2	12	0	1	0	2	2	9	2	5	2	3	0	6	0	0	0	0	0	0	32	7	5	0	5	0	0	1	1	
14	12	0	0	1	0	0	5	3	1	3	3	0	1	1	0	2	21	3	4	9	3	1	0	0	5	2	1	1	1	3	0	0	0	0	0	0	0	1	2	18	3	2	2	0	5	6	0	2	6	0	0	4	0	0	1	6	6	2	1	5	0	2	0	0	0	0	0	2	3	0	1	6	1	1	2	5	2	0	2	5	2	1	6	1	3	1	1	0	1	2	0	0	1	0	0	1	0	2	1	0	1	0	1	0	0	2	0	0	2	1	11	2	2	0	23	0	0	26	0	0	2	1	1	1	0	2	0	1	1	0	1	4	1	0	3	0	1	1	0	0	1	0	0	2	2	1	2	2	3	5	1	0	0	0	0	13	1	4	4	15	0	1	0	4	9	1	0	0	0	0	0	1	0	1	1	0	1	0	1	2	1	0	1	1	0	1	3	1	0	0	0	0	4	0	0	0	2	2	1	
2	4	2	1	2	2	0	0	0	1	24	0	0	26	1	1	3	3	1	0	0	0	0	0	1	2	0	2	0	0	1	4	0	1	1	1	15	0	1	0	1	1	0	22	0	0	0	2	1	0	0	0	4	0	0	1	3	1	0	7	1	0	1	3	2	0	0	1	5	0	0	0	3	8	1	1	0	1	2	2	0	0	0	0	1	0	3	1	0	3	3	0	0	0	1	1	0	2	1	1	7	1	2	0	1	1	0	1	0	1	0	1	19	2	0	0	0	2	1	1	0	2	3	3	0	0	10	0	0	1	0	0	2	1	0	1	0	0	2	0	0	1	3	0	3	1	0	31	5	1	0	8	1	0	0	0	0	1	0	2	0	0	0	1	0	0	0	0	0	0	0	0	2	0	3	0	5	1	0	0	0	0	0	4	15	0	1	2	0	1	19	0	1	0	1	0	0	1	0	2	
27	1	4	2	0	0	5	0	2	24	2	3	0	3	3	0	5	0	4	0	4	0	11	11	2	0	1	7	0	0	1	2	0	0	0	2	0	1	0	1	0	1	1	3	4	6	0	0	0	2	1	0	2	2	0	4	1	0	0	1	3	0	1	1	3	1	0	2	2	3	11	0	1	3	0	4	0	0	0	0	1	0	1	0	1	2	0	1	0	2	0	2	1	1	1	3	1	0	1	0	2	1	11	0	0	0	0	0	0	0	2	8	0	1	1	0	3	1	1	8	2	3	11	0	0	1	0	2	2	37	1	3	1	0	0	3	3	0	0	7	7	1	0	0	0	1	2	1	2	0	7	0	1	0	0	1	1	0	8	2	0	0	1	1	0	1	3	0	3	0	4	3	0	1	1	0	0	0	0	5	0	2	0	6	3	5	0	5	0	3	0	41	7	2	0	2	0	0	2	0	
0	12	4	1	0	2	4	1	2	1	0	3	0	5	3	10	0	2	1	3	0	4	0	47	9	2	1	8	0	0	0	0	12	0	4	0	2	6	0	0	0	5	0	5	4	6	5	33	2	6	1	4	1	0	2	0	0	0	1	0	6	2	6	4	1	3	0	0	1	0	0	2	0	2	1	1	0	1	6	0	0	1	0	0	4	0	1	0	1	1	2	3	7	0	5	4	3	0	0	0	1	0	0	3	0	1	3	4	0	0	0	36	2	0	2	1	2	2	0	2	3	0	2	8	0	0	6	0	2	0	3	0	1	0	0	0	0	0	0	0	0	0	0	0	0	7	5	0	3	3	0	0	1	1	0	1	0	19	1	0	0	0	0	1	0	0	0	2	5	1	0	2	0	2	2	0	0	0	0	2	0	2	0	1	0	2	1	0	2	2	1	0	3	1	0	2	0	0	2	1	
0	7	1	4	0	0	2	0	1	3	0	3	0	0	0	1	1	1	3	0	0	0	0	0	2	0	0	1	1	0	0	1	0	0	1	8	0	18	2	0	0	0	2	1	2	0	0	0	0	3	3	0	0	4	6	3	2	1	5	0	0	3	0	1	0	0	0	1	0	0	1	2	2	0	3	1	0	0	5	2	3	5	0	33	1	0	1	0	5	0	0	2	0	2	8	0	0	5	1	0	5	2	0	4	0	0	2	1	6	4	2	1	1	9	1	0	1	3	11	0	1	1	0	4	2	7	0	0	0	1	0	0	3	0	0	1	0	1	0	0	1	0	1	2	1	1	3	3	3	2	2	0	14	0	1	2	1	2	2	4	0	0	2	0	1	2	1	8	1	0	2	0	0	4	0	0	0	0	2	0	1	0	2	0	0	0	0	2	0	0	0	0	1	1	4	0	2	7	6	4	
7	5	0	1	0	0	0	0	0	3	0	1	20	0	1	3	0	12	0	0	0	2	3	1	0	0	1	4	1	1	0	3	14	5	1	1	0	2	1	0	0	5	25	0	0	3	0	0	3	0	2	1	22	3	2	2	1	1	0	0	0	2	2	0	0	0	3	4	4	3	6	1	0	0	0	0	1	9	1	0	2	0	0	1	1	0	0	2	0	0	3	0	1	0	1	0	0	0	0	1	2	1	1	8	0	0	0	2	1	3	0	13	0	0	0	0	0	0	2	4	1	2	2	3	2	0	4	5	0	0	0	2	0	0	1	2	0	2	0	0	0	14	0	1	1	4	0	3	1	1	2	1	0	0	2	3	1	3	0	0	5	0	0	0	3	1	2	6	0	1	2	0	2	0	3	0	0	0	0	0	0	0	6	0	1	0	1	3	2	0	1	0	0	1	1	12	0	16	8	0	
0	0	2	13	1	1	3	7	2	0	1	0	0	0	0	10	3	1	1	1	1	2	4	1	0	1	0	1	3	0	3	2	0	1	0	1	1	0	3	0	8	0	1	0	0	0	2	0	4	1	1	4	3	3	2	6	0	1	0	1	4	1	2	3	9	1	0	0	2	5	0	0	0	0	0	1	1	0	0	0	0	2	1	0	0	0	2	0	0	0	0	0	0	0	0	0	5	0	0	1	1	0	1	0	14	0	0	0	1	0	1	3	1	1	0	0	3	3	0	0	0	1	2	2	0	0	0	1	2	0	4	5	24	0	0	3	0	3	0	1	0	5	0	0	1	1	0	1	0	16	0	2	2	2	3	2	1	0	0	1	1	0	0	9	0	0	0	0	1	1	1	3	0	0	0	0	2	2	1	3	2	3	0	0	28	2	1	0	4	0	1	0	1	5	1	3	1	0	0	0	
2	0	2	0	0	1	1	0	0	2	1	0	1	1	0	10	0	0	0	1	0	0	1	2	6	500	2	0	2	0	1	1	0	0	2	5	2	2	15	3	0	0	0	0	0	1	2	0	0	0	1	0	1	0	2	3	0	3	2	1	2	1	0	0	1	0	2	2	0	1	0	2	1	0	1	0	10	5	2	0	0	2	4	0	1	2	1	1	0	5	0	1	0	0	0	0	3	3	0	0	0	0	1	1	0	1	0	3	0	4	2	2	2	1	0	0	4	3	0	0	0	1	0	0	1	0	0	2	1	0	0	0	2	3	0	2	0	1	0	1	0	0	0	0	0	3	0	0	1	0	0	0	0	1	4	0	2	0	1	0	1	3	1	0	0	0	0	0	0	0	2	1	0	1	4	0	2	0	0	0	0	0	0	1	5	0	0	0	3	0	0	0	3	0	0	3	6	58	0	0	
1	0	3	1	9	0	1	1	3	2	1	1	43	2	2	1	4	2	1	1	1	2	3	1	1	7	2	2	0	0	5	1	35	2	0	2	0	2	5	0	1	1	2	0	0	0	1	2	0	1	0	1	3	6	1	1	1	0	0	0	6	2	0	1	1	2	0	2	0	0	0	2	0	7	0	4	4	2	1	0	0	0	1	0	3	2	0	3	1	1	0	4	0	1	31	3	0	3	0	3	1	1	9	3	0	0	1	0	2	2	1	0	0	2	0	32	5	2	0	22	0	0	2	0	0	1	3	0	2	1	1	2	0	2	0	0	1	3	1	4	0	15	1	1	3	0	0	1	0	2	0	0	0	0	4	0	8	1	0	0	0	1	1	0	0	0	0	2	2	0	3	96	0	1	0	3	0	26	5	0	1	0	36	3	2	0	0	4	0	12	3	1	12	115	4	0	0	4	4	1	
0	4	0	0	17	10	6	0	5	0	3	3	0	13	0	3	130	2	9	0	6	0	0	0	0	3	2	0	2	0	25	3	4	0	0	0	0	6	5	2	0	1	2	0	1	0	0	1	2	2	0	0	1	3	1	0	0	1	1	1	0	1	0	1	1	0	1	7	2	6	3	2	1	9	0	1	23	1	0	41	2	3	3	0	0	0	0	0	0	2	0	1	1	1	3	0	1	1	0	0	1	22	0	3	0	0	0	12	1	2	1	2	2	0	0	2	2	0	1	2	1	2	0	1	3	1	0	3	0	0	3	1	1	1	0	1	3	0	0	1	0	0	3	4	0	1	1	8	0	0	0	2	0	0	0	0	0	0	1	1	1	0	0	0	0	11	0	4	0	1	0	2	0	1	0	0	0	3	48	0	2	0	0	3	0	0	4	2	0	3	0	0	1	2	0	1	0	1	0	1	
1	0	1	0	3	3	0	1	0	1	13	4	0	0	0	0	0	0	9	1	0	2	2	0	0	1	0	0	0	1	0	7	3	2	0	13	0	0	1	0	0	1	0	3	0	1	0	1	2	0	5	0	2	0	0	0	5	3	0	2	1	4	2	3	5	1	3	2	2	2	2	3	3	2	0	4	1	0	0	2	0	2	3	2	1	4	0	0	3	0	2	0	0	1	0	2	1	4	0	0	1	0	23	15	0	0	4	1	0	2	0	0	0	1	3	3	2	1	3	5	5	4	0	0	1	1	3	1	8	1	1	0	1	0	0	0	1	0	0	0	2	10	0	0	1	0	3	0	0	0	0	0	0	1	0	3	4	0	0	0	0	0	0	0	0	1	0	3	2	5	0	0	2	0	11	0	0	2	1	12	2	0	1	0	0	2	1	0	0	2	0	4	3	1	5	0	0	0	1	0	
1	1	4	1	1	2	0	0	4	0	5	0	3	0	1	0	0	11	0	0	1	11	0	0	1	7	3	1	0	8	9	2	0	1	39	7	0	0	0	1	2	0	0	0	4	0	0	1	0	18	0	34	0	0	8	0	0	0	0	9	1	3	0	49	5	1	1	0	0	5	2	28	1	0	13	1	0	2	0	1	1	1	0	1	1	3	0	0	0	0	1	0	0	3	33	0	3	1	9	2	7	1	0	0	11	15	0	0	0	0	10	0	0	1	0	1	0	3	1	1	0	0	0	0	2	19	1	8	1	0	1	0	0	1	0	2	15	5	1	1	1	1	1	1	10	1	1	0	1	0	1	2	3	2	3	0	0	0	2	0	3	1	0	3	1	0	3	3	4	1	0	4	0	0	6	3	2	9	0	23	2	3	0	6	2	1	0	0	1	3	2	1	5	0	4	23	1	0	4	102	
2	6	1	13	0	0	2	0	2	1	0	0	15	31	18	0	1	0	5	3	0	2	0	2	0	2	1	11	9	0	5	1	1	0	1	0	0	0	0	2	2	0	0	0	2	0	0	4	3	4	1	0	1	0	0	2	7	5	0	1	0	0	1	2	0	0	1	1	0	3	1	4	0	0	3	1	1	2	12	0	0	0	1	0	0	4	6	1	5	1	0	0	1	3	0	6	0	0	0	2	0	0	5	0	0	2	3	3	2	1	0	1	2	16	8	0	0	1	2	2	0	1	2	0	1	3	0	0	5	0	1	0	2	1	0	0	1	0	3	0	0	21	1	1	2	2	0	5	2	0	0	0	0	0	0	2	2	0	1	15	0	0	0	1	2	0	4	0	0	0	0	0	0	7	0	0	3	0	1	0	0	2	6	0	1	0	3	2	0	2	1	2	16	0	0	1	8	0	0	12	
5	0	1	0	0	2	0	7	0	1	2	6	0	3	3	0	0	0	0	1	1	0	2	4	0	0	0	1	0	0	1	2	0	0	0	0	0	5	1	1	5	2	0	0	4	3	1	2	3	5	0	0	0	5	0	1	0	0	2	2	0	4	0	1	4	2	0	3	0	0	2	7	4	1	0	0	0	4	0	40	0	2	1	0	0	5	4	0	4	1	0	1	0	3	0	1	1	9	3	4	0	1	2	0	6	1	0	0	0	0	0	2	0	0	3	1	0	4	13	0	0	0	0	2	0	2	0	2	0	0	1	1	0	0	14	0	1	3	1	7	9	0	0	0	0	0	0	1	0	1	0	0	6	0	0	2	0	11	1	0	2	5	1	3	1	0	0	1	0	1	2	0	0	0	0	2	0	0	1	23	1	0	2	0	0	0	1	5	0	1	1	10	3	1	0	0	2	4	0	5	
1	4	0	5	4	10	4	5	1	0	1	0	0	2	0	0	0	35	6	28	7	1	1	0	0	1	0	1	3	3	6	1	5	1	0	0	1	3	3	58	0	0	0	1	0	0	0	1	0	48	0	2	0	4	0	10	3	2	1	4	2	1	1	1	0	0	0	1	2	8	0	0	1	1	1	0	0	0	0	1	0	1	1	4	0	0	5	0	4	0	1	0	20	4	2	5	2	1	0	1	11	2	0	2	0	0	0	1	0	0	2	10	0	0	0	1	1	6	0	0	2	5	1	0	3	0	0	0	1	0	0	0	0	0	1	0	1	0	0	0	1	4	0	0	0	0	0	1	0	0	0	0	0	0	4	0	0	0	0	1	0	1	0	0	0	11	4	4	2	0	3	0	1	17	20	4	0	1	0	0	0	7	0	0	0	0	0	0	4	4	8	0	6	3	1	1	1	0	9	2	
3	0	3	0	3	0	3	0	5	0	1	6	6	3	1	0	3	0	0	0	1	4	1	7	1	0	1	2	0	1	4	4	3	2	20	0	10	2	0	0	1	1	0	0	0	2	3	0	1	4	0	0	0	9	4	1	6	16	4	2	2	0	3	3	2	0	0	1	7	3	0	0	2	10	25	0	1	1	0	0	0	4	2	0	1	0	0	0	1	0	0	0	0	2	1	0	9	2	0	20	9	0	0	3	0	0	3	1	2	1	1	0	4	2	7	0	10	0	0	1	0	0	0	0	2	0	2	1	0	0	0	1	0	2	3	9	0	5	0	4	0	3	1	0	0	0	1	0	1	0	15	1	0	1	0	1	0	15	1	3	4	1	3	4	1	1	2	2	1	0	0	0	2	0	0	0	1	0	0	0	2	0	0	0	2	1	6	0	3	6	3	4	3	0	2	0	1	0	0	3	
0	1	9	2	3	0	3	2	3	0	0	0	1	0	19	1	0	1	1	0	5	0	13	1	5	0	0	1	2	11	0	1	4	1	2	0	1	3	0	0	3	0	0	1	1	2	0	3	2	1	5	1	2	1	7	0	0	0	2	1	1	1	2	0	1	2	1	0	0	10	8	1	1	3	1	5	0	33	1	1	0	3	0	2	1	18	1	0	3	0	1	8	1	3	0	0	0	0	2	2	0	0	0	1	1	0	4	5	1	1	4	2	0	2	1	22	2	0	17	4	0	1	1	1	0	3	0	2	1	0	0	2	20	2	0	0	0	0	1	1	0	0	2	10	1	0	1	1	0	0	1	2	1	3	2	0	1	1	0	1	0	0	0	4	1	0	0	0	8	0	0	20	0	1	6	0	19	2	2	3	0	0	0	0	3	0	5	1	1	7	1	2	3	1	3	0	0	22	0	0	
3	2	0	14	19	0	0	2	2	0	2	20	2	0	0	0	0	0	0	6	0	5	0	0	0	0	2	0	0	1	1	0	0	2	0	0	0	5	0	2	1	1	3	2	0	2	2	1	3	3	1	0	11	0	0	0	1	0	0	0	2	2	2	1	0	4	1	11	0	0	1	2	4	2	0	2	0	1	0	0	1	2	0	1	0	2	2	2	0	2	1	0	0	0	0	3	4	1	0	0	0	1	1	1	1	1	2	0	0	4	10	1	0	1	0	1	2	0	0	0	0	1	0	0	0	2	0	3	1	0	0	0	0	4	0	0	0	2	0	0	2	1	3	1	0	0	1	0	1	1	2	1	1	0	2	0	1	4	7	1	0	0	1	0	0	5	1	0	1	3	0	0	1	1	0	2	2	2	0	1	0	0	0	4	0	17	3	0	0	0	1	6	0	3	1	0	4	1	0	3	
5	0	22	0	3	0	0	4	0	1	0	0	1	3	2	7	0	2	0	0	1	1	1	3	0	0	0	0	1	0	0	1	0	1	4	4	1	1	0	58	0	0	0	3	0	1	0	1	0	0	0	2	3	0	0	1	0	0	0	0	33	0	0	0	0	2	0	4	0	1	5	1	3	2	0	1	0	0	1	0	0	0	1	0	0	0	13	0	2	0	2	4	0	1	0	0	6	0	0	3	2	1	0	0	0	4	13	0	2	0	5	2	2	2	4	0	0	1	1	7	7	0	1	0	12	0	1	1	0	0	2	1	0	1	2	3	0	8	0	71	1	254	2	0	1	6	0	2	0	2	0	0	1	0	1	0	1	1	1	3	0	0	1	0	4	0	3	1	33	0	0	0	0	1	1	0	1	0	0	5	1	1	2	0	0	20	0	0	0	0	2	5	0	1	1	3	0	0	0	0	
1	0	1	5	0	3	1	2	5	0	3	0	1	0	1	1	2	1	0	0	2	2	1	0	0	1	2	0	3	2	3	1	0	0	0	0	1	2	0	0	0	0	0	0	1	2	0	0	0	0	3	0	0	1	1	9	0	0	1	2	0	5	0	3	1	0	0	0	1	0	2	1	1	1	3	1	1	0	0	3	0	5	0	3	0	0	0	0	0	4	1	0	1	1	3	10	1	13	1	0	33	2	0	0	0	0	0	1	0	1	2	0	0	0	0	0	3	0	0	0	0	0	2	0	0	0	1	0	1	3	4	0	0	2	0	1	0	11	0	0	1	17	2	1	0	4	0	5	1	0	3	0	0	1	1	1	0	0	2	0	1	1	4	1	1	0	1	2	0	1	1	0	0	0	10	3	0	2	2	0	1	0	1	2	7	0	0	1	6	1	1	5	2	22	0	0	1	1	0	2	
0	2	0	0	0	1	1	2	2	9	9	0	1	1	1	4	1	3	4	0	0	1	5	2	0	0	5	5	0	5	0	6	0	6	0	0	5	0	1	0	0	2	1	5	263	1	0	0	0	0	0	9	0	0	0	0	0	8	9	2	0	0	0	0	0	3	1	0	28	6	1	0	1	0	1	3	2	6	0	7	1	3	0	0	1	0	0	0	1	1	1	2	0	1	0	1	2	0	0	2	1	0	0	0	2	0	1	6	16	0	4	1	0	0	0	0	0	0	2	0	0	0	2	0	2	0	0	0	0	0	2	0	1	1	0	0	2	8	7	0	2	1	0	1	0	3	1	6	1	4	0	0	20	2	0	5	3	7	1	1	1	1	0	2	2	1	2	0	1	0	1	2	0	0	0	23	0	0	1	1	2	1	7	0	4	9	4	3	30	0	4	1	1	1	2	4	0	0	4	2	
13	4	1	0	0	2	0	0	2	2	2	1	2	2	0	1	11	0	1	2	0	0	0	0	3	2	0	0	0	2	0	4	0	0	0	0	2	2	1	0	4	0	0	35	0	0	0	0	2	0	0	0	1	0	0	0	6	0	2	0	2	0	0	2	1	2	3	0	0	1	0	0	2	0	0	0	1	1	2	1	0	0	13	0	3	1	8	0	1	1	2	2	2	1	2	2	1	2	1	2	3	1	0	0	0	5	0	5	3	2	0	0	4	1	1	0	0	1	0	0	2	0	0	0	1	0	0	1	2	2	3	0	1	0	0	0	1	0	3	2	4	3	0	1	1	0	1	4	3	0	0	0	2	0	7	1	0	0	0	0	2	0	1	0	0	33	14	0	0	0	1	0	4	1	0	6	0	0	2	0	3	1	1	24	39	0	1	0	6	2	1	0	2	8	0	2	0	1	0	0	
3	0	3	1	1	1	0	0	4	0	2	0	0	2	1	2	3	0	37	1	0	3	3	1	1	5	4	0	1	0	0	0	6	1	1	1	3	0	2	5	4	1	0	0	18	1	3	2	2	1	1	1	2	2	1	3	1	0	0	13	2	0	1	0	7	0	1	2	1	0	0	0	1	0	9	0	1	0	0	0	0	0	2	0	0	0	0	14	0	4	2	2	0	2	5	1	0	2	0	4	6	2	4	1	1	1	1	1	0	0	0	2	0	2	1	0	3	39	0	0	0	0	0	0	1	4	1	0	10	6	0	2	0	0	1	0	1	0	0	0	5	0	6	0	1	1	1	1	11	3	0	2	3	2	2	0	1	3	0	0	0	0	0	0	4	0	32	5	1	0	2	0	0	5	0	2	2	9	0	0	3	6	6	1	0	1	0	3	1	0	9	1	3	1	2	3	1	1	0	29	
3	4	1	6	1	0	2	0	0	2	3	0	0	0	1	1	2	0	0	0	0	1	0	2	3	0	0	0	5	2	0	0	4	1	0	0	7	0	5	0	0	2	3	6	0	0	2	1	0	0	3	0	1	3	0	0	0	1	0	0	3	3	9	2	1	0	0	2	0	1	1	0	2	0	0	0	0	3	3	0	2	8	2	0	2	0	2	0	1	1	1	0	2	0	0	0	8	0	3	7	0	1	2	0	3	14	0	1	1	1	0	0	0	0	0	0	1	0	0	0	0	0	3	4	0	0	1	3	18	0	1	0	3	6	1	3	0	1	4	0	0	0	0	0	1	0	8	6	2	0	0	0	1	1	0	1	2	2	0	0	0	0	0	0	0	4	1	2	0	4	0	20	0	0	0	2	16	2	0	23	2	1	149	0	0	0	0	2	0	2	1	0	3	0	1	0	0	1	0	1	
1	1	3	0	0	4	3	0	0	7	0	0	0	0	0	0	0	1	1	3	0	0	1	2	0	2	0	0	0	3	0	1	0	0	0	0	2	3	20	0	6	87	1	0	0	1	2	0	2	6	1	0	0	1	0	4	0	0	0	0	29	0	4	0	4	1	5	0	3	4	0	7	0	0	2	1	0	6	0	0	1	13	1	0	4	0	38	2	0	0	2	2	8	3	1	4	0	5	0	0	0	0	1	0	0	1	0	5	0	0	1	3	0	0	0	0	0	2	1	1	1	1	1	0	0	0	0	0	0	1	0	1	0	0	2	0	0	0	1	0	0	1	0	1	0	0	0	0	1	0	1	3	0	3	0	0	6	0	1	1	1	3	36	0	3	0	9	2	0	2	0	9	3	0	1	0	1	2	5	7	1	16	0	0	0	4	13	1	2	0	1	0	0	1	0	0	2	0	2	6	
2	0	0	0	0	2	1	1	0	2	0	1	1	2	2	3	9	0	0	1	0	0	1	3	1	2	0	17	0	0	0	1	1	0	2	1	2	1	0	1	0	46	6	4	0	0	0	0	7	6	2	0	2	0	0	0	0	6	0	0	2	2	1	2	1	0	3	0	2	0	1	0	1	0	1	0	0	0	7	0	34	0	0	1	0	0	0	6	0	0	0	2	6	0	0	2	0	0	0	0	0	0	1	3	0	3	0	0	0	1	2	15	2	1	0	1	0	1	6	1	0	0	0	0	0	1	2	0	0	1	1	2	3	1	0	0	2	7	0	27	6	1	0	2	1	0	4	0	0	2	3	0	5	2	0	1	2	0	1	0	8	0	2	1	1	1	1	0	2	0	2	0	1	1	0	28	2	1	2	8	0	2	1	5	6	0	1	1	1	2	0	0	2	1	1	1	1	2	1	0	
1	1	1	1	2	6	0	1	3	0	0	1	2	0	1	1	9	1	0	0	2	0	0	0	1	4	0	0	1	0	4	0	0	0	3	1	5	4	2	1	0	10	0	0	2	8	6	0	2	3	0	7	0	0	1	2	1	1	15	1	1	0	1	2	0	1	1	0	0	4	0	0	0	1	0	3	0	2	2	0	0	0	21	6	1	3	22	0	0	6	0	0	0	0	2	2	2	0	4	1	0	1	2	1	7	0	0	1	1	4	0	0	2	1	0	1	1	1	0	14	0	1	1	0	1	0	1	1	2	3	3	0	3	0	0	0	8	3	0	2	1	30	2	1	1	10	1	0	0	5	4	2	3	0	0	0	1	20	0	3	7	0	0	0	5	1	7	1	1	0	3	0	0	3	2	16	11	4	1	3	2	0	0	12	1	2	0	1	4	0	10	1	0	0	2	1	2	0	0	3	
0	1	3	2	0	1	2	2	2	1	0	1	1	6	2	1	0	0	4	1	5	1	0	2	1	0	1	0	2	0	0	4	0	1	0	0	0	2	1	0	0	2	0	36	1	0	6	0	0	7	0	0	6	5	0	2	1	0	1	2	3	1	1	1	0	0	5	2	0	4	0	1	0	0	4	3	2	1	0	2	3	1	0	5	0	5	4	0	1	3	1	0	1	0	0	0	0	1	2	0	0	2	0	1	0	22	3	0	0	2	1	0	2	0	0	13	0	1	0	4	1	1	19	4	0	0	1	1	2	3	3	0	1	1	0	1	0	1	0	1	24	0	2	9	1	0	1	0	0	0	0	0	0	0	0	0	2	0	0	1	0	0	0	0	3	4	0	1	0	0	0	0	1	5	1	0	0	20	0	0	1	0	2	1	0	6	0	2	6	0	0	0	0	2	4	0	0	0	2	0	
0	1	2	1	0	0	0	0	1	2	0	0	1	1	0	0	0	0	0	1	0	0	0	0	2	2	0	0	2	3	0	0	0	2	0	1	1	1	2	1	0	2	2	1	1	1	0	2	3	1	0	2	1	3	0	2	0	2	0	0	0	0	0	0	0	1	0	2	0	0	4	0	0	6	0	4	2	5	0	2	5	2	0	10	1	27	2	3	4	0	2	0	0	0	6	0	1	1	0	4	0	0	2	0	2	0	0	0	1	4	2	0	0	0	0	1	0	2	1	1	2	0	0	0	0	2	2	0	9	0	0	8	0	2	0	0	0	8	2	3	4	3	0	1	0	0	1	1	0	1	0	0	0	2	2	0	2	7	1	0	1	2	16	0	0	0	0	0	1	2	0	1	2	0	11	1	0	8	0	3	0	0	0	1	3	0	18	5	0	0	0	2	0	9	2	3	4	2	17	1	
0	0	0	0	3	2	2	0	4	4	4	3	0	0	1	24	0	3	3	0	1	1	0	1	3	3	1	3	1	58	0	0	2	83	0	1	0	0	0	21	1	2	1	8	1	4	3	0	0	2	1	1	5	0	10	1	1	3	15	24	0	1	0	0	5	0	2	3	1	0	0	2	0	0	4	1	1	10	1	0	0	1	0	3	2	0	0	2	0	1	1	0	3	1	5	4	16	1	1	1	1	0	2	0	1	4	0	2	0	6	1	0	1	3	7	3	0	0	8	4	1	4	6	0	0	0	0	1	0	1	3	1	0	8	0	1	0	1	0	2	0	4	0	0	1	0	0	2	0	1	0	2	2	0	0	0	30	0	43	0	1	1	0	2	0	1	1	0	1	3	1	2	0	0	2	2	1	0	0	0	3	2	0	0	0	2	0	4	0	0	1	3	0	0	8	0	1	1	63	0	
4	1	6	1	1	0	0	0	0	2	0	6	0	0	6	1	0	0	3	3	0	2	0	0	1	6	1	2	0	0	63	2	0	0	0	0	0	0	1	3	0	0	6	0	1	1	0	0	3	0	34	0	4	1	2	2	0	6	1	1	1	0	0	0	0	0	0	5	6	2	0	0	0	0	1	0	2	2	4	1	0	0	0	1	0	11	16	1	0	0	4	0	4	1	1	9	0	0	5	0	1	1	0	1	0	5	3	1	2	0	4	2	2	1	1	2	0	4	1	2	11	1	0	0	16	0	1	1	0	0	1	1	2	2	0	0	0	0	0	0	1	0	0	0	1	0	6	1	4	1	1	5	0	0	2	0	0	1	6	0	6	0	1	0	0	0	117	0	6	7	4	23	0	3	0	1	13	0	3	1	3	0	1	1	0	0	0	12	2	0	1	7	4	0	0	3	2	199	6	0	
5	1	2	0	0	1	11	0	1	2	0	4	4	0	0	0	0	0	0	0	2	0	0	0	0	0	1	3	0	2	1	2	0	0	1	0	1	1	3	7	0	0	0	0	4	0	1	1	42	1	1	0	0	0	0	0	3	1	1	5	3	1	0	1	3	0	0	0	1	2	3	1	1	0	4	0	2	1	1	0	0	1	1	0	0	1	0	35	2	2	1	0	0	2	0	1	2	6	1	2	1	0	10	9	0	1	0	5	0	2	2	0	0	0	0	0	0	6	0	0	1	3	0	0	13	2	16	0	16	0	0	0	0	22	1	0	0	0	0	0	0	0	3	3	1	10	0	11	1	0	0	0	0	0	0	0	1	0	4	17	0	2	2	1	4	0	2	0	0	6	0	2	0	3	0	3	2	4	23	11	0	0	0	1	2	3	0	8	2	0	0	0	0	2	12	1	0	0	0	1	
0	2	0	1	0	2	0	0	0	4	58	1	2	0	0	2	1	0	5	2	0	0	1	0	2	2	1	55	0	0	2	0	1	1	3	0	0	0	0	1	1	0	0	6	0	2	0	0	2	0	2	0	0	6	1	0	0	3	3	2	1	1	0	3	0	0	41	4	0	4	0	14	0	22	21	0	1	2	4	0	0	3	0	33	0	1	0	3	0	0	2	1	3	0	0	2	3	0	0	1	0	28	9	1	0	1	1	0	1	1	0	0	0	0	1	3	0	3	3	1	1	1	22	1	1	0	1	0	0	0	0	1	0	1	23	0	1	0	3	2	0	5	1	0	1	0	0	1	0	3	1	2	0	1	1	2	5	0	0	0	1	2	1	0	0	1	1	0	2	0	1	0	0	0	4	0	0	0	3	0	0	0	0	0	0	0	0	1	8	0	0	6	1	0	4	6	4	0	2	0	
4	1	0	0	0	0	0	2	0	0	0	2	38	4	0	0	5	1	8	1	4	4	1	1	2	3	0	1	0	0	0	0	3	1	3	2	1	0	2	1	1	0	1	0	0	0	1	0	0	2	2	1	0	0	4	0	0	0	0	0	2	2	2	1	0	2	0	0	3	2	0	0	1	1	0	1	1	1	0	0	1	2	1	0	1	4	2	1	4	0	1	0	0	1	2	0	0	2	2	0	18	0	0	1	0	6	0	0	0	0	3	0	0	0	0	1	2	0	0	0	10	0	0	3	0	9	0	2	0	1	0	0	4	0	0	0	0	1	0	4	1	0	3	0	3	0	2	0	0	0	4	0	1	1	0	1	3	0	1	0	0	7	0	0	1	1	6	0	0	150	4	4	1	1	0	1	2	2	2	2	3	3	1	4	0	0	0	3	1	0	1	0	11	0	3	0	2	0	0	1	
14	0	1	1	2	1	1	0	1	0	0	0	5	3	1	3	2	0	0	0	0	1	0	0	8	1	0	1	2	0	0	1	1	3	0	0	2	45	0	8	1	1	3	2	1	0	1	3	1	2	1	0	40	6	1	0	2	0	0	0	6	0	0	2	0	8	3	1	0	5	0	2	0	0	0	1	0	0	1	0	17	0	2	0	0	4	8	0	3	1	0	0	5	0	3	3	1	10	0	3	1	0	0	1	0	2	5	0	0	1	4	2	1	0	0	2	1	1	0	6	12	0	0	4	2	0	1	1	2	2	3	2	0	0	1	0	0	1	0	3	11	1	0	2	0	12	0	0	0	0	0	26	3	17	17	2	0	1	6	2	0	1	0	1	27	3	5	0	2	1	0	0	0	0	0	11	3	0	0	0	0	12	1	0	3	0	2	3	0	3	2	2	0	0	0	3	0	1	0	0	
1	0	5	0	0	6	1	0	1	1	1	2	1	2	1	1	2	5	0	0	2	2	1	1	3	2	0	1	7	0	0	2	0	1	0	1	0	0	2	1	7	0	0	0	0	0	4	5	0	1	2	1	2	2	7	15	2	2	5	3	0	0	1	2	0	0	3	1	2	1	1	0	3	6	3	0	0	0	3	2	2	0	1	0	8	4	0	0	1	3	1	0	2	3	0	0	1	3	0	0	0	0	3	5	1	2	0	2	2	0	0	0	4	2	0	0	1	0	8	0	3	0	0	0	2	0	1	9	3	1	1	0	4	0	0	3	0	0	0	0	1	2	1	0	0	0	0	0	2	3	2	2	0	0	1	0	2	0	0	2	6	0	1	0	3	0	5	2	0	3	0	0	0	0	0	5	6	2	2	1	2	0	10	2	1	0	3	0	0	0	1	5	6	0	1	2	12	0	5	0	
2	0	0	0	4	0	2	9	4	0	3	37	0	2	0	0	0	0	0	1	10	2	2	3	0	0	0	0	0	1	2	0	1	1	0	0	1	1	0	2	0	4	2	0	0	0	0	2	0	0	2	0	0	0	1	5	33	0	0	2	1	0	1	1	9	0	0	3	0	0	1	0	0	0	0	1	2	2	2	4	0	9	28	0	1	2	3	0	0	0	1	1	0	2	0	0	0	2	8	0	0	14	0	40	0	3	5	4	4	1	0	8	2	1	0	0	13	2	0	2	4	1	6	7	1	0	0	1	28	2	8	0	0	0	0	2	0	0	3	0	3	1	0	1	0	0	0	0	0	0	2	2	1	0	2	2	0	8	1	1	0	1	5	0	6	9	1	0	3	0	0	3	4	5	11	0	0	3	0	3	0	2	3	0	1	3	1	0	3	1	1	0	2	2	0	0	1	18	0	26	
1	1	4	0	4	0	5	2	14	4	1	0	0	2	1	1	5	1	0	7	1	4	2	0	1	1	0	0	1	0	3	6	1	2	7	2	2	0	4	1	0	2	0	1	1	2	5	2	0	1	3	0	0	1	3	2	4	0	2	3	2	1	0	0	0	0	0	0	1	0	0	0	0	2	1	1	37	0	1	0	19	1	2	0	0	0	0	0	0	0	12	0	11	1	0	3	0	9	0	1	0	0	2	0	0	1	0	0	0	13	0	1	3	3	0	0	1	2	0	0	0	0	12	1	3	0	0	0	0	0	0	0	0	4	16	10	0	1	5	3	0	0	0	5	1	8	8	0	0	1	0	6	19	0	0	0	0	20	3	0	3	1	1	10	0	3	4	1	14	0	0	1	0	3	2	0	0	0	34	0	0	0	4	24	1	3	0	1	2	1	3	1	0	0	0	2	2	1	35	1	
1	0	7	6	0	3	0	2	1	0	0	1	0	2	1	2	0	0	7	0	0	0	0	3	4	1	2	0	0	4	0	0	0	0	5	5	1	1	17	2	1	3	23	0	1	1	0	0	2	2	0	1	2	2	1	13	1	0	2	0	0	0	0	1	1	5	0	0	2	0	3	0	0	0	3	3	0	0	0	0	0	4	5	0	20	0	1	0	0	2	2	2	0	0	0	0	2	0	0	5	0	3	3	0	34	5	0	0	5	0	0	2	1	0	0	0	1	0	0	0	0	3	2	1	0	0	0	0	0	0	1	0	0	0	1	0	0	0	3	2	0	0	2	4	1	2	1	18	0	1	31	0	11	0	1	3	0	0	1	0	0	1	0	0	1	0	1	0	0	9	0	0	0	0	1	2	2	0	1	1	0	1	0	0	10	6	0	0	0	1	0	2	0	7	3	0	0	0	1	0	
1	0	0	1	3	3	1	0	2	0	0	0	0	2	0	0	1	0	1	0	1	0	0	0	2	5	2	0	1	0	2	0	0	1	6	5	8	2	0	0	2	2	4	2	0	25	0	0	2	4	1	1	0	3	0	3	0	0	10	2	0	1	1	0	0	0	0	3	6	0	0	0	0	6	4	0	4	2	3	1	1	1	11	0	0	0	0	2	0	6	4	0	0	21	4	0	2	0	0	1	4	1	1	1	1	0	0	5	0	0	0	0	23	1	1	2	0	0	2	1	5	2	0	0	0	11	0	6	2	0	1	0	0	0	0	12	2	0	0	1	2	1	0	0	0	3	5	0	3	0	2	2	0	0	2	0	2	9	1	12	0	12	1	4	2	1	4	1	0	0	0	3	2	0	1	0	1	1	0	5	0	0	1	41	0	0	0	0	7	2	1	1	2	2	1	4	0	4	1	2	
0	0	0	4	2	0	0	1	2	2	3	0	0	0	2	1	0	2	1	0	3	0	1	4	0	6	1	0	1	38	2	1	1	1	0	1	2	16	0	0	2	0	2	2	3	0	0	2	0	9	0	0	1	0	1	1	2	0	1	2	1	0	0	0	5	0	0	4	0	2	0	3	0	0	0	9	0	14	0	0	1	0	1	0	2	9	7	0	10	0	0	0	1	0	2	29	7	0	3	1	0	2	8	14	1	1	2	1	3	2	1	0	0	5	7	0	1	1	0	3	3	0	3	1	1	4	3	0	1	6	0	0	0	0	0	0	1	6	0	2	4	0	0	4	0	10	1	0	0	0	5	4	0	0	3	3	2	0	1	1	4	7	0	0	4	0	0	1	3	9	0	0	8	0	0	7	1	1	12	1	2	1	0	2	1	0	0	0	0	0	0	6	0	0	4	0	0	0	19	0	
1	0	1	22	0	4	0	2	0	1	1	0	1	59	2	0	0	0	0	0	1	0	8	0	0	1	0	1	0	6	1	0	2	0	0	3	1	0	1	1	0	0	0	4	0	2	0	0	1	3	1	0	3	1	0	0	2	0	4	0	0	1	0	0	0	8	1	7	20	0	3	0	23	2	0	2	0	0	5	0	3	4	1	0	3	1	0	1	0	1	1	2	0	41	7	4	0	0	0	0	1	2	0	1	1	0	2	2	0	0	1	1	2	6	15	13	2	1	2	4	0	2	2	1	1	1	0	0	2	0	0	0	6	1	2	2	0	1	5	1	3	0	1	0	0	6	1	3	0	0	0	0	5	1	13	0	0	0	4	2	1	1	1	1	1	3	1	2	0	0	2	1	4	22	0	5	3	1	6	0	1	1	0	0	1	0	16	2	0	2	0	4	2	0	0	1	0	0	0	1	
2	6	1	0	5	2	2	1	5	0	0	0	5	1	1	0	1	1	3	1	0	0	0	1	0	2	4	0	0	5	5	0	1	3	0	2	0	0	0	0	1	0	0	3	2	0	1	1	5	0	0	2	1	2	1	3	0	1	0	0	0	1	0	0	6	0	0	0	1	0	6	1	2	0	0	17	1	2	1	2	0	0	3	3	1	0	0	8	1	6	1	4	3	3	0	1	3	0	0	2	0	1	0	4	0	0	0	5	0	1	0	0	1	0	0	2	6	3	2	0	0	1	0	1	0	2	1	0	1	1	1	2	0	0	1	0	0	1	1	1	0	0	1	2	15	0	3	2	32	0	2	4	0	3	0	2	0	16	0	1	3	0	9	3	3	1	0	1	12	0	1	2	0	0	0	0	2	1	7	5	0	0	0	0	0	1	0	0	6	0	0	1	1	1	1	1	2	1	0	1	
1	5	0	0	5	0	2	1	1	1	0	1	0	0	1	1	0	2	1	5	1	1	1	0	6	2	0	1	0	6	0	0	0	0	0	1	2	0	1	0	1	8	0	3	0	1	1	0	2	1	3	0	0	0	1	3	0	0	0	0	1	0	1	10	0	1	9	0	1	0	2	1	0	33	1	0	2	6	0	0	0	1	1	1	4	1	0	6	0	1	2	0	0	0	2	1	0	0	0	1	2	0	0	0	3	0	1	0	1	1	0	2	0	2	0	4	3	1	0	4	1	1	5	15	0	1	0	0	1	1	0	15	5	0	2	0	0	0	1	0	4	3	13	2	3	6	1	2	2	3	3	0	0	3	1	2	0	0	0	0	59	150	0	9	1	12	0	1	4	105	4	0	0	4	2	9	34	0	12	4	0	5	0	2	0	5	0	21	0	2	3	0	0	0	0	1	4	2	0	0	
1	2	2	1	0	3	0	2	2	0	0	1	0	10	0	5	9	0	3	1	1	2	1	16	1	0	0	0	1	3	3	0	0	0	0	1	5	0	0	1	6	0	1	2	2	1	0	0	0	0	0	0	0	1	2	1	2	0	0	0	2	0	4	0	1	0	0	0	1	0	0	0	0	1	0	1	0	0	0	0	2	0	1	0	1	0	1	2	3	6	0	1	1	5	0	1	0	0	2	2	0	1	3	0	6	1	1	1	5	1	1	1	0	0	1	0	2	1	3	2	0	2	9	2	0	2	5	2	2	0	0	1	3	0	3	0	0	0	0	1	0	0	0	0	3	0	0	3	1	20	2	0	3	0	0	6	2	1	0	0	0	2	1	0	0	1	0	6	0	1	1	0	6	0	14	0	0	2	4	0	0	0	0	0	0	3	3	3	3	2	1	0	1	0	1	2	0	2	1	0	
1	2	0	1	3	5	1	3	2	1	0	2	3	0	0	3	0	0	0	0	3	2	3	1	5	3	0	2	3	1	1	3	0	1	1	0	0	0	0	0	2	1	1	0	0	0	1	1	0	1	0	4	0	0	1	0	4	0	3	2	0	6	1	1	0	0	9	4	0	0	1	0	0	2	4	0	1	1	0	0	0	0	12	0	7	0	0	3	3	0	0	0	3	5	0	1	1	0	2	0	2	4	0	6	4	6	3	2	3	1	0	0	0	2	1	2	2	7	0	1	1	6	0	4	0	1	2	14	0	1	2	0	5	0	1	5	3	1	0	1	2	1	2	33	2	0	0	1	2	0	0	0	0	1	0	1	2	0	5	16	0	0	1	2	2	3	2	1	0	0	0	15	2	3	0	4	1	1	0	5	4	241	1	0	4	1	0	0	3	2	0	2	0	3	1	0	0	50	0	1	
2	0	0	1	1	1	2	5	1	0	0	2	0	2	1	1	1	4	0	3	4	0	0	0	0	6	0	0	3	1	0	0	0	3	0	3	0	4	2	0	0	3	2	0	1	0	1	3	0	0	8	0	2	0	0	6	5	2	9	0	3	23	0	1	4	0	1	0	0	2	0	10	2	1	1	1	4	1	0	0	1	0	2	7	0	1	0	0	1	2	0	2	3	0	2	0	0	0	2	0	0	1	0	0	1	0	0	1	0	0	2	1	4	0	0	2	1	1	0	12	1	1	0	0	0	2	0	7	4	5	2	0	0	0	0	1	2	3	4	0	1	0	5	2	0	1	3	0	0	1	16	1	2	0	1	0	0	0	2	0	0	0	3	0	6	1	2	26	0	2	0	1	0	3	0	1	0	0	0	3	1	3	18	3	3	0	2	0	2	1	0	7	1	6	2	1	4	2	2	19	
1	0	2	0	0	2	0	5	0	0	19	0	1	0	0	3	0	1	0	2	0	0	0	0	1	1	0	0	1	2	16	13	1	0	0	29	0	0	7	2	1	2	0	0	2	1	0	0	0	3	0	0	1	4	0	1	4	11	12	0	3	3	4	4	8	0	1	1	0	0	1	0	2	0	0	2	2	0	0	3	1	4	1	1	17	2	0	0	0	1	0	1	0	0	9	0	0	1	0	2	0	0	1	1	0	2	0	0	0	0	1	1	2	0	0	28	0	1	1	0	4	0	1	0	0	1	1	3	0	4	2	3	2	2	2	1	0	0	3	0	6	0	1	3	0	1	0	1	0	3	5	0	0	2	1	9	0	1	0	0	42	0	2	0	3	1	1	1	0	2	0	2	0	2	1	0	2	0	0	3	0	0	0	11	28	1	0	0	0	0	0	2	0	0	3	2	1	0	0	0	
0	0	1	0	5	0	0	0	0	1	0	0	3	2	5	2	1	0	1	0	0	1	1	3	1	2	0	1	0	1	5	5	0	10	0	2	0	0	1	1	0	0	0	0	2	2	2	0	7	2	0	2	0	1	0	3	0	0	0	0	0	1	0	18	5	5	1	0	4	2	0	1	14	4	2	0	2	0	0	3	3	16	8	1	0	0	0	0	0	0	0	1	0	0	0	1	0	0	1	2	0	0	0	0	1	3	0	0	1	1	9	0	0	0	1	0	0	0	2	2	3	4	0	0	2	2	7	0	0	2	1	0	1	0	0	0	0	1	5	0	0	21	0	1	1	0	2	0	0	0	1	0	0	0	0	1	1	1	0	1	1	0	105	4	4	3	0	0	2	6	4	0	9	0	1	0	1	2	0	0	0	0	1	1	3	1	2	1	2	2	2	1	0	0	7	10	0	1	0	1	
1	0	0	1	0	0	3	0	0	0	1	2	1	19	0	1	0	2	3	3	0	2	0	0	5	5	1	2	0	0	0	3	1	0	0	0	5	3	1	2	6	3	2	2	0	3	3	1	1	1	0	4	6	4	2	1	1	1	0	11	0	0	0	0	1	4	1	1	21	5	0	2	0	1	1	0	2	0	5	0	7	5	4	1	1	0	0	1	2	3	0	0	1	0	0	1	0	0	0	1	2	0	0	20	9	3	0	2	2	0	1	0	0	0	0	0	0	0	1	0	6	0	0	0	0	0	3	2	3	2	1	0	0	1	3	0	4	0	0	4	5	1	0	1	14	0	1	1	0	0	0	0	0	4	2	0	1	5	2	0	0	0	2	1	1	1	1	2	1	2	1	0	3	6	5	22	3	2	1	0	4	3	1	1	4	3	7	0	0	1	3	6	8	1	2	0	0	4	0	0	
4	2	1	1	0	0	2	0	0	4	0	0	2	0	1	0	9	2	6	0	0	12	1	9	0	0	1	0	5	1	3	2	2	0	3	2	1	25	0	0	0	3	1	0	2	0	0	1	5	0	5	0	0	1	3	1	1	1	0	4	1	0	2	1	4	0	1	0	0	2	1	0	0	1	0	3	1	4	0	0	0	0	4	5	2	0	0	1	0	4	5	0	0	1	0	0	0	0	1	0	4	1	1	0	2	0	0	0	0	2	0	4	0	3	1	1	0	1	2	2	0	3	0	0	4	0	3	2	0	2	1	2	2	9	0	0	7	0	1	0	0	13	1	1	2	1	0	0	1	0	0	11	4	0	2	1	0	0	1	0	2	3	0	2	17	0	5	0	0	1	3	6	0	1	2	0	0	0	0	1	1	1	0	1	5	0	1	10	3	3	2	0	2	0	0	2	0	2	1	0	
0	0	9	1	0	0	0	1	0	4	0	0	0	0	0	0	3	0	0	0	1	0	2	0	4	0	9	1	0	0	0	4	0	1	0	0	0	0	0	1	1	0	2	0	1	0	0	14	1	1	2	0	1	0	2	1	2	2	2	0	11	0	11	3	0	0	2	0	0	0	1	2	0	1	0	18	0	4	3	0	0	1	4	0	5	1	1	8	3	0	0	0	0	3	0	0	1	1	1	1	0	0	0	1	2	3	1	0	7	0	2	5	0	0	1	2	0	0	0	0	0	2	3	1	1	1	5	0	0	2	0	0	0	0	0	2	0	0	0	0	0	5	3	0	1	2	1	1	2	0	4	2	0	0	0	0	4	3	0	0	0	5	2	2	3	0	1	0	3	2	4	1	0	0	0	0	1	0	0	0	1	0	0	0	2	0	0	4	3	1	0	0	0	3	0	0	3	1	7	1	
0	1	0	0	1	1	1	4	0	0	0	0	2	2	3	4	0	0	0	3	3	1	0	2	0	2	5	0	1	0	6	0	0	0	0	1	0	1	0	0	2	0	0	0	2	1	0	2	3	1	1	0	4	0	1	0	2	0	14	1	11	0	0	0	0	0	2	2	1	2	0	0	1	3	0	1	474	1	0	2	0	1	0	1	0	1	3	2	0	2	1	1	0	0	2	0	13	2	4	0	0	0	4	1	0	2	1	0	2	1	0	0	9	0	2	0	0	2	1	1	3	0	3	1	0	0	0	0	1	0	6	1	0	1	0	1	0	1	0	0	0	0	0	0	0	0	0	2	4	11	0	4	3	10	4	3	6	1	0	1	5	2	0	0	0	2	7	0	1	0	0	2	0	0	23	0	0	0	1	0	0	2	0	0	0	0	0	3	3	1	4	0	2	6	4	0	1	0	0	0	
1	1	0	0	1	1	19	0	0	0	0	2	6	2	3	2	1	5	4	0	5	4	0	1	3	1	1	3	3	3	4	0	0	0	5	1	1	0	2	0	0	1	0	0	1	0	17	0	1	2	1	0	0	0	0	1	1	15	1	1	0	1	4	0	4	0	1	0	3	0	0	0	0	3	0	497	0	3	6	5	3	4	3	0	0	0	0	1	0	12	4	0	1	1	2	5	0	0	8	0	2	1	2	0	0	4	0	7	2	1	2	4	0	0	9	8	4	2	1	1	1	4	0	0	2	4	4	0	2	2	0	0	0	0	1	0	1	0	3	0	0	3	3	5	1	0	0	0	0	0	1	1	2	1	0	0	1	0	2	0	2	0	1	4	4	1	0	17	0	0	0	2	1	2	1	3	0	2	0	3	0	1	0	0	0	1	1	3	8	0	1	9	0	0	1	0	0	3	0	1	
0	4	3	2	0	0	1	0	0	0	1	0	3	1	2	5	1	2	0	3	2	0	0	0	1	0	9	1	0	3	1	0	0	0	0	5	5	3	2	1	1	1	19	0	1	0	2	2	1	6	0	1	0	0	0	0	0	4	0	0	0	0	1	1	1	0	4	0	7	2	0	1	2	1	0	1	6	2	3	2	2	0	21	2	0	33	1	0	2	1	0	3	0	1	7	4	0	0	0	6	0	0	0	1	0	3	2	0	2	0	1	3	0	0	1	1	0	0	1	2	0	0	1	0	0	0	0	0	3	0	0	3	2	4	1	9	0	0	0	0	1	0	0	0	1	2	1	1	1	4	3	0	2	2	13	3	0	1	0	0	1	7	2	3	1	1	1	4	0	13	0	13	11	2	0	0	0	0	4	0	1	2	0	9	0	0	0	34	2	0	5	0	1	2	0	0	0	0	0	7	
1	3	1	1	2	3	0	2	0	0	0	1	3	47	0	2	0	3	0	1	4	18	1	0	3	3	0	14	0	1	1	0	0	3	1	2	1	0	0	1	0	1	0	0	0	11	1	0	0	1	0	0	5	0	0	1	2	0	7	1	1	3	0	0	1	1	1	0	7	0	0	2	2	3	1	0	0	2	0	1	0	4	0	0	0	1	0	4	1	2	0	6	3	1	0	20	1	1	0	0	0	1	0	0	1	0	0	1	3	1	0	2	2	0	0	6	2	1	3	0	0	0	5	0	1	0	0	0	1	3	4	0	3	9	0	1	0	12	0	4	0	0	5	2	3	0	0	2	1	0	0	0	2	7	0	0	3	25	2	1	0	2	1	1	8	2	1	0	1	1	3	0	37	0	0	1	0	31	2	0	2	3	0	6	0	0	0	1	0	1	0	5	0	0	1	2	2	1	0	0	
4	0	0	1	1	1	7	0	0	0	0	2	1	17	6	3	2	2	1	3	0	0	3	3	22	0	0	1	9	4	0	0	0	1	2	2	15	0	1	2	0	0	1	1	2	0	0	2	0	3	3	0	0	0	1	0	1	0	1	5	13	2	0	0	0	0	0	4	1	4	23	0	1	0	3	0	0	0	1	1	0	2	5	0	0	0	1	1	0	0	0	0	0	0	0	0	0	6	0	3	0	0	0	2	0	5	0	1	0	0	1	0	0	0	1	1	0	0	0	2	4	2	0	1	1	0	3	3	0	1	0	0	0	1	24	4	0	1	0	0	2	0	2	3	6	1	1	2	2	0	0	1	5	0	4	5	14	14	0	0	1	0	0	0	0	0	0	2	2	3	0	0	4	1	2	1	1	4	0	0	0	0	0	1	0	0	1	1	0	2	1	0	4	2	8	1	2	0	0	0	
1	0	0	1	0	0	285	0	4	0	2	1	2	0	0	2	9	0	3	0	1	5	0	0	0	2	4	4	0	0	4	3	0	2	1	1	2	0	0	0	1	0	3	2	0	3	1	0	2	0	1	0	3	2	0	1	5	0	1	3	0	0	5	3	1	3	0	1	17	0	1	3	1	0	2	0	0	3	0	3	0	0	1	0	0	0	1	2	4	0	19	0	0	0	2	0	3	0	0	0	0	1	0	4	1	9	1	1	0	0	0	0	1	1	3	2	4	1	0	2	0	4	1	1	0	0	3	1	0	1	2	0	1	1	0	0	0	2	0	2	5	1	0	0	2	57	2	2	4	0	1	2	0	3	31	1	0	0	1	1	0	0	0	0	1	0	0	2	0	0	0	4	0	6	0	0	1	0	0	1	0	8	3	1	2	6	0	2	0	0	1	0	0	2	2	1	2	1	0	3	
0	0	1	1	1	3	0	12	1	2	0	1	3	7	2	1	1	0	1	6	2	1	0	2	1	0	0	1	1	0	0	0	4	3	2	1	0	1	1	7	40	0	0	0	0	3	2	0	1	1	11	0	21	2	1	0	1	0	0	1	3	33	0	0	1	0	20	2	0	0	1	1	0	0	0	1	0	1	0	2	5	2	2	0	7	0	0	5	1	2	1	1	2	1	6	2	2	1	0	0	0	1	1	2	0	1	2	3	0	0	2	0	1	0	0	0	0	4	0	0	1	0	1	0	0	2	0	0	0	30	0	0	1	0	2	0	5	1	6	9	0	1	0	0	1	5	1	1	1	1	0	1	2	1	0	7	19	1	0	8	3	17	0	0	16	0	1	7	1	29	0	0	1	0	2	0	2	0	0	0	0	0	0	0	4	0	0	1	0	1	0	3	2	0	0	0	0	1	0	0	
3	24	1	0	1	6	2	2	0	0	47	0	6	0	1	0	0	3	1	1	5	0	0	0	0	0	1	0	0	0	2	0	0	3	1	7	6	3	5	2	1	0	2	1	0	0	2	4	0	1	0	2	0	0	0	0	5	0	0	0	1	5	0	0	0	0	3	0	0	1	0	1	1	0	3	5	0	0	1	1	0	9	0	0	0	0	0	4	2	4	0	0	0	3	0	3	4	1	14	0	1	1	3	0	0	0	1	0	0	1	0	1	0	0	2	5	3	1	0	1	1	0	0	0	1	0	0	1	1	1	4	2	0	4	0	0	5	0	0	0	13	0	6	27	0	0	0	0	13	0	9	4	0	11	4	2	1	0	19	7	1	3	0	1	1	2	0	2	0	3	0	2	0	0	0	1	2	0	1	20	2	0	21	0	1	1	0	0	1	3	0	3	0	0	3	0	21	4	0	0	
1	2	2	1	0	3	2	2	0	2	2	3	0	1	1	0	0	2	7	0	4	4	1	1	17	2	0	0	6	1	0	0	0	16	1	1	0	0	0	0	0	2	1	0	0	0	1	2	0	2	0	0	0	0	1	3	0	13	1	0	0	3	4	0	4	0	0	0	4	3	0	18	14	2	2	1	0	7	1	0	0	0	0	0	0	0	0	1	1	7	0	0	0	1	3	1	4	0	0	0	0	0	0	10	12	0	0	13	0	2	0	0	2	1	1	0	0	3	1	4	0	4	1	0	2	0	1	6	2	0	0	2	0	2	5	0	2	0	0	3	25	1	14	1	8	0	1	1	0	3	1	1	2	0	1	9	2	2	8	9	0	0	0	0	3	15	2	17	0	2	2	3	1	3	3	3	1	6	0	3	0	3	0	3	5	2	0	1	10	0	1	1	0	2	0	0	2	1	0	0	
2	0	3	5	1	3	1	22	0	2	11	0	1	0	0	0	3	0	0	0	0	0	1	0	1	10	0	0	0	1	2	0	1	4	0	2	2	0	1	1	0	0	1	0	0	0	0	0	0	0	3	3	0	1	3	1	1	2	4	0	2	0	0	0	2	1	1	0	0	0	0	4	0	1	1	0	0	0	1	3	0	0	0	2	2	4	0	1	1	1	2	1	0	0	0	1	3	0	1	1	1	1	0	0	0	0	1	0	0	3	0	2	21	1	1	1	1	0	2	0	0	0	1	4	13	0	0	1	1	44	27	2	1	0	0	0	0	3	0	11	0	1	4	2	1	1	0	1	3	0	0	2	2	0	1	5	0	7	0	1	0	0	1	0	2	0	6	4	0	0	0	1	0	2	2	1	1	1	3	0	3	0	0	1	4	2	2	1	0	10	2	6	2	0	0	4	0	0	1	2	
0	3	0	0	0	1	6	5	4	0	0	1	0	0	13	1	0	1	3	1	2	1	2	0	41	2	3	2	2	0	4	0	0	1	1	2	0	0	2	0	43	3	0	1	0	6	0	1	0	5	0	1	0	0	0	2	1	1	3	0	3	0	1	3	0	0	8	6	0	1	0	2	2	1	2	5	5	0	0	0	0	16	0	0	0	1	0	1	0	16	0	4	1	0	0	2	4	1	0	0	9	2	1	27	0	9	0	2	1	0	6	1	0	0	1	0	4	0	6	1	3	2	4	1	0	46	12	0	1	1	0	3	0	11	17	0	2	7	3	0	4	0	0	0	0	0	5	0	4	0	0	1	6	0	0	2	2	2	0	0	2	0	0	2	3	1	0	0	0	0	1	0	0	0	0	6	2	6	0	0	0	0	1	4	38	0	2	1	5	2	2	1	5	1	0	0	1	0	11	2	
0	0	1	0	0	0	0	1	4	3	0	2	0	0	0	5	0	0	4	0	0	4	0	1	0	0	0	1	3	3	2	1	0	0	0	0	2	0	0	10	7	2	7	0	10	0	0	2	1	2	1	0	0	0	2	1	0	0	0	0	1	2	2	1	8	3	0	0	0	0	0	0	0	6	0	0	0	0	1	0	0	0	1	0	1	8	0	0	1	1	0	0	0	0	3	1	0	3	0	1	1	0	0	1	0	1	1	0	0	0	1	1	1	1	1	0	1	1	5	0	0	0	0	2	0	0	4	8	1	1	2	0	0	0	0	0	0	1	1	0	0	1	1	0	2	4	1	2	3	13	1	0	0	0	2	1	0	4	1	3	1	10	13	0	0	1	0	0	0	0	1	0	0	2	0	2	0	0	0	5	1	1	2	3	4	0	0	1	1	0	6	0	1	1	0	1	1	2	0	0	
12	1	0	2	0	1	8	0	1	0	3	4	4	0	0	1	0	1	0	0	0	3	2	0	0	0	0	0	0	0	4	4	4	4	0	3	1	2	2	1	0	1	1	0	1	2	2	2	1	0	0	0	1	6	0	0	5	2	0	2	0	0	1	8	11	0	0	0	5	0	8	1	0	4	1	2	1	0	3	0	1	2	0	4	0	0	0	0	0	0	21	0	0	0	1	0	2	2	0	0	1	1	2	8	0	1	0	0	0	1	4	2	5	2	19	0	2	8	1	2	41	4	1	0	0	5	2	0	10	3	1	0	1	0	3	1	0	1	19	2	2	1	0	0	0	2	0	2	0	0	2	3	0	5	0	3	3	2	0	3	0	0	12	0	3	3	0	4	8	0	0	0	3	1	3	7	0	0	0	0	15	2	3	3	0	0	3	0	2	0	0	0	4	0	0	2	0	0	0	0	
3	5	0	8	0	0	1	0	0	5	3	6	2	0	0	0	2	0	6	6	0	1	1	1	1	1	1	4	0	1	4	1	1	0	0	0	46	0	0	28	0	0	0	0	0	3	2	1	4	4	0	6	9	0	0	0	0	1	0	9	0	0	4	1	2	0	0	2	0	0	1	0	7	0	11	0	6	0	0	2	0	0	2	0	1	1	0	0	1	10	2	0	0	2	3	2	4	2	0	2	3	2	0	26	1	0	1	0	0	0	0	2	0	2	0	0	3	0	1	0	0	3	0	1	0	0	1	1	0	0	1	1	2	0	2	0	0	11	1	0	3	0	0	0	44	0	2	0	1	10	4	0	0	0	0	8	0	0	0	2	1	4	0	0	1	1	6	2	2	0	0	0	0	0	8	0	0	9	0	2	5	1	3	0	2	2	1	0	2	0	0	0	2	1	3	0	2	0	0	0	
0	2	0	158	0	0	0	0	0	1	1	0	2	2	0	0	10	0	31	0	2	0	0	0	5	0	2	1	2	0	0	1	0	0	2	0	0	1	2	1	0	0	9	1	5	0	0	21	0	1	2	1	0	0	0	0	1	0	1	1	1	0	2	0	1	0	0	23	0	2	5	0	1	0	1	5	9	3	1	2	0	4	2	3	0	1	1	1	1	0	0	1	0	0	0	1	4	0	1	0	2	0	0	1	0	0	0	0	7	3	4	1	0	5	0	0	1	1	0	0	0	0	1	0	23	0	0	0	0	0	1	3	0	0	4	0	1	0	0	0	0	0	1	2	1	1	1	1	0	0	0	1	3	0	9	0	2	0	26	25	0	0	3	0	0	4	0	2	0	2	2	0	0	1	0	3	0	0	0	2	1	6	0	1	0	1	1	0	5	0	0	0	2	0	3	0	0	3	0	1	
2	0	47	0	1	3	2	0	3	0	26	3	1	1	3	3	1	3	0	7	0	3	1	0	5	2	3	0	3	0	0	0	4	0	1	0	1	2	0	0	0	1	4	5	0	0	2	1	0	1	0	0	0	3	1	1	1	1	1	0	0	2	1	4	9	0	1	2	2	0	4	1	3	8	1	1	1	3	0	1	2	0	0	0	13	1	23	2	0	2	6	1	0	1	1	0	3	0	0	2	1	27	0	1	3	0	0	0	2	0	4	0	1	4	1	1	1	0	0	2	0	3	1	0	1	0	1	2	19	0	0	2	1	0	0	5	3	0	12	5	0	3	1	1	0	1	5	1	0	0	0	1	1	1	1	1	0	3	0	3	13	1	3	0	0	4	0	3	1	3	0	0	2	4	1	0	0	0	4	2	2	1	1	4	1	1	0	2	1	1	1	0	0	1	1	3	6	0	1	29	
0	3	2	1	4	4	0	3	3	2	0	0	0	0	2	1	0	0	1	0	0	12	4	2	0	0	3	0	11	2	0	3	1	0	0	0	0	32	0	1	0	2	3	5	2	3	10	13	0	0	4	1	3	2	0	1	1	0	0	3	2	0	0	0	2	1	1	0	4	2	0	0	1	0	0	1	2	0	0	1	0	2	4	2	0	0	0	2	0	24	2	1	0	3	2	3	0	0	2	0	1	1	1	0	0	6	2	1	2	0	0	1	1	1	1	0	0	0	1	3	3	23	2	0	0	0	0	3	0	1	1	4	0	0	7	22	2	1	3	0	25	4	18	2	5	2	0	23	4	1	2	1	7	2	0	0	1	0	0	0	2	3	3	1	0	1	0	4	18	1	2	0	1	2	4	3	1	0	4	8	13	0	1	0	0	0	1	1	0	0	0	2	0	0	0	0	0	6	2	5	
1	0	2	2	4	4	1	12	6	4	1	0	0	3	0	42	3	0	0	24	1	2	0	0	4	2	0	3	5	2	1	1	3	0	0	3	2	1	0	0	6	5	0	2	3	29	0	3	0	3	2	0	5	2	1	0	0	0	8	2	1	1	0	5	0	0	0	1	10	6	0	0	1	0	0	0	3	1	1	0	5	3	1	0	0	3	1	1	1	2	8	0	1	0	0	0	0	0	0	1	0	15	1	1	0	1	0	1	0	5	2	1	0	0	0	0	1	0	33	5	0	1	2	6	10	6	0	1	2	121	2	0	0	0	2	1	0	8	8	1	9	0	0	3	0	0	0	1	0	3	0	1	12	0	0	0	8	0	1	0	1	5	0	1	1	2	4	0	1	2	0	0	1	2	2	1	2	0	7	0	0	0	0	1	12	1	2	0	3	3	2	1	4	5	3	0	2	2	6	0	
17	0	6	19	2	2	0	8	5	3	6	9	1	0	6	2	1	1	0	0	0	3	0	1	0	0	0	0	1	0	0	0	1	1	0	12	0	0	2	0	0	1	17	0	2	29	12	0	1	0	2	0	0	0	2	3	0	0	0	1	1	0	1	0	0	0	1	3	0	1	4	0	2	0	15	1	2	0	3	0	0	0	0	2	11	2	0	14	0	0	0	3	0	0	0	0	8	11	0	0	1	4	0	9	1	0	5	1	2	0	0	0	1	0	1	11	0	0	0	3	3	2	32	0	4	0	0	6	0	0	0	159	4	1	2	3	1	1	2	0	1	0	2	9	1	13	0	4	7	0	1	0	2	2	0	1	0	3	3	0	4	4	3	2	4	7	0	0	0	0	0	1	0	5	0	0	0	1	0	6	0	0	41	0	0	1	2	2	0	4	0	1	7	7	0	2	0	0	0	0	
0	1	0	10	0	0	1	9	2	0	0	3	0	0	1	2	0	0	0	0	2	1	1	0	0	1	0	2	1	1	0	5	0	1	1	0	0	1	1	2	2	0	0	1	1	0	0	2	2	1	4	1	4	2	3	5	1	0	1	2	4	0	1	1	5	1	2	0	2	7	0	0	0	0	0	2	1	2	5	0	0	0	0	3	0	1	1	2	2	0	3	3	0	0	1	0	0	2	0	0	2	0	0	0	1	0	2	0	0	2	0	0	1	0	0	0	5	19	1	0	0	0	0	0	2	4	2	5	1	0	5	1	6	2	0	0	0	2	21	0	0	2	0	2	0	0	4	1	3	1	1	0	1	3	4	0	1	0	0	0	2	1	1	1	4	1	6	0	2	1	3	0	1	4	3	2	4	1	1	0	0	1	0	0	2	2	1	3	0	0	4	0	1	0	1	0	4	0	0	0	
0	0	0	1	2	5	5	8	0	0	0	0	0	0	1	2	3	0	0	5	0	0	0	0	2	0	1	2	2	0	0	2	0	1	0	0	0	2	7	0	1	2	33	3	1	0	1	2	3	1	1	1	0	2	0	1	2	3	1	0	1	0	0	1	0	0	1	1	0	0	0	6	0	0	0	2	3	4	0	2	2	1	1	3	0	1	16	2	2	2	2	1	2	3	2	5	1	1	2	0	0	0	0	3	0	0	1	1	0	0	2	0	2	0	0	1	4	0	1	1	5	4	0	3	0	0	2	0	1	4	0	0	1	2	0	1	3	0	0	0	0	0	1	2	0	1	0	0	5	2	2	1	1	1	1	1	0	1	1	1	0	0	1	4	0	1	0	0	0	5	0	2	1	4	0	0	0	0	0	4	0	5	3	0	2	0	2	3	0	1	0	1	0	0	0	2	0	9	2	1	
6	5	2	2	18	4	0	1	0	0	2	0	1	0	2	0	7	3	2	1	0	1	0	1	4	4	0	3	0	0	4	2	0	5	5	6	0	0	3	0	1	0	0	0	0	9	2	0	0	5	4	0	5	0	13	3	4	25	0	0	0	2	0	41	2	2	2	0	8	0	0	1	0	3	0	2	7	0	0	2	0	1	1	3	0	16	0	3	0	4	1	2	0	1	0	0	0	0	0	0	1	0	1	0	0	6	1	13	7	0	0	2	1	0	6	0	1	4	0	0	0	0	0	1	4	1	7	5	1	1	0	2	0	0	0	25	8	1	2	0	1	2	4	0	2	4	0	2	0	1	0	11	0	0	7	0	1	2	0	4	0	1	0	0	2	1	8	0	0	0	0	3	1	0	1	0	1	2	0	0	5	1	0	2	2	1	0	2	1	0	4	0	1	2	1	1	120	0	1	0	
0	2	3	0	1	0	0	2	7	0	3	0	2	1	0	12	1	0	0	0	20	1	4	2	3	3	0	2	0	0	0	6	2	1	1	0	17	1	8	0	3	0	14	0	8	2	1	1	0	1	0	11	4	0	3	2	0	10	0	2	0	1	8	0	2	1	0	1	1	1	4	2	0	0	1	0	0	0	6	1	2	1	0	1	1	0	0	1	9	2	3	4	0	3	0	1	26	1	3	0	1	0	2	2	0	5	1	1	6	0	0	2	2	0	1	2	3	3	1	0	0	18	3	0	0	1	0	4	0	0	0	0	8	0	0	8	0	3	2	7	1	2	1	0	5	1	1	1	0	0	1	1	0	14	0	0	0	1	3	0	2	0	0	51	0	3	0	0	1	1	5	1	1	2	1	0	0	1	1	1	0	2	0	1	3	1	0	0	3	26	58	0	0	1	1	3	0	48	0	1	
1	0	0	2	0	0	0	1	0	0	4	0	6	0	1	1	3	0	0	0	1	1	2	5	0	2	0	0	0	0	5	0	3	0	5	2	3	0	19	6	0	1	0	1	0	0	1	0	0	0	0	3	0	2	0	11	1	3	0	2	2	0	3	0	3	6	1	0	0	0	13	0	0	1	1	1	15	2	0	1	0	0	2	0	1	1	1	0	0	2	0	0	1	1	2	2	10	0	0	7	2	0	0	0	0	1	2	1	0	2	0	0	0	0	2	2	1	0	0	1	1	3	0	7	0	4	26	2	0	2	0	0	1	27	1	3	0	7	1	0	0	2	1	1	2	2	2	0	4	0	2	15	1	0	0	0	0	1	0	0	0	0	3	23	0	0	2	2	0	6	0	0	0	1	0	1	0	0	0	2	1	0	1	1	3	1	0	5	3	0	0	3	1	1	0	1	0	0	0	0	
1	1	1	2	0	0	0	1	3	3	0	0	0	5	4	0	0	1	0	0	1	2	0	0	0	0	0	0	1	0	3	0	0	1	0	2	0	1	0	0	0	1	1	0	0	10	0	1	0	2	0	0	0	0	0	0	0	0	2	0	8	0	0	0	0	1	0	0	0	0	3	2	0	2	1	1	20	0	1	0	0	0	0	2	3	3	3	5	1	1	0	0	0	0	0	1	0	5	6	0	0	4	5	1	1	0	1	15	0	1	5	1	2	0	2	1	19	1	0	0	1	2	1	1	1	3	4	3	0	3	0	3	0	2	0	0	0	1	4	0	1	6	1	0	2	2	0	0	9	0	6	4	0	4	0	2	2	2	2	2	10	0	43	0	3	6	1	0	1	3	4	0	3	1	3	1	0	2	6	0	0	0	5	20	7	1	1	0	4	2	5	0	0	1	3	0	1	0	0	0	
6	0	0	3	2	3	0	3	1	1	2	4	1	2	2	0	2	1	0	5	0	1	1	1	1	0	0	3	0	0	13	2	1	1	0	1	1	1	0	0	8	0	2	9	1	1	0	2	0	1	4	0	1	0	1	5	6	1	3	1	9	0	0	1	0	0	0	2	1	2	0	2	0	0	3	1	1	0	4	9	13	0	1	0	4	0	0	1	0	0	0	2	0	0	0	3	0	0	7	0	0	2	3	0	1	2	0	0	2	1	0	4	8	2	1	0	0	2	0	1	3	2	0	15	0	1	0	2	0	1	1	1	0	1	0	0	4	1	0	3	0	2	2	1	2	0	4	0	2	0	2	24	7	0	0	3	0	1	1	3	0	0	5	3	2	0	4	1	3	1	0	3	5	0	1	4	1	0	2	0	0	2	0	2	0	0	1	1	2	0	0	3	2	0	7	3	2	1	2	3	
1	0	1	3	0	0	0	2	2	0	2	1	0	0	1	0	0	0	0	1	0	0	2	0	0	2	0	1	1	0	1	3	1	0	1	0	20	0	2	2	1	0	1	1	1	0	0	0	1	0	1	0	1	0	1	3	2	0	2	2	0	3	1	0	1	0	0	0	3	0	0	1	1	1	0	1	0	1	1	1	3	3	0	0	0	0	2	0	15	0	0	0	2	1	2	0	1	0	0	1	4	0	0	0	2	0	0	4	1	6	0	1	0	5	0	0	9	1	3	0	3	19	0	2	164	8	0	6	2	26	0	1	0	0	1	0	4	4	4	0	0	0	2	0	0	1	0	0	0	1	0	2	0	2	0	0	0	3	0	3	0	0	9	46	2	0	0	0	0	0	5	6	1	0	2	0	6	2	1	0	1	1	0	0	3	0	1	2	1	2	10	3	0	2	3	4	0	2	2	0	
2	3	2	0	1	2	1	0	2	0	2	2	0	0	0	1	2	2	1	0	2	1	19	1	3	1	8	4	6	7	1	0	3	0	0	6	0	34	5	0	1	0	1	1	1	2	0	0	0	1	5	3	1	1	2	0	0	2	2	3	1	0	1	0	0	0	0	2	0	0	2	2	1	0	0	2	2	1	1	11	1	4	0	1	0	5	1	3	0	1	0	7	0	2	0	2	0	1	2	0	0	0	0	0	4	1	0	1	2	1	0	2	0	0	32	0	0	3	0	0	2	5	6	28	0	2	5	0	4	1	0	1	0	0	2	2	13	1	8	3	27	3	0	0	0	1	0	0	0	2	0	0	1	0	0	2	1	0	1	0	1	13	10	0	9	3	29	4	2	0	4	0	6	0	2	5	2	1	0	0	2	0	0	3	6	0	0	0	5	0	1	0	0	0	1	11	3	0	0	0	
0	0	1	2	0	7	0	1	0	0	1	0	1	1	4	4	1	0	0	0	0	0	2	0	0	4	1	3	4	1	1	31	0	6	3	0	0	3	2	2	0	2	1	5	1	3	0	1	8	0	0	0	7	4	0	1	3	1	2	0	1	3	0	0	2	0	2	0	0	1	1	0	0	2	0	0	0	10	0	1	0	1	1	2	3	0	1	0	1	0	4	8	1	4	0	0	0	2	0	0	0	0	0	0	0	0	1	0	3	0	0	0	3	2	4	0	1	0	0	2	2	1	1	0	0	1	0	5	0	1	2	3	1	2	15	2	1	1	3	1	1	0	1	0	0	0	4	2	0	4	3	0	2	3	4	5	0	2	2	0	5	1	0	0	0	1	0	1	0	0	0	0	1	1	1	0	1	2	0	0	1	3	0	0	0	6	1	1	3	6	8	2	1	0	0	0	3	1	1	4	
3	0	3	1	3	0	0	28	3	0	0	0	1	0	1	0	0	4	2	1	4	3	0	1	1	1	0	0	0	0	1	0	33	1	0	4	1	2	1	0	4	0	0	0	1	1	1	0	0	2	21	1	0	0	0	4	0	3	0	1	3	1	2	3	3	0	2	3	0	0	3	1	0	0	2	0	1	0	1	1	0	0	0	0	2	3	1	0	4	3	0	0	0	0	0	0	0	0	3	0	3	0	0	6	0	1	0	2	1	0	1	0	1	1	7	0	3	11	1	1	1	1	0	1	0	0	1	0	0	0	0	2	0	0	2	7	0	0	1	3	1	1	1	0	0	0	4	1	2	0	0	1	1	1	1	1	6	6	0	0	0	2	2	0	0	1	0	0	0	13	0	0	1	2	0	0	59	0	0	1	0	1	2	0	4	0	5	0	0	4	0	0	1	0	2	0	0	0	0	0	
23	31	0	3	25	4	3	9	0	1	0	0	4	0	2	3	0	7	0	0	0	0	1	0	0	1	0	6	0	2	2	1	0	3	0	31	2	0	18	1	4	0	0	2	0	1	4	1	3	0	1	2	0	0	3	1	0	38	0	38	0	12	2	0	12	2	0	0	3	0	2	15	0	3	2	1	2	1	5	1	0	0	0	10	0	0	1	0	2	11	1	1	5	1	1	6	1	1	0	4	0	1	1	1	0	1	4	1	12	0	0	0	1	0	1	1	1	6	1	2	1	0	4	3	0	12	0	0	0	0	0	3	3	0	0	0	0	2	4	17	0	3	3	3	0	0	1	8	111	0	0	0	0	2	1	6	0	1	151	4	2	0	5	0	8	1	0	0	1	1	0	1	0	0	2	1	0	2	4	2	0	0	0	0	1	2	0	5	0	0	0	0	0	0	2	1	0	1	2	1	
0	0	31	0	3	1	3	2	3	0	0	3	1	1	1	0	1	1	21	2	1	1	1	2	9	0	0	1	0	11	1	1	1	7	1	1	1	0	0	1	0	1	0	1	0	4	1	3	0	2	0	2	0	0	2	0	1	8	2	1	0	0	2	0	0	0	2	0	0	0	0	3	16	1	0	5	14	1	1	1	3	0	2	1	1	6	0	3	1	0	0	0	1	12	0	0	1	0	0	0	0	0	0	33	0	2	0	3	0	0	2	1	28	1	0	0	1	1	0	0	0	3	3	1	112	0	1	1	7	0	14	0	3	1	0	6	1	0	0	0	0	0	0	0	5	1	0	1	0	2	3	6	4	4	1	4	0	3	7	1	0	0	0	3	11	5	1	6	0	0	3	0	4	1	3	1	0	0	0	1	1	0	2	1	7	0	17	3	0	0	2	0	1	0	0	0	3	18	16	1	
14	1	0	0	0	1	3	1	0	0	0	1	1	1	6	0	0	0	0	0	0	1	0	0	1	0	0	2	4	11	21	0	1	0	10	4	0	1	0	0	3	1	0	1	0	0	0	1	1	0	36	3	3	1	3	2	1	0	0	0	0	0	0	0	0	1	3	3	0	2	0	0	0	2	1	1	0	0	0	0	2	0	11	1	6	0	0	6	1	0	1	0	0	1	0	1	8	0	0	1	0	0	5	0	0	0	0	0	1	3	1	0	1	1	0	2	3	0	2	0	0	1	6	1	0	4	0	1	1	3	2	18	0	2	3	5	0	1	2	3	1	4	3	0	1	1	0	1	0	3	1	2	1	1	0	2	2	3	2	0	0	2	0	6	7	5	0	1	0	0	0	0	1	1	0	0	0	2	0	1	0	0	5	4	3	5	8	0	0	3	4	1	0	0	2	5	7	0	2	0	
0	1	10	0	0	0	0	0	3	0	3	3	3	6	0	0	0	1	2	21	0	1	0	0	0	0	0	0	2	0	0	1	0	1	2	0	3	1	1	1	0	0	1	2	3	0	0	0	0	0	0	0	0	0	0	0	1	0	6	1	0	0	3	0	0	0	0	4	0	0	1	0	1	11	0	2	5	0	6	0	0	2	0	4	0	4	2	3	0	0	0	0	0	2	0	3	0	0	0	0	1	7	1	3	2	1	0	4	10	3	0	3	1	0	0	3	1	5	3	34	4	0	16	18	0	2	3	3	0	1	1	0	0	0	0	0	1	15	0	0	2	0	6	26	3	5	0	0	0	1	1	1	2	0	0	0	0	1	1	8	0	0	2	14	2	2	1	0	0	1	1	2	1	0	0	0	0	4	0	0	0	5	1	1	0	0	4	0	3	2	2	4	0	1	2	3	0	0	0	0	
13	0	0	0	0	1	0	3	1	1	0	0	45	0	0	0	2	6	3	0	6	0	1	0	7	0	0	4	1	5	0	3	2	3	0	0	0	1	0	0	0	0	3	1	2	0	22	1	32	2	1	4	2	0	1	0	3	2	2	3	0	0	0	1	0	0	0	1	0	0	0	0	0	6	8	3	1	18	1	0	2	1	0	1	2	1	1	1	2	1	1	1	5	1	0	1	11	0	0	18	6	1	30	2	11	0	0	2	0	3	1	3	0	0	1	0	3	0	61	0	2	1	8	0	0	0	6	1	1	1	3	1	1	0	5	3	5	0	1	0	4	3	3	0	0	6	4	0	1	5	0	0	0	0	0	1	0	2	0	0	0	1	42	6	2	0	2	5	0	1	0	2	6	0	0	2	0	1	1	0	0	1	1	7	0	2	6	2	1	0	2	3	0	0	0	3	6	6	0	1	
0	0	0	1	2	0	1	2	1	0	45	6	0	2	3	0	1	0	0	1	1	1	2	0	0	0	0	2	14	1	0	3	5	1	3	1	46	3	3	0	21	1	1	2	2	2	2	16	0	6	0	0	0	5	1	0	5	0	0	0	2	3	1	0	1	0	3	2	1	4	2	0	3	0	6	0	9	0	0	0	0	1	0	2	0	0	0	1	0	4	3	0	2	2	0	3	3	2	2	3	1	2	0	2	2	6	2	0	0	3	0	0	0	0	0	0	1	1	0	1	0	0	0	1	3	3	0	1	1	8	0	1	2	0	0	7	1	0	0	0	0	0	4	5	1	0	4	10	0	1	4	0	3	0	2	0	8	1	1	4	0	0	0	2	9	1	0	0	0	1	4	0	0	0	0	5	2	5	1	1	1	2	0	4	1	0	0	1	2	12	5	1	1	1	0	4	0	3	0	5	
0	1	1	1	0	1	0	4	2	3	2	1	2	4	3	8	1	0	0	1	0	13	9	0	0	0	0	2	5	0	1	0	2	0	2	0	0	0	0	0	0	2	0	0	0	0	0	1	2	0	0	3	0	0	1	0	7	0	5	1	17	1	3	5	2	0	1	0	0	4	1	1	3	0	0	0	0	2	0	2	7	0	1	1	0	0	1	3	1	4	1	16	4	2	2	3	2	0	0	8	5	1	1	37	0	5	0	0	0	2	4	1	5	5	4	0	1	0	2	4	9	2	1	1	2	0	3	1	0	1	12	0	9	3	0	0	0	1	2	4	0	0	0	0	0	1	20	5	0	1	0	25	2	0	1	1	21	0	0	0	0	0	0	0	0	18	7	1	1	0	1	26	2	1	0	8	1	0	0	10	2	0	0	1	0	1	26	0	0	2	8	0	0	0	1	3	1	2	0	0	
0	0	0	2	13	0	1	0	3	0	29	2	2	0	0	0	0	0	0	6	1	9	0	1	1	0	0	2	0	1	7	5	5	2	5	1	3	10	0	1	0	1	1	1	1	0	0	0	0	1	6	3	0	0	0	0	0	1	0	0	1	0	0	14	0	0	1	1	2	3	2	2	1	0	3	1	0	2	0	2	0	0	0	5	1	21	0	1	7	3	1	0	0	0	1	7	46	2	0	2	1	0	2	2	1	11	4	1	0	1	0	1	0	11	0	7	2	1	0	0	3	0	3	0	9	2	3	1	10	1	3	0	4	0	0	0	1	4	0	5	0	4	20	10	0	0	0	5	10	0	1	2	0	1	3	1	0	1	4	2	0	3	0	1	0	2	0	0	1	2	0	0	3	1	0	5	2	3	0	9	3	0	3	5	0	1	4	0	0	1	0	0	0	5	3	0	1	2	0	0	
3	1	0	0	2	0	0	1	0	0	1	5	0	0	3	6	1	0	5	2	0	0	0	1	6	2	0	2	0	3	4	0	0	0	0	0	0	0	1	2	1	1	1	34	1	2	39	1	0	4	2	0	4	1	1	0	0	2	3	0	2	22	0	3	5	1	2	1	1	18	1	0	0	0	3	6	2	0	0	13	1	1	2	0	1	2	0	1	2	0	15	1	2	0	0	1	1	2	0	0	0	0	2	0	3	13	0	0	0	6	122	0	0	0	1	0	0	2	2	1	0	0	0	1	3	2	0	0	0	0	0	9	13	0	4	1	0	1	0	1	1	3	0	0	4	0	0	1	0	2	1	0	0	2	1	0	0	0	0	1	1	1	0	2	0	1	0	2	0	0	0	2	25	4	0	4	0	0	1	1	0	1	0	0	0	0	5	0	0	2	1	0	2	2	0	2	1	0	0	2	
0	1	0	0	0	2	0	1	2	0	13	0	0	0	0	0	0	0	0	1	0	0	0	0	19	1	11	0	0	0	2	0	1	27	0	0	16	2	3	0	1	1	0	5	1	0	1	0	0	1	0	4	2	0	1	1	0	4	0	0	1	0	1	0	1	1	9	2	0	2	4	2	0	0	0	0	0	1	0	3	0	0	2	0	0	5	5	0	0	32	0	0	9	1	0	0	1	0	2	4	0	0	1	2	3	0	0	1	2	2	0	1	0	3	1	4	0	0	7	46	0	4	4	0	0	1	2	6	3	1	4	0	3	0	16	0	14	0	0	1	12	25	1	1	0	3	25	0	9	0	0	2	9	6	1	2	0	1	1	1	0	0	1	1	1	2	18	2	3	2	1	0	2	0	144	0	0	0	0	3	1	0	0	1	1	1	0	2	0	10	1	1	0	0	3	0	5	0	0	0	
0	0	0	1	1	3	0	0	8	0	6	0	3	1	0	5	1	0	5	0	0	17	4	25	0	3	0	2	1	3	0	3	1	1	1	0	1	142	1	3	2	1	10	1	41	2	1	1	1	0	0	0	0	0	9	0	1	0	1	0	2	0	0	1	2	1	0	0	0	10	0	0	1	1	2	0	0	0	1	2	0	0	0	0	0	0	20	0	1	0	0	5	1	0	1	2	2	4	0	1	0	1	1	0	1	0	13	2	0	0	3	6	0	0	3	5	4	1	3	5	0	1	1	0	0	2	0	3	2	0	11	0	1	4	0	7	1	0	0	2	0	1	11	0	0	3	36	1	2	0	2	1	2	1	8	0	0	0	5	2	17	0	2	1	15	3	0	0	0	0	2	1	3	0	1	0	0	0	0	1	0	0	0	2	1	7	3	2	0	1	5	2	0	1	0	0	2	1	0	1	
7	0	0	0	1	1	2	0	0	0	1	0	1	2	0	1	0	2	21	1	1	0	1	2	3	0	2	1	1	1	9	2	3	2	0	1	1	0	0	3	3	3	2	0	0	4	0	0	0	2	5	3	0	7	13	0	0	1	1	2	0	0	0	0	1	0	2	0	0	0	0	19	1	10	0	2	1	0	0	9	0	2	1	0	0	0	4	0	0	0	2	1	3	0	1	1	1	0	4	0	0	1	0	1	0	4	0	0	0	0	6	0	0	1	0	2	0	5	3	2	1	8	0	3	2	13	0	1	0	1	1	1	28	1	2	1	0	0	3	0	2	0	0	0	3	0	1	0	1	1	0	1	1	4	1	0	2	1	18	2	0	0	0	1	0	0	1	0	0	0	20	0	3	4	0	0	0	3	0	8	1	0	0	0	0	2	4	0	6	2	2	0	0	0	0	0	0	0	1	2	
0	1	2	1	0	0	1	0	2	0	0	0	2	1	1	2	0	4	0	0	2	3	0	30	0	0	9	0	0	0	1	0	0	0	0	0	1	0	3	0	0	0	0	2	1	1	0	1	0	0	0	7	3	0	0	2	0	2	6	5	0	0	1	1	1	8	1	0	3	1	0	3	2	3	0	3	0	0	19	1	0	0	0	0	1	0	1	0	3	0	4	0	1	3	0	4	0	0	0	2	0	0	0	2	1	1	1	2	1	8	1	1	60	1	3	0	5	1	0	0	3	0	0	1	1	0	0	12	0	5	3	0	0	0	2	4	11	1	1	0	1	2	0	2	0	0	2	1	3	0	0	1	0	0	45	1	0	1	5	1	0	1	0	0	0	0	1	0	0	0	0	1	3	4	1	0	0	0	0	0	0	1	10	2	0	0	7	1	3	3	0	26	3	0	0	3	0	0	0	0	
2	2	0	0	0	3	0	0	2	0	0	0	0	0	6	1	0	0	1	1	0	1	0	0	0	0	3	0	0	0	3	0	2	0	1	0	2	8	0	0	2	0	0	0	0	0	0	2	2	0	0	1	0	1	0	0	0	2	3	0	0	3	5	0	0	0	0	0	6	1	4	1	0	0	0	0	0	0	0	3	0	0	0	1	1	1	0	1	0	1	0	4	0	7	0	1	1	1	0	2	2	0	0	2	2	0	22	0	0	0	3	8	0	3	5	4	3	0	0	0	7	2	0	3	0	4	0	2	12	3	6	3	0	0	11	1	26	0	0	1	0	0	4	24	1	2	4	0	3	1	0	9	0	1	1	0	0	0	2	0	39	0	0	0	0	0	0	0	1	2	0	2	5	0	1	1	0	1	1	0	0	3	0	0	1	1	3	0	0	2	2	6	0	0	0	0	0	4	0	2	
1	2	1	1	2	2	0	1	2	1	0	0	0	0	1	1	3	1	7	1	0	0	1	8	3	2	3	0	0	1	0	0	0	0	0	5	2	3	2	0	0	0	0	3	1	2	0	0	1	3	2	0	2	0	2	1	0	7	5	1	0	4	1	1	0	0	4	0	3	1	1	1	0	0	0	0	0	2	2	1	1	0	2	0	0	1	0	1	0	0	1	0	0	2	2	2	23	0	0	0	0	1	1	0	29	1	0	0	1	3	1	22	12	4	2	3	6	1	4	6	0	1	2	0	0	1	4	0	0	0	1	0	0	4	0	0	0	1	4	0	0	0	5	1	9	0	27	0	4	2	0	0	2	0	0	0	0	0	0	1	1	0	1	2	4	1	1	0	0	0	2	1	1	0	20	0	3	44	0	3	29	1	2	0	3	1	3	0	0	5	0	1	1	3	2	3	4	0	1	1	
0	5	1	0	0	0	0	0	0	1	1	1	0	0	2	29	0	0	1	0	0	0	0	0	0	1	0	8	0	3	2	1	0	2	0	1	0	2	2	0	2	7	0	0	2	1	0	1	0	0	1	1	0	0	0	1	0	0	0	0	0	5	0	1	0	0	4	1	1	11	0	0	0	1	0	0	0	1	1	0	0	0	0	2	3	0	3	0	0	1	34	1	0	0	0	30	0	0	0	0	3	3	1	2	165	1	2	1	0	0	1	1	1	4	3	2	0	3	1	0	1	4	0	16	0	0	2	0	1	4	0	3	1	8	0	1	0	0	1	0	5	0	1	1	1	7	0	0	0	2	50	0	0	2	5	2	0	3	2	5	0	2	23	0	2	0	5	2	3	2	0	2	2	10	6	0	0	0	0	0	0	0	2	0	0	0	1	18	0	0	0	0	0	2	2	3	0	1	1	2	
0	0	1	1	0	1	0	5	1	0	0	3	0	4	2	2	6	0	2	1	3	3	0	0	0	0	0	1	0	0	5	3	3	0	0	2	0	0	0	1	0	0	1	3	2	0	0	3	15	2	0	0	1	1	0	1	0	2	0	6	0	0	0	0	3	3	2	0	0	0	3	0	7	1	2	2	1	1	0	1	6	0	0	0	1	0	0	2	1	0	2	0	5	0	0	0	0	0	0	3	0	0	4	6	2	6	5	5	2	1	0	0	0	0	1	2	4	1	4	4	0	24	1	9	0	14	0	5	1	1	1	9	0	0	1	26	0	2	1	0	0	0	0	2	0	2	3	0	0	3	0	1	0	1	0	1	5	3	0	2	2	1	2	2	2	1	1	2	1	2	0	20	0	0	1	2	0	1	1	0	0	2	18	2	1	3	30	1	0	0	0	0	0	1	2	2	0	0	1	0	
6	0	2	2	0	2	0	0	0	0	0	1	0	2	0	0	2	0	1	0	2	1	1	0	1	3	0	5	2	2	1	0	0	3	2	0	0	0	1	0	2	2	0	0	0	2	0	1	0	1	0	0	1	0	0	1	1	2	5	0	1	1	1	1	0	0	4	0	0	3	3	0	2	0	0	2	4	1	1	2	6	2	1	1	1	1	1	0	1	2	0	0	0	2	2	3	2	5	1	2	0	12	1	0	1	0	22	28	3	1	0	5	3	6	0	0	1	0	0	3	2	0	3	3	1	0	4	1	0	0	0	0	15	36	0	3	0	0	3	10	0	0	2	10	1	4	1	0	0	1	0	0	1	2	7	2	2	0	0	0	0	1	0	3	1	1	0	0	1	0	6	4	0	1	11	2	12	4	0	3	2	2	0	10	0	0	1	0	2	0	1	0	3	3	0	2	1	2	0	1	
0	3	2	2	4	4	5	1	2	2	1	1	37	0	0	1	1	4	0	1	0	0	1	0	0	0	0	3	14	1	0	2	0	2	1	1	0	3	1	2	2	1	4	0	0	2	0	1	0	2	3	1	1	0	4	3	2	0	0	0	0	1	0	0	1	2	0	0	3	0	0	4	3	3	0	0	2	0	0	1	1	1	0	0	5	3	0	0	2	2	0	1	0	0	1	2	3	1	0	2	1	1	34	0	0	0	0	2	0	9	3	0	0	0	4	0	27	0	0	0	1	14	2	0	1	5	0	0	0	3	2	2	1	3	0	0	0	0	0	1	4	0	0	1	3	2	0	0	1	2	1	2	1	1	0	1	0	0	0	6	0	1	2	0	0	3	0	0	0	0	1	0	0	0	0	0	2	0	4	7	4	0	6	15	0	0	0	0	1	0	1	0	0	1	1	3	1	0	0	0	
2	0	0	0	2	0	0	0	0	2	0	0	1	2	6	0	0	3	0	0	4	0	11	0	9	1	0	2	1	0	18	0	0	0	2	1	0	5	0	2	7	1	0	3	0	1	2	0	1	0	1	1	1	1	2	1	1	1	2	0	0	0	0	1	0	0	2	0	0	1	2	1	0	2	0	0	0	0	0	3	0	0	0	3	5	0	1	0	0	1	0	1	4	2	10	0	1	3	2	3	8	1	13	0	6	4	3	0	3	7	0	0	5	20	2	1	1	0	0	7	6	2	2	0	1	3	2	0	1	0	0	16	2	1	1	22	0	1	1	2	7	1	2	0	1	0	0	1	2	0	0	1	1	1	3	0	2	0	5	3	3	0	2	1	1	4	0	2	4	5	0	0	2	0	3	0	0	4	1	3	2	2	0	4	2	0	0	1	0	0	0	2	4	3	1	3	0	0	3	2	
3	1	0	2	2	3	0	2	0	1	0	0	1	31	0	0	0	5	0	0	2	0	9	0	2	5	1	0	0	6	1	2	1	1	0	2	1	2	0	11	1	1	3	0	2	0	1	0	0	2	0	1	0	3	0	2	1	0	1	3	0	0	7	3	1	3	11	3	2	1	0	0	0	1	0	0	6	1	1	0	0	1	1	2	7	0	1	1	0	0	0	0	2	0	0	0	28	0	7	0	0	0	2	1	0	4	0	2	3	0	5	0	0	2	1	0	1	0	0	14	0	0	3	0	0	0	1	1	8	3	5	0	1	3	4	0	0	0	0	2	2	5	2	6	4	52	13	0	0	0	1	0	5	0	4	1	0	0	0	0	0	0	0	1	0	0	4	0	1	1	0	1	0	0	5	0	5	3	1	1	0	1	23	1	1	0	0	0	0	1	0	4	0	2	0	0	4	3	0	1	
0	1	0	0	1	2	0	2	0	1	0	21	12	3	0	1	4	1	0	6	4	1	0	2	5	3	1	1	1	0	3	1	1	0	0	0	1	5	1	1	1	0	0	1	0	1	2	2	1	4	3	0	0	0	4	0	1	6	15	1	1	0	0	0	2	0	6	0	1	1	0	0	0	0	0	2	0	0	0	2	0	3	1	1	29	0	1	1	5	0	4	1	0	0	4	4	0	3	0	4	2	0	1	3	0	3	1	2	1	0	1	2	2	0	2	0	0	0	1	3	0	0	3	0	4	3	3	4	0	0	0	1	0	3	9	4	1	0	0	35	4	4	2	0	1	5	0	1	0	0	0	0	3	0	0	1	0	0	0	0	1	11	4	5	6	3	1	0	0	0	4	3	4	7	1	0	3	40	1	2	5	1	0	0	0	0	4	0	1	2	1	5	0	1	0	2	1	1	0	12	
0	0	207	2	0	1	1	2	1	1	1	0	1	11	14	2	3	7	1	4	1	12	2	4	0	3	1	0	1	1	0	5	0	3	1	1	0	0	1	3	1	0	2	0	1	0	0	0	6	10	0	0	2	0	0	0	3	1	0	0	6	1	22	1	0	0	3	1	0	0	0	0	0	0	1	1	0	2	0	0	0	0	0	0	0	0	1	0	0	2	0	3	1	2	2	1	1	23	5	1	0	0	1	1	0	0	0	0	0	2	1	1	27	4	1	0	0	0	0	1	2	0	1	3	0	0	0	2	4	5	1	0	2	1	0	3	0	2	0	2	0	1	1	1	0	1	2	0	1	0	0	0	6	3	0	3	2	2	1	1	49	1	0	0	4	1	0	2	2	0	1	0	12	0	0	0	0	0	0	1	1	0	0	2	0	0	0	0	3	1	16	1	3	2	0	2	0	21	6	0	
2	3	6	7	1	0	0	4	0	1	23	0	3	17	0	2	1	0	0	1	143	0	0	1	0	0	1	4	0	1	10	0	4	0	0	1	0	0	1	4	3	0	0	2	0	2	2	0	1	2	0	1	2	0	0	0	1	0	1	1	21	5	0	0	0	0	1	0	5	0	0	0	0	0	0	1	0	1	11	1	2	0	0	1	0	1	0	3	0	8	0	3	3	0	2	0	0	9	1	2	2	0	0	1	0	0	6	0	0	2	1	0	0	0	0	1	3	0	1	0	6	0	11	0	1	0	0	0	5	0	3	0	2	0	1	0	0	0	1	0	4	0	0	0	0	10	1	0	0	0	0	0	0	1	1	0	0	9	0	4	1	0	1	2	1	0	0	2	0	4	0	0	0	0	2	2	0	2	1	0	1	1	0	12	0	1	1	7	2	1	1	6	1	5	9	0	1	0	3	3	
33	2	1	1	2	0	0	2	1	0	0	2	0	0	2	0	4	0	0	16	2	0	0	0	0	1	0	1	0	0	0	3	2	1	0	1	0	0	0	0	0	0	1	1	0	2	1	0	1	1	0	0	0	1	1	2	0	1	1	6	0	0	0	3	0	0	0	4	21	3	15	3	5	0	0	1	2	0	2	0	1	0	0	0	1	0	1	0	0	4	0	8	1	4	11	0	0	9	1	7	0	0	3	0	20	2	2	7	0	9	0	1	2	0	0	0	5	1	2	0	26	2	4	0	1	4	0	1	1	1	2	3	0	0	2	0	2	0	10	3	0	1	0	0	0	3	2	3	1	9	0	3	0	0	2	3	0	2	1	20	1	0	0	1	6	2	0	2	2	0	0	3	0	2	1	0	0	2	0	4	1	0	0	0	0	1	2	0	0	2	2	1	0	0	2	2	0	12	0	0	
2	0	9	0	11	1	0	2	4	1	18	2	0	0	1	0	0	1	0	2	0	1	0	1	0	0	0	0	0	1	0	4	0	9	0	1	0	1	1	1	0	0	1	0	1	1	0	1	0	2	0	0	0	0	2	0	0	1	3	1	0	3	0	3	0	1	14	6	1	0	0	1	0	0	2	0	1	0	0	1	0	5	1	0	2	1	0	3	1	1	2	0	2	3	0	0	21	2	0	0	0	1	1	2	2	0	10	0	4	0	0	6	2	0	0	0	5	2	0	2	0	0	47	0	0	0	1	4	2	1	0	0	0	0	0	2	0	1	1	3	1	4	0	1	0	0	2	0	1	0	58	3	1	0	0	5	2	2	4	0	0	0	0	0	0	5	1	0	0	1	0	0	0	0	7	1	5	2	2	1	1	5	1	1	0	0	7	0	0	0	5	0	4	1	0	0	27	1	1	2	
0	0	3	0	5	2	6	1	5	0	0	13	0	5	0	0	1	0	1	0	2	0	0	0	2	2	0	0	4	6	0	0	1	2	0	2	0	1	1	0	0	3	0	0	0	1	0	0	2	2	12	3	1	0	2	2	12	0	1	2	0	0	0	0	2	2	0	1	0	0	0	1	0	2	0	2	0	1	1	1	0	3	0	0	3	0	0	1	3	1	3	1	0	2	2	0	2	0	0	1	2	0	4	1	0	0	5	0	1	0	0	0	3	0	1	1	0	0	0	0	25	2	3	1	1	2	3	3	0	0	0	1	0	1	6	1	0	6	4	0	3	1	0	1	0	5	0	0	0	0	1	4	0	4	2	76	0	0	1	4	13	1	0	0	0	7	0	0	1	0	2	2	0	1	1	1	0	1	5	1	0	1	6	0	0	0	2	1	1	0	0	0	1	0	1	0	2	0	0	2	
0	0	0	0	3	2	1	0	1	3	1	26	0	17	1	0	0	1	5	0	0	0	3	6	1	3	2	1	0	0	2	0	0	1	1	3	3	0	2	1	0	2	1	0	1	0	0	0	2	3	2	1	0	1	1	2	2	1	0	3	3	1	0	1	1	0	3	1	1	1	5	0	0	1	0	2	1	3	0	0	2	4	6	4	1	6	2	1	4	1	0	0	0	0	6	2	3	0	2	4	0	0	1	2	0	0	1	0	0	0	0	3	1	1	0	1	9	1	1	5	1	1	1	0	0	0	1	2	1	0	1	0	1	3	9	5	3	2	2	2	0	1	4	2	2	0	0	63	5	2	2	0	0	1	1	1	4	0	0	0	0	0	6	0	0	2	0	4	3	0	2	0	1	0	3	0	0	0	1	0	3	5	0	2	1	0	4	0	0	5	2	0	2	1	0	3	0	4	0	3	
0	0	5	1	3	1	1	3	0	1	2	3	1	0	17	1	0	0	0	1	0	3	0	0	0	0	2	4	8	2	0	0	2	0	3	0	3	6	0	1	0	1	0	0	1	0	0	0	1	2	1	1	0	0	13	0	0	0	1	2	0	0	5	0	0	0	1	0	0	0	0	0	1	2	19	1	3	0	6	0	0	0	2	7	3	0	1	0	0	2	82	0	0	1	3	1	2	0	4	63	1	1	2	1	1	2	3	0	25	3	7	3	4	1	0	0	0	1	1	1	0	31	0	5	2	12	0	1	1	0	0	2	1	3	1	1	5	2	1	0	6	0	0	1	1	2	0	41	0	0	0	0	2	0	0	0	1	0	0	0	1	3	1	1	2	3	1	1	2	3	0	3	1	1	7	0	0	2	3	1	2	3	8	0	1	10	0	2	0	0	0	3	0	0	3	0	2	0	2	0	
0	0	0	8	1	0	1	1	1	1	1	1	1	0	0	0	2	30	0	4	0	0	3	2	1	2	0	1	0	2	3	1	0	0	2	0	0	0	0	0	2	1	0	0	0	3	0	3	1	1	3	13	0	0	0	1	20	1	4	0	3	24	1	21	0	0	0	0	0	2	1	3	0	51	0	0	3	0	3	1	0	0	1	1	1	1	5	4	0	1	3	5	0	3	4	0	3	1	0	1	0	0	0	4	1	1	0	3	3	2	2	0	6	5	0	3	0	0	2	1	0	1	0	0	3	0	3	3	0	2	0	0	3	0	0	1	1	1	1	4	1	2	1	0	0	1	0	5	1	1	2	6	0	36	1	2	8	32	5	1	53	1	0	0	0	0	1	0	2	0	1	2	9	34	0	4	0	3	0	9	0	0	2	0	2	2	1	3	3	2	4	1	0	0	2	0	1	2	0	0	
0	2	2	0	18	1	0	0	1	0	1	1	1	1	1	0	1	0	2	6	0	2	0	0	1	1	14	39	3	3	0	2	0	0	0	0	0	3	0	2	0	8	1	0	0	0	0	1	3	0	0	0	0	0	0	1	7	10	0	0	0	4	0	3	0	0	1	0	0	0	0	0	1	1	1	1	0	1	0	2	1	0	1	0	0	3	0	0	1	0	0	0	9	0	1	4	0	2	2	0	0	4	0	6	0	6	0	0	1	7	4	3	0	3	1	0	8	0	5	1	0	0	2	2	0	0	0	5	2	3	1	1	0	3	0	0	1	2	0	4	0	6	1	5	0	4	1	4	0	0	4	1	1	1	0	0	0	0	3	4	1	0	1	2	0	0	0	2	2	3	1	3	0	0	2	0	0	0	1	0	4	4	0	1	0	0	1	0	2	1	0	5	0	0	0	0	4	4	1	0	
9	1	0	1	4	0	1	2	1	3	0	1	5	0	1	5	1	1	2	1	2	0	0	7	1	0	2	7	1	2	0	0	1	0	0	0	0	2	0	0	0	2	10	0	0	0	1	0	1	0	2	0	2	0	1	1	2	2	1	3	1	2	0	3	2	2	4	8	1	0	0	0	1	0	1	1	3	0	7	0	3	1	4	0	0	3	5	4	2	0	0	5	0	3	6	0	2	2	0	2	0	1	0	0	0	0	2	0	1	1	2	1	1	1	0	0	0	1	0	1	0	0	1	2	0	22	0	1	0	0	4	0	1	5	3	0	0	3	0	0	2	2	3	3	0	2	1	0	2	1	20	1	0	0	0	2	0	0	48	0	0	5	0	0	0	0	0	0	0	3	0	0	2	2	0	0	0	1	0	0	8	1	0	0	0	0	1	0	3	0	6	0	1	2	0	3	0	1	0	2	
0	0	2	3	7	3	0	1	2	0	2	2	8	11	1	2	0	0	0	0	0	1	4	0	0	2	5	1	2	0	0	0	0	1	5	1	10	1	0	0	0	2	15	0	1	0	8	0	0	0	0	0	1	0	0	0	1	2	0	1	2	0	0	0	1	3	1	1	0	3	0	3	3	0	0	0	0	2	0	0	0	0	0	0	0	1	3	0	0	0	1	4	0	1	115	3	0	7	0	0	4	0	4	0	1	2	1	1	0	0	0	0	0	0	2	0	1	0	4	10	0	6	0	1	0	0	1	48	1	0	0	0	2	0	14	0	0	0	0	1	2	0	5	6	9	0	0	0	1	0	0	0	0	0	1	0	0	6	1	1	0	0	4	0	1	0	2	0	0	21	1	1	3	0	0	3	0	0	3	1	1	0	0	0	0	3	3	1	0	0	0	2	1	0	1	1	7	0	0	8	
3	1	1	3	0	1	2	9	39	2	2	0	1	1	0	0	0	3	0	2	0	0	3	1	0	1	3	0	2	3	0	0	8	5	2	0	1	3	1	1	8	1	1	2	3	0	0	2	0	0	1	0	0	0	1	1	2	2	0	1	0	2	0	0	1	1	0	4	0	0	0	4	0	4	2	0	36	0	4	2	4	2	0	0	0	0	7	0	0	4	0	0	2	0	1	5	2	1	1	3	2	0	4	1	7	4	10	0	0	0	0	0	2	3	0	0	33	0	1	0	13	0	6	1	0	0	0	1	6	4	0	0	0	0	2	0	0	1	3	1	0	2	2	0	6	0	0	3	0	0	0	7	0	7	2	1	1	38	1	4	7	1	4	1	1	1	0	0	0	2	0	0	4	2	1	0	0	5	3	1	7	1	2	0	1	0	0	2	7	0	0	0	2	8	0	2	5	9	0	0	
0	0	0	1	1	10	2	2	9	0	0	1	7	0	0	0	2	2	0	0	0	16	1	0	1	0	0	0	0	0	0	0	4	1	0	0	1	0	1	1	1	7	2	1	1	1	2	1	0	12	3	1	1	1	1	0	0	2	1	1	1	0	0	4	0	2	1	0	6	0	1	1	3	1	0	0	1	2	1	11	0	4	0	5	0	9	5	2	3	4	3	0	0	2	0	1	2	5	3	4	1	0	4	0	0	1	3	0	1	1	2	1	3	0	5	2	0	0	0	3	3	1	0	24	4	0	1	1	0	34	5	2	0	4	0	0	0	0	1	0	1	1	0	4	1	0	0	0	0	1	0	0	5	4	0	1	0	0	1	6	0	0	0	0	28	0	3	0	0	0	1	3	1	1	0	0	0	0	2	3	2	3	3	2	0	1	2	1	1	0	1	3	0	0	5	1	0	1	3	0	
1	1	1	0	1	0	2	0	1	3	2	1	0	1	0	0	1	0	1	0	3	2	0	0	0	0	0	1	4	0	7	1	1	0	1	0	0	4	3	1	16	0	1	0	1	2	1	0	1	0	0	0	2	0	0	1	2	0	0	0	0	0	0	0	6	1	0	4	2	0	0	10	0	0	1	0	2	0	14	2	4	0	2	0	4	0	0	1	0	0	0	1	0	1	0	2	1	4	2	0	11	2	2	0	0	1	0	2	0	1	0	3	3	0	1	2	1	0	2	2	1	0	0	1	6	0	1	9	1	0	0	0	0	4	0	1	0	0	0	0	1	0	1	1	0	1	0	1	5	0	1	0	41	0	10	0	0	12	4	2	27	0	7	0	2	0	0	1	0	0	0	0	2	0	1	1	5	1	1	0	2	2	1	1	0	0	2	1	6	4	1	0	0	1	2	1	0	2	1	3	
0	0	5	1	0	0	1	2	0	0	0	1	0	3	0	0	1	0	3	0	8	1	2	0	1	0	1	0	1	0	0	0	1	3	1	0	0	0	1	0	1	1	11	1	5	2	1	0	1	1	0	0	1	1	0	1	7	3	1	0	0	2	0	1	0	1	0	36	1	0	3	0	8	2	0	2	17	0	0	14	2	2	1	3	0	1	2	9	4	0	0	3	9	1	1	0	0	0	0	0	1	3	0	0	0	0	0	0	0	0	0	0	0	2	1	15	2	1	3	1	0	4	3	0	0	1	7	3	1	17	0	1	0	2	5	1	0	0	5	0	0	0	1	0	2	3	0	2	1	1	1	0	1	0	0	9	0	0	0	1	0	2	4	7	2	31	1	0	3	0	1	0	0	0	7	2	3	8	0	1	2	4	0	2	1	1	2	1	1	2	0	2	1	1	0	0	1	3	24	0	
0	0	1	0	32	1	1	1	0	69	8	1	6	43	2	1	1	4	0	1	0	0	3	2	0	2	0	3	5	0	1	2	8	0	1	1	0	1	1	2	1	0	1	4	3	0	0	1	0	2	1	3	0	0	1	0	2	1	3	3	1	0	1	3	1	0	1	0	1	4	2	0	2	0	2	0	7	1	1	0	2	1	16	0	1	7	0	0	0	1	0	7	0	6	0	5	2	3	0	2	2	0	0	2	2	0	5	1	1	2	0	1	2	0	0	2	0	2	0	1	0	7	0	0	0	3	31	1	5	53	7	0	1	0	1	1	2	0	1	0	0	1	2	3	1	0	0	9	0	17	0	0	0	40	0	7	0	8	2	2	3	0	1	1	5	16	0	0	0	0	0	0	1	0	4	0	0	0	3	0	1	0	0	0	0	0	0	0	12	1	2	2	4	1	3	1	0	0	27	1	
0	4	0	1	1	2	0	1	0	2	1	33	0	0	5	2	0	0	2	1	2	0	1	2	0	1	0	1	1	0	0	1	0	2	1	1	1	0	0	9	0	0	3	2	5	0	0	23	0	0	1	0	0	1	2	3	1	2	3	11	0	0	0	1	0	4	1	29	0	2	0	0	1	0	3	0	1	2	17	0	0	0	0	5	1	0	1	0	0	0	0	2	2	8	0	1	0	15	1	0	2	0	0	11	0	1	1	0	4	0	2	1	0	4	6	3	0	3	4	0	0	2	0	0	0	0	1	0	0	12	4	0	7	0	0	1	1	0	20	1	6	0	0	0	0	0	0	2	1	1	1	1	2	1	0	11	3	0	2	0	3	1	0	0	0	0	0	0	0	3	0	3	1	2	0	0	0	2	0	1	0	0	0	26	1	1	3	1	0	14	1	2	0	2	0	1	7	1	0	2	
3	0	0	10	1	2	1	1	2	2	0	1	1	2	1	0	2	2	3	3	1	0	0	2	0	2	3	0	0	0	0	1	0	2	0	4	0	0	0	1	0	2	3	1	0	2	0	1	3	0	5	0	0	2	1	2	3	0	1	0	1	0	3	2	0	0	3	0	3	7	1	3	34	0	0	3	2	3	3	6	5	9	3	4	0	6	2	0	2	0	0	0	2	0	2	13	0	0	0	4	0	0	0	0	2	0	1	6	0	0	3	2	0	0	1	3	22	2	1	0	1	1	2	0	2	0	6	3	0	6	0	1	1	6	0	1	1	11	1	1	0	0	1	1	3	7	0	4	5	4	2	0	0	0	0	0	0	2	1	7	2	2	0	0	2	0	0	3	2	5	1	8	0	24	1	0	1	2	7	0	1	2	0	2	1	1	0	3	1	0	2	63	0	3	5	0	2	0	0	2	
0	2	1	1	1	0	7	0	2	2	0	1	2	0	0	0	1	0	0	0	0	0	0	2	1	1	0	0	1	0	1	5	0	0	4	0	1	5	0	0	0	2	11	3	0	0	0	2	6	2	0	0	3	0	0	0	2	1	2	1	2	2	0	0	3	0	2	1	0	0	3	0	3	0	1	21	1	1	1	1	4	1	3	0	0	0	4	7	0	4	1	28	0	2	0	1	2	1	5	0	1	0	1	0	2	1	3	3	21	0	0	4	0	0	0	1	0	1	0	0	1	0	1	1	1	4	0	0	0	0	2	2	0	4	0	2	0	3	0	3	0	0	2	0	0	0	0	3	0	1	2	0	1	0	1	0	5	0	0	1	0	1	0	3	1	0	1	0	18	2	0	0	0	0	2	1	2	2	2	0	0	2	0	21	0	0	2	2	21	0	6	0	4	2	5	0	1	1	0	2	
3	3	5	0	1	3	0	1	22	0	1	2	2	0	11	1	3	3	0	0	2	0	0	0	12	11	0	0	0	2	0	3	6	1	4	0	11	0	3	1	0	1	0	5	1	1	7	0	0	0	0	1	2	21	1	0	4	1	0	0	0	0	0	1	6	1	0	0	1	0	0	6	0	1	0	4	4	0	1	0	0	0	1	1	0	0	0	0	1	0	22	2	0	2	1	1	0	0	1	1	0	0	0	1	0	1	1	2	5	4	6	0	2	0	10	3	2	0	42	1	3	2	3	3	5	2	0	0	1	0	0	0	2	65	1	2	0	0	0	1	0	23	0	1	0	3	2	0	0	1	0	1	0	0	0	1	4	0	2	0	0	1	5	1	1	9	0	0	0	0	4	0	0	0	1	0	1	3	0	1	0	1	0	9	4	0	32	0	0	0	0	0	1	1	0	0	0	11	0	2	
0	1	0	0	0	6	7	0	0	1	2	0	2	0	0	5	3	2	0	6	0	0	3	0	1	0	0	0	0	0	0	1	0	3	0	1	1	0	3	0	3	2	0	0	1	0	1	0	4	1	0	0	0	25	0	1	0	0	2	0	0	0	1	0	0	1	1	0	2	2	5	4	0	4	0	0	2	1	9	0	4	2	0	1	0	2	3	0	2	0	0	4	1	1	12	2	3	2	2	1	0	6	0	9	0	9	1	0	0	3	27	1	23	5	2	0	2	2	2	2	1	0	0	0	0	2	6	3	0	2	1	1	2	1	0	2	4	2	3	0	0	2	3	4	0	1	0	0	5	1	0	0	2	1	1	4	1	2	0	0	0	2	0	2	1	0	1	0	3	0	0	1	2	4	2	3	2	1	13	0	0	0	8	12	1	5	0	3	1	0	0	3	1	2	0	0	3	1	1	0	
2	0	8	0	2	1	4	4	0	1	2	1	1	2	0	5	0	0	0	2	0	0	0	0	1	0	1	2	1	0	0	0	1	2	1	0	1	10	0	2	0	0	4	0	0	0	0	2	0	1	0	0	1	23	1	4	0	1	1	0	1	3	0	0	2	0	0	3	0	2	0	0	1	0	2	1	1	7	3	0	0	2	0	0	34	0	0	0	3	1	0	1	2	1	0	1	4	0	4	1	5	23	4	0	2	5	0	2	5	2	4	2	5	5	1	0	0	0	4	1	3	0	1	0	0	0	6	0	1	0	0	7	1	1	0	24	4	6	8	6	0	0	1	3	1	0	0	0	7	0	0	2	0	6	8	0	0	1	1	1	0	2	0	2	2	3	4	1	0	0	0	3	1	3	0	1	2	2	1	0	2	3	0	0	0	20	5	1	1	1	1	35	0	0	2	4	2	1	2	0	
4	2	4	2	0	0	1	1	2	1	0	0	1	1	0	0	0	0	0	2	1	9	0	1	3	3	0	2	5	0	0	0	0	0	6	3	0	0	1	1	0	1	2	1	3	0	0	1	0	3	0	1	1	33	50	4	2	7	3	0	1	7	1	0	0	0	0	2	4	0	6	0	1	0	1	0	3	0	2	1	2	1	2	1	2	1	0	2	44	0	3	1	0	0	0	0	1	0	4	4	0	5	3	11	0	24	2	1	2	5	2	8	2	3	2	0	0	1	1	6	1	1	10	3	4	0	0	1	7	1	2	0	1	0	2	3	0	0	37	0	6	1	2	1	0	3	0	1	1	1	2	0	1	0	2	0	0	0	0	0	1	0	3	0	0	0	2	0	0	0	32	0	3	0	1	1	0	0	5	0	0	33	1	0	0	2	3	7	2	19	0	0	1	4	2	1	2	0	1	0	
0	0	2	1	0	1	4	0	1	0	5	0	0	0	0	0	2	2	0	0	0	0	2	4	0	0	0	1	3	0	3	10	3	1	0	1	1	3	0	9	0	6	10	1	1	0	0	0	13	5	0	1	1	0	0	0	0	0	0	2	0	0	0	19	0	0	13	0	0	2	1	1	1	0	9	0	3	0	1	1	1	0	1	0	0	2	2	26	0	1	2	0	0	0	0	2	0	1	16	3	1	3	1	2	1	1	2	0	23	2	2	1	1	0	4	27	0	6	0	1	1	0	0	7	0	2	1	0	0	3	0	1	0	0	0	0	3	0	1	5	0	1	0	0	2	0	0	0	5	1	2	1	0	3	3	0	0	4	2	0	10	1	1	0	1	1	0	0	0	2	0	0	0	0	0	2	3	2	0	0	0	1	1	0	0	0	0	0	0	1	1	0	0	3	0	9	0	0	0	3	
