1	0.003820
2	0.006420
3	0.007828
4	0.008356
5	0.009296
6	0.009416
7	0.010484
8	0.010536
9	0.013120
10	0.015632
11	0.018216
12	0.019336
13	0.020096
14	0.024284
15	0.027916
16	0.030660
17	0.032904
18	0.031524
19	0.035612
20	0.035288
21	0.038788
22	0.038392
23	0.040132
24	0.042936
25	0.044368
26	0.045876
27	0.049352
28	0.047900
29	0.049624
30	0.048472
31	0.049516
32	0.051544
33	0.054544
34	0.056088
35	0.059452
36	0.059928
37	0.063352
38	0.068692
39	0.072256
40	0.075564
41	0.079252
42	0.077208
43	0.079544
44	0.080556
45	0.082768
46	0.086284
47	0.088704
48	0.092168
49	0.096204
50	0.098908
51	0.099724
52	0.100096
53	0.102000
54	0.101324
55	0.099572
56	0.098884
57	0.102120
58	0.100536
59	0.103492
60	0.100588
61	0.111624
62	0.114152
63	0.119536
64	0.123344
65	0.124708
66	0.126360
67	0.126724
68	0.131860
69	0.134028
70	0.131744
71	0.133776
72	0.135892
73	0.149444
74	0.143096
75	0.145868
76	0.141576
77	0.150584
78	0.151212
79	0.146904
80	0.153748
81	0.150844
82	0.149072
83	0.149420
84	0.152940
85	0.153388
86	0.151580
87	0.152200
88	0.152844
89	0.157428
90	0.158892
91	0.165672
92	0.160120
93	0.168668
94	0.167244
95	0.168424
96	0.174048
97	0.174236
98	0.168856
99	0.170308
100	0.172260
101	0.183320
102	0.191236
103	0.189520
104	0.186732
105	0.195016
106	0.189780
107	0.196348
108	0.204352
109	0.211724
110	0.207116
111	0.207412
112	0.201636
113	0.210512
114	0.215624
115	0.216156
116	0.210844
117	0.213996
118	0.216880
119	0.214340
120	0.217204
121	0.213640
122	0.223756
123	0.220412
124	0.221380
125	0.222928
126	0.219424
127	0.214668
128	0.212920
129	0.223376
130	0.220436
131	0.228872
132	0.228432
133	0.225088
134	0.236224
135	0.233564
136	0.239764
137	0.244592
138	0.244232
139	0.248704
140	0.248656
141	0.243668
142	0.254436
143	0.261612
144	0.264892
145	0.264800
146	0.267420
147	0.260892
148	0.259472
149	0.260192
150	0.266748
151	0.266856
152	0.260724
153	0.269404
154	0.267440
155	0.263956
156	0.265204
157	0.271628
158	0.276128
159	0.276772
160	0.267992
161	0.272344
162	0.278392
163	0.279884
164	0.285904
165	0.281428
166	0.287416
167	0.282640
168	0.273000
169	0.272952
170	0.275584
171	0.280612
172	0.291444
173	0.298160
174	0.302836
175	0.302576
176	0.291916
177	0.299456
178	0.298192
179	0.301604
180	0.302000
181	0.302740
182	0.302772
183	0.303556
184	0.300324
185	0.298584
186	0.299268
187	0.301544
188	0.299816
189	0.299012
190	0.301772
191	0.310532
192	0.320852
193	0.320248
194	0.320476
195	0.314664
196	0.310324
197	0.306952
198	0.310584
199	0.314376
200	0.313356
201	0.319552
202	0.318520
203	0.318624
204	0.316936
205	0.314168
206	0.316524
207	0.320472
208	0.320412
209	0.315692
210	0.314212
211	0.305400
212	0.314676
213	0.315728
214	0.314344
215	0.305528
216	0.304236
217	0.303388
218	0.298272
219	0.300916
220	0.301716
221	0.285956
222	0.300544
223	0.295028
224	0.307620
225	0.303472
226	0.326820
227	0.308848
228	0.305988
229	0.317652
230	0.310976
231	0.305816
232	0.307508
233	0.305972
234	0.306944
235	0.303052
236	0.300180
237	0.296224
238	0.303420
239	0.301712
240	0.307784
241	0.313288
242	0.311920
243	0.312000
244	0.316020
245	0.307312
246	0.312516
247	0.320640
248	0.319556
249	0.320580
250	0.320068
251	0.325648
252	0.322196
253	0.325340
254	0.335476
255	0.321544
256	0.320340
257	0.317064
258	0.318860
259	0.322380
260	0.314088
261	0.310264
262	0.307792
263	0.307264
264	0.306168
265	0.310936
266	0.324140
267	0.324848
268	0.332032
269	0.335524
270	0.334636
271	0.334004
272	0.324328
273	0.327672
274	0.330876
275	0.327220
276	0.330840
277	0.333604
278	0.325680
279	0.326540
280	0.323508
281	0.323364
282	0.328460
283	0.327824
284	0.327656
285	0.328616
286	0.328128
287	0.327440
288	0.333184
289	0.326924
290	0.330164
291	0.336888
292	0.343324
293	0.342196
294	0.341412
295	0.350480
296	0.345104
297	0.341840
298	0.347384
299	0.347744
300	0.351728
301	0.358528
302	0.352024
303	0.349208
304	0.353396
305	0.350636
306	0.339896
307	0.343640
308	0.346456
309	0.352312
310	0.359848
311	0.358036
312	0.357476
313	0.363212
314	0.350248
315	0.355008
316	0.352756
317	0.357252
318	0.361312
319	0.361584
320	0.356040
321	0.358180
322	0.356672
323	0.362088
324	0.355096
325	0.354624
326	0.369468
327	0.377576
328	0.373068
329	0.379692
330	0.377064
331	0.370684
332	0.364568
333	0.364112
334	0.370320
335	0.376348
336	0.371524
337	0.370484
338	0.372156
339	0.373152
340	0.372068
341	0.369388
342	0.375488
343	0.378784
344	0.383056
345	0.378276
346	0.374888
347	0.370460
348	0.367332
349	0.366368
350	0.360460
351	0.354196
352	0.363136
353	0.363800
354	0.367572
355	0.367016
356	0.372864
357	0.375728
358	0.360360
359	0.370472
360	0.366392
361	0.371220
362	0.366788
363	0.378392
364	0.380540
365	0.382052
366	0.378088
367	0.382196
368	0.379524
369	0.388808
370	0.386196
371	0.380464
372	0.381228
373	0.382380
374	0.385420
375	0.381836
376	0.382272
377	0.380616
378	0.377696
379	0.381772
380	0.383396
381	0.397792
382	0.410184
383	0.399524
384	0.395528
385	0.395424
386	0.402636
387	0.401288
388	0.381400
389	0.399312
390	0.402724
391	0.396768
392	0.399524
393	0.400608
394	0.401156
395	0.397132
396	0.402580
397	0.402020
398	0.408020
399	0.414460
400	0.418068
401	0.415612
402	0.409636
403	0.399800
404	0.403696
405	0.417568
406	0.420780
407	0.412704
408	0.409552
409	0.403652
410	0.404068
411	0.407776
412	0.395728
413	0.399408
414	0.405012
415	0.409576
416	0.419256
417	0.423976
418	0.411484
419	0.422068
420	0.430856
421	0.417028
422	0.418232
423	0.428008
424	0.417368
425	0.418856
426	0.425200
427	0.422652
428	0.422288
429	0.422216
430	0.417864
431	0.419544
432	0.420620
433	0.427316
434	0.433676
435	0.440956
436	0.432356
437	0.422352
438	0.421116
439	0.429672
440	0.426556
441	0.413852
442	0.421652
443	0.431600
444	0.431152
445	0.421452
446	0.424964
447	0.430340
448	0.425936
449	0.428320
450	0.408176
451	0.414208
452	0.416708
453	0.419256
454	0.412580
455	0.422308
456	0.433084
457	0.433008
458	0.420088
459	0.425448
460	0.428736
461	0.428736
462	0.430284
463	0.420440
464	0.421608
465	0.420080
466	0.423584
467	0.435800
468	0.430736
469	0.432848
470	0.425732
471	0.428512
472	0.418724
473	0.424336
474	0.414224
475	0.425836
476	0.438860
477	0.438776
478	0.438096
479	0.435512
480	0.450392
481	0.436872
482	0.443296
483	0.441252
484	0.445328
485	0.434632
486	0.435604
487	0.437532
488	0.441868
489	0.432440
490	0.436280
491	0.436768
492	0.442340
493	0.443496
494	0.439772
495	0.436032
496	0.430488
497	0.438156
498	0.436920
499	0.426836
500	0.430228
501	0.438508
502	0.424652
503	0.432252
504	0.436208
505	0.438180
506	0.414244
507	0.421352
508	0.425692
509	0.418704
510	0.424020
511	0.436068
512	0.433160
513	0.442652
514	0.440292
515	0.431724
516	0.434184
517	0.423124
518	0.441056
519	0.433664
520	0.437220
521	0.428656
522	0.419932
523	0.419248
524	0.426228
525	0.424764
526	0.413848
527	0.414580
528	0.412456
529	0.419476
530	0.415952
531	0.427764
532	0.425884
533	0.424680
534	0.432216
535	0.435132
536	0.437396
537	0.437908
538	0.443656
539	0.449748
540	0.441396
541	0.442960
542	0.439212
543	0.446052
544	0.446152
545	0.440420
546	0.444144
547	0.447644
548	0.445356
549	0.452820
550	0.447900
551	0.448172
552	0.449796
553	0.447872
554	0.458580
555	0.460408
556	0.461500
557	0.453772
558	0.450704
559	0.454644
560	0.463152
561	0.456712
562	0.456172
563	0.445104
564	0.463724
565	0.457044
566	0.466276
567	0.457772
568	0.442612
569	0.453816
570	0.455812
571	0.449264
572	0.451556
573	0.443684
574	0.443336
575	0.455692
576	0.456048
577	0.447824
578	0.429176
579	0.433196
580	0.431480
581	0.431332
582	0.432976
583	0.427804
584	0.416496
585	0.417996
586	0.428068
587	0.439980
588	0.448608
589	0.451756
590	0.448652
591	0.454248
592	0.453412
593	0.444280
594	0.439728
595	0.437936
596	0.432204
597	0.433592
598	0.440016
599	0.449036
600	0.434944
601	0.444592
602	0.445504
603	0.450604
604	0.453304
605	0.453204
606	0.451040
607	0.456984
608	0.455688
609	0.450100
610	0.447168
611	0.445252
612	0.449000
613	0.444568
614	0.442476
615	0.432604
616	0.424328
617	0.443016
618	0.451728
619	0.437956
620	0.437468
621	0.436636
622	0.442544
623	0.439584
624	0.435260
625	0.430352
626	0.432332
627	0.437452
628	0.437716
629	0.434364
630	0.435992
631	0.445040
632	0.437272
633	0.443416
634	0.456704
635	0.443676
636	0.445084
637	0.456300
638	0.460112
639	0.457372
640	0.460468
641	0.452628
642	0.441440
643	0.446656
644	0.459516
645	0.448148
646	0.439372
647	0.443452
648	0.439988
649	0.444044
650	0.443612
651	0.448220
652	0.455404
653	0.450372
654	0.445856
655	0.444280
656	0.448036
657	0.450788
658	0.452292
659	0.458736
660	0.451668
661	0.459264
662	0.457288
663	0.454920
664	0.457440
665	0.459384
666	0.470632
667	0.464116
668	0.454572
669	0.473872
670	0.464800
671	0.475364
672	0.462708
673	0.468600
674	0.464580
675	0.454036
676	0.460420
677	0.460832
678	0.460044
679	0.447260
680	0.448816
681	0.456664
682	0.463412
683	0.463268
684	0.455448
685	0.452308
686	0.452736
687	0.452808
688	0.457296
689	0.455192
690	0.454744
691	0.443840
692	0.438688
693	0.442636
694	0.449276
695	0.445844
696	0.459956
697	0.453276
698	0.444468
699	0.445712
700	0.445024
701	0.448108
702	0.443476
703	0.440740
704	0.445892
705	0.437164
706	0.449524
707	0.447984
708	0.452112
709	0.437604
710	0.441920
711	0.451888
712	0.448100
713	0.461060
714	0.451908
715	0.447268
716	0.441976
717	0.442688
718	0.448496
719	0.452912
720	0.457748
721	0.455936
722	0.451288
723	0.450952
724	0.458888
725	0.455556
726	0.445748
727	0.454944
728	0.461988
729	0.462484
730	0.448988
731	0.451760
732	0.458268
733	0.457452
734	0.450884
735	0.453600
736	0.450976
737	0.452540
738	0.458372
739	0.450908
740	0.449872
741	0.461092
742	0.460236
743	0.465520
744	0.474860
745	0.484616
746	0.478788
747	0.479716
748	0.462940
749	0.461748
750	0.464576
751	0.470364
752	0.474736
753	0.471144
754	0.465232
755	0.468060
756	0.463620
757	0.460060
758	0.454404
759	0.472476
760	0.466500
761	0.472472
762	0.475448
763	0.475252
764	0.474400
765	0.485144
766	0.489064
767	0.476820
768	0.473108
769	0.479748
770	0.475440
771	0.465440
772	0.469536
773	0.459008
774	0.457392
775	0.460448
776	0.465216
777	0.472032
778	0.476736
779	0.472192
780	0.471164
781	0.468348
782	0.453684
783	0.465408
784	0.457288
785	0.450724
786	0.452744
787	0.440164
788	0.444788
789	0.445696
790	0.446388
791	0.441448
792	0.438848
793	0.445348
794	0.449140
795	0.440812
796	0.441908
797	0.431960
798	0.436092
799	0.436016
800	0.423164
801	0.420788
802	0.427884
803	0.427708
804	0.433424
805	0.421640
806	0.416528
807	0.423268
808	0.434804
809	0.432908
810	0.432804
811	0.427796
812	0.433824
813	0.435684
814	0.432528
815	0.434768
816	0.441960
817	0.435144
818	0.434488
819	0.441488
820	0.436908
821	0.434148
822	0.420972
823	0.427924
824	0.434696
825	0.428076
826	0.425800
827	0.422992
828	0.433016
829	0.439676
830	0.428484
831	0.419464
832	0.419380
833	0.427384
834	0.432428
835	0.422196
836	0.424588
837	0.421792
838	0.405616
839	0.410772
840	0.404728
841	0.411560
842	0.409160
843	0.406736
844	0.409756
845	0.409592
846	0.412360
847	0.416212
848	0.419872
849	0.416120
850	0.423568
851	0.419508
852	0.419404
853	0.418348
854	0.420408
855	0.414424
856	0.418204
857	0.411852
858	0.407044
859	0.403652
860	0.404148
861	0.405808
862	0.401836
863	0.399624
864	0.406856
865	0.417792
866	0.411528
867	0.418400
868	0.413312
869	0.410804
870	0.418900
871	0.418340
872	0.419840
873	0.410672
874	0.402640
875	0.413220
876	0.397280
877	0.410304
878	0.413616
879	0.405240
880	0.413264
881	0.410524
882	0.411608
883	0.417120
884	0.411556
885	0.409680
886	0.406916
887	0.405764
888	0.407036
889	0.406892
890	0.419540
891	0.412196
892	0.415852
893	0.414332
894	0.424524
895	0.424860
896	0.423280
897	0.412440
898	0.403840
899	0.415000
900	0.413008
901	0.406204
902	0.397900
903	0.415696
904	0.408240
905	0.405604
906	0.411336
907	0.414760
908	0.412720
909	0.408432
910	0.413140
911	0.411340
912	0.409180
913	0.408136
914	0.405116
915	0.404868
916	0.413948
917	0.417648
918	0.411752
919	0.416452
920	0.419456
921	0.416600
922	0.420364
923	0.422116
924	0.415664
925	0.425504
926	0.420456
927	0.418780
928	0.418412
929	0.413716
930	0.412980
931	0.406604
932	0.419864
933	0.422460
934	0.423964
935	0.431236
936	0.433020
937	0.433016
938	0.426516
939	0.423568
940	0.422812
941	0.423700
942	0.431340
943	0.437300
944	0.433204
945	0.419484
946	0.431348
947	0.421764
948	0.424836
949	0.430192
950	0.437336
951	0.442064
952	0.428424
953	0.425056
954	0.434748
955	0.431956
956	0.437328
957	0.425120
958	0.429536
959	0.424876
960	0.428372
961	0.425252
962	0.429304
963	0.422060
964	0.425012
965	0.428428
966	0.433692
967	0.434692
968	0.431488
969	0.431104
970	0.435604
971	0.422656
972	0.422396
973	0.421200
974	0.427896
975	0.428112
976	0.424240
977	0.428352
978	0.419148
979	0.402668
980	0.398680
981	0.415232
982	0.426160
983	0.416996
984	0.419540
985	0.418960
986	0.419504
987	0.420020
988	0.411108
989	0.413412
990	0.410168
991	0.412148
992	0.410908
993	0.399736
994	0.415220
995	0.425604
996	0.425408
997	0.414876
998	0.415240
999	0.420816
1000	0.421328
1001	0.431600
1002	0.437348
1003	0.438732
1004	0.427716
1005	0.418016
1006	0.420224
1007	0.433600
1008	0.440748
1009	0.424532
1010	0.424480
1011	0.409976
1012	0.410396
1013	0.416160
1014	0.414964
1015	0.412660
1016	0.417920
1017	0.411676
1018	0.410072
1019	0.404764
1020	0.409012
1021	0.408572
1022	0.421876
1023	0.431068
1024	0.430192
1025	0.431228
1026	0.423100
1027	0.418884
1028	0.426516
1029	0.425212
1030	0.421152
1031	0.417568
1032	0.428712
1033	0.435556
1034	0.431964
1035	0.434592
1036	0.444496
1037	0.440644
1038	0.435464
1039	0.443276
1040	0.453112
1041	0.456808
1042	0.451220
1043	0.450484
1044	0.456740
1045	0.448632
1046	0.445020
1047	0.442212
1048	0.442384
1049	0.445824
1050	0.448160
1051	0.443488
1052	0.447392
1053	0.444496
1054	0.446580
1055	0.447992
1056	0.442624
1057	0.434728
1058	0.429568
1059	0.421260
1060	0.427220
1061	0.417384
1062	0.429472
1063	0.424912
1064	0.430344
1065	0.416040
1066	0.420324
1067	0.438224
1068	0.430676
1069	0.429352
1070	0.439784
1071	0.449964
1072	0.450256
1073	0.437692
1074	0.437816
1075	0.440992
1076	0.430784
1077	0.443876
1078	0.447680
1079	0.449304
1080	0.436904
1081	0.446056
1082	0.441428
1083	0.446064
1084	0.442820
1085	0.450844
1086	0.447352
1087	0.446780
1088	0.452948
1089	0.454932
1090	0.461988
1091	0.466704
1092	0.462072
1093	0.448784
1094	0.452092
1095	0.452516
1096	0.459692
1097	0.446556
1098	0.443972
1099	0.446580
1100	0.447416
1101	0.441600
1102	0.442132
1103	0.447776
1104	0.458432
1105	0.452796
1106	0.444620
1107	0.447568
1108	0.446000
1109	0.439452
1110	0.427884
1111	0.439460
1112	0.444164
1113	0.441796
1114	0.432172
1115	0.430280
1116	0.440788
1117	0.450900
1118	0.442208
1119	0.441292
1120	0.448120
1121	0.440896
1122	0.438584
1123	0.432852
1124	0.433380
1125	0.426596
1126	0.426508
1127	0.425504
1128	0.422808
1129	0.425064
1130	0.428768
1131	0.422000
1132	0.426780
1133	0.429072
1134	0.426488
1135	0.439240
1136	0.435044
1137	0.437244
1138	0.434544
1139	0.433016
1140	0.424896
1141	0.420516
1142	0.421024
1143	0.415432
1144	0.405704
1145	0.413004
1146	0.430472
1147	0.435996
1148	0.429912
1149	0.424260
1150	0.435172
1151	0.440156
1152	0.436988
1153	0.442576
1154	0.443548
1155	0.436560
1156	0.422808
1157	0.428052
1158	0.439356
1159	0.450820
1160	0.440132
1161	0.433188
1162	0.430304
1163	0.427528
1164	0.432044
1165	0.433348
1166	0.435632
1167	0.434892
1168	0.452412
1169	0.437192
1170	0.429728
1171	0.436548
1172	0.428348
1173	0.435500
1174	0.438096
1175	0.443864
1176	0.433748
1177	0.428480
1178	0.421824
1179	0.411112
1180	0.426704
1181	0.435672
1182	0.447096
1183	0.451212
1184	0.445776
1185	0.441684
1186	0.442372
1187	0.446180
1188	0.440580
1189	0.438004
1190	0.428620
1191	0.429468
1192	0.431092
1193	0.429556
1194	0.444988
1195	0.440120
1196	0.427900
1197	0.428536
1198	0.431444
1199	0.442752
1200	0.438716
1201	0.437488
1202	0.440504
1203	0.438028
1204	0.437300
1205	0.448960
1206	0.447688
1207	0.447544
1208	0.454316
1209	0.450500
1210	0.453092
1211	0.449424
1212	0.453892
1213	0.460140
1214	0.456484
1215	0.452288
1216	0.446036
1217	0.441184
1218	0.444660
1219	0.458524
1220	0.457192
1221	0.451908
1222	0.452304
1223	0.451516
1224	0.455452
1225	0.440728
1226	0.442388
1227	0.455808
1228	0.461968
1229	0.460712
1230	0.458672
1231	0.460604
1232	0.458052
1233	0.455124
1234	0.450224
1235	0.451184
1236	0.452444
1237	0.443892
1238	0.442568
1239	0.439260
1240	0.433644
1241	0.429244
1242	0.435420
1243	0.434328
1244	0.437160
1245	0.439036
1246	0.440988
1247	0.437140
1248	0.434624
1249	0.446832
1250	0.442100
1251	0.438236
1252	0.449612
1253	0.448172
1254	0.443440
1255	0.452896
1256	0.443444
1257	0.433744
1258	0.445064
1259	0.435312
1260	0.435040
1261	0.438812
1262	0.436068
1263	0.439100
1264	0.447964
1265	0.440452
1266	0.441304
1267	0.422176
1268	0.430644
1269	0.434716
1270	0.434740
1271	0.427056
1272	0.432160
1273	0.425996
1274	0.420392
1275	0.420628
1276	0.423820
1277	0.424428
1278	0.422080
1279	0.422284
1280	0.419768
1281	0.415156
1282	0.403972
1283	0.408264
1284	0.418224
1285	0.411664
1286	0.409920
1287	0.418948
1288	0.413036
1289	0.428276
1290	0.428452
1291	0.426264
1292	0.428184
1293	0.426984
1294	0.422972
1295	0.426300
1296	0.428908
1297	0.433696
1298	0.426500
1299	0.425940
1300	0.416864
1301	0.431924
1302	0.430072
1303	0.431440
1304	0.432744
1305	0.442112
1306	0.446424
1307	0.451392
1308	0.461280
1309	0.452524
1310	0.452440
1311	0.442640
1312	0.436612
1313	0.444912
1314	0.440912
1315	0.447720
1316	0.452856
1317	0.453188
1318	0.446440
1319	0.452656
1320	0.445804
1321	0.436716
1322	0.443760
1323	0.444500
1324	0.445516
1325	0.444752
1326	0.444028
1327	0.438988
1328	0.449560
1329	0.451224
1330	0.451432
1331	0.442716
1332	0.449584
1333	0.445736
1334	0.449748
1335	0.448276
1336	0.439760
1337	0.435176
1338	0.437784
1339	0.428676
1340	0.436804
1341	0.447608
1342	0.445492
1343	0.437628
1344	0.433960
1345	0.427840
1346	0.421008
1347	0.423696
1348	0.436832
1349	0.432892
1350	0.437528
1351	0.429264
1352	0.432784
1353	0.440964
1354	0.435052
1355	0.428888
1356	0.424280
1357	0.422576
1358	0.429604
1359	0.426696
1360	0.428096
1361	0.427944
1362	0.431628
1363	0.432304
1364	0.429648
1365	0.430652
1366	0.427664
1367	0.427456
1368	0.428076
1369	0.431132
1370	0.430624
1371	0.426624
1372	0.426876
1373	0.422500
1374	0.426640
1375	0.418620
1376	0.423232
1377	0.425580
1378	0.427484
1379	0.429872
1380	0.409800
1381	0.411068
1382	0.409384
1383	0.408372
1384	0.403852
1385	0.406528
1386	0.412580
1387	0.415252
1388	0.418696
1389	0.414240
1390	0.415076
1391	0.403728
1392	0.413168
1393	0.412300
1394	0.410856
1395	0.416212
1396	0.407800
1397	0.426460
1398	0.416180
1399	0.414420
1400	0.409728
1401	0.409556
1402	0.404168
1403	0.397248
1404	0.393428
1405	0.397056
1406	0.409680
1407	0.411556
1408	0.407552
1409	0.419208
1410	0.416396
1411	0.408516
1412	0.399392
1413	0.399300
1414	0.400100
1415	0.406564
1416	0.418504
1417	0.422852
1418	0.411308
1419	0.408232
1420	0.413752
1421	0.411040
1422	0.413992
1423	0.414788
1424	0.418332
1425	0.426672
1426	0.422112
1427	0.420524
1428	0.418420
1429	0.412872
1430	0.409328
1431	0.416964
1432	0.415824
1433	0.421936
1434	0.427152
1435	0.423688
1436	0.409660
1437	0.408292
1438	0.420984
1439	0.418176
1440	0.418104
1441	0.423256
1442	0.428416
1443	0.416604
1444	0.416748
1445	0.422348
1446	0.415436
1447	0.415252
1448	0.407472
1449	0.412612
1450	0.417732
1451	0.414448
1452	0.400900
1453	0.411268
1454	0.415496
1455	0.421120
1456	0.434000
1457	0.436772
1458	0.433172
1459	0.427148
1460	0.427996
1461	0.419408
1462	0.434388
1463	0.429416
1464	0.426896
1465	0.435912
1466	0.428700
1467	0.423264
1468	0.426748
1469	0.419820
1470	0.426140
1471	0.430876
1472	0.428584
1473	0.431436
1474	0.432400
1475	0.424932
1476	0.425464
1477	0.425292
1478	0.429588
1479	0.426712
1480	0.429920
1481	0.433548
1482	0.428604
1483	0.420716
1484	0.406360
1485	0.406988
1486	0.417688
1487	0.434240
1488	0.441716
1489	0.437888
1490	0.432972
1491	0.437408
1492	0.440656
1493	0.443244
1494	0.437976
1495	0.432944
1496	0.438272
1497	0.441344
1498	0.441572
1499	0.431200
1500	0.433804
1501	0.434188
1502	0.432644
1503	0.439144
1504	0.434676
1505	0.433704
1506	0.434620
1507	0.453760
1508	0.454900
1509	0.447484
1510	0.447024
1511	0.446464
1512	0.439560
1513	0.429076
1514	0.427604
1515	0.428684
1516	0.432180
1517	0.433020
1518	0.437304
1519	0.433292
1520	0.428096
1521	0.414236
1522	0.416616
1523	0.421344
1524	0.416068
1525	0.421812
1526	0.422412
1527	0.433728
1528	0.428480
1529	0.420984
1530	0.417244
1531	0.421824
1532	0.412804
1533	0.417828
1534	0.426356
1535	0.417704
1536	0.415368
1537	0.420120
1538	0.420540
1539	0.413056
1540	0.408672
1541	0.408804
1542	0.411320
1543	0.413416
1544	0.417656
1545	0.417056
1546	0.414688
1547	0.411260
1548	0.408952
1549	0.413632
1550	0.416496
1551	0.423236
1552	0.421836
1553	0.415908
1554	0.416352
1555	0.412972
1556	0.418524
1557	0.421140
1558	0.415676
1559	0.412204
1560	0.420888
1561	0.418264
1562	0.418756
1563	0.422032
1564	0.416652
1565	0.420288
1566	0.424796
1567	0.420476
1568	0.419012
1569	0.418020
1570	0.420868
1571	0.418628
1572	0.415260
1573	0.415580
1574	0.421880
1575	0.430124
1576	0.433008
1577	0.436364
1578	0.432956
1579	0.424732
1580	0.424196
1581	0.421668
1582	0.414212
1583	0.417692
1584	0.415976
1585	0.407688
1586	0.414952
1587	0.419600
1588	0.414620
1589	0.425996
1590	0.433576
1591	0.430460
1592	0.427552
1593	0.426668
1594	0.425616
1595	0.413488
1596	0.416000
1597	0.413340
1598	0.403680
1599	0.414872
1600	0.418016
1601	0.414416
1602	0.408320
1603	0.405628
1604	0.404756
1605	0.412616
1606	0.411836
1607	0.406432
1608	0.414396
1609	0.411848
1610	0.413592
1611	0.419792
1612	0.416908
1613	0.415080
1614	0.411452
1615	0.413288
1616	0.414068
1617	0.416424
1618	0.420556
1619	0.412036
1620	0.412228
1621	0.413304
1622	0.419128
1623	0.424680
1624	0.415764
1625	0.420440
1626	0.423684
1627	0.425144
1628	0.419384
1629	0.411676
1630	0.420884
1631	0.419748
1632	0.422224
1633	0.425260
1634	0.420488
1635	0.415000
1636	0.421428
1637	0.420364
1638	0.422532
1639	0.430040
1640	0.430804
1641	0.420952
1642	0.427368
1643	0.425216
1644	0.424160
1645	0.420808
1646	0.422568
1647	0.420788
1648	0.422756
1649	0.411320
1650	0.412672
1651	0.404684
1652	0.406932
1653	0.409148
1654	0.415160
1655	0.424620
1656	0.431688
1657	0.433864
1658	0.423852
1659	0.426008
1660	0.424004
1661	0.433920
1662	0.445096
1663	0.437860
1664	0.438148
1665	0.434452
1666	0.428200
1667	0.422856
1668	0.422048
1669	0.422872
1670	0.424192
1671	0.436112
1672	0.436164
1673	0.416644
1674	0.421360
1675	0.423488
1676	0.415176
1677	0.417068
1678	0.415708
1679	0.418368
1680	0.421460
1681	0.416488
1682	0.428904
1683	0.427764
1684	0.429132
1685	0.419260
1686	0.411184
1687	0.407508
1688	0.409812
1689	0.416688
1690	0.427284
1691	0.434536
1692	0.429796
1693	0.422776
1694	0.413020
1695	0.406928
1696	0.405200
1697	0.409724
1698	0.423984
1699	0.420176
1700	0.416104
1701	0.410304
1702	0.418464
1703	0.413228
1704	0.417976
1705	0.396236
1706	0.406412
1707	0.415604
1708	0.419000
1709	0.422080
1710	0.425344
1711	0.422256
1712	0.420976
1713	0.414900
1714	0.421388
1715	0.423844
1716	0.429132
1717	0.431112
1718	0.436364
1719	0.429828
1720	0.427232
1721	0.426492
1722	0.419372
1723	0.415552
1724	0.423776
1725	0.433276
1726	0.427088
1727	0.427812
1728	0.430288
1729	0.434600
1730	0.421812
1731	0.423912
1732	0.432892
1733	0.432284
1734	0.431552
1735	0.425936
1736	0.430352
1737	0.426024
1738	0.425180
1739	0.418988
1740	0.414024
1741	0.422472
1742	0.425180
1743	0.417320
1744	0.408140
1745	0.414540
1746	0.418236
1747	0.424368
1748	0.425236
1749	0.416260
1750	0.414040
1751	0.411496
1752	0.414688
1753	0.416364
1754	0.435576
1755	0.423012
1756	0.430276
1757	0.417832
1758	0.421736
1759	0.430900
1760	0.425816
1761	0.426200
1762	0.426420
1763	0.428224
1764	0.420008
1765	0.415132
1766	0.414848
1767	0.410880
1768	0.403684
1769	0.404544
1770	0.409920
1771	0.423568
1772	0.423600
1773	0.410172
1774	0.414936
1775	0.409164
1776	0.414692
1777	0.412384
1778	0.408088
1779	0.413888
1780	0.403808
1781	0.407064
1782	0.404268
1783	0.412316
1784	0.415836
1785	0.412616
1786	0.423364
1787	0.427544
1788	0.406776
1789	0.410292
1790	0.429628
1791	0.435392
1792	0.429564
1793	0.432844
1794	0.433404
1795	0.434076
1796	0.425984
1797	0.417488
1798	0.420100
1799	0.422972
1800	0.426732
1801	0.425820
1802	0.425028
1803	0.425300
1804	0.423620
1805	0.424936
1806	0.423708
1807	0.419464
1808	0.421192
1809	0.421788
1810	0.428760
1811	0.431360
1812	0.437048
1813	0.420728
1814	0.429588
1815	0.438800
1816	0.436532
1817	0.441292
1818	0.442708
1819	0.435692
1820	0.438676
1821	0.446400
1822	0.448740
1823	0.449464
1824	0.443116
1825	0.449064
1826	0.442224
1827	0.429884
1828	0.430520
1829	0.426120
1830	0.418520
1831	0.426808
1832	0.426460
1833	0.422332
1834	0.416780
1835	0.425724
1836	0.444912
1837	0.450548
1838	0.443660
1839	0.445840
1840	0.438440
1841	0.434040
1842	0.434088
1843	0.440420
1844	0.442016
1845	0.445112
1846	0.453408
1847	0.439540
1848	0.446928
1849	0.438036
1850	0.426020
1851	0.424256
1852	0.431492
1853	0.423272
1854	0.424212
1855	0.420700
1856	0.434776
1857	0.436812
1858	0.436184
1859	0.436120
1860	0.436460
1861	0.427564
1862	0.428860
1863	0.431784
1864	0.428432
1865	0.424972
1866	0.420392
1867	0.424044
1868	0.421740
1869	0.424232
1870	0.422388
1871	0.415776
1872	0.422860
1873	0.422312
1874	0.416336
1875	0.418588
1876	0.420668
1877	0.428128
1878	0.436352
1879	0.430452
1880	0.427448
1881	0.432468
1882	0.434500
1883	0.431920
1884	0.435700
1885	0.425196
1886	0.424436
1887	0.433132
1888	0.438648
1889	0.435352
1890	0.434380
1891	0.441720
1892	0.428244
1893	0.416048
1894	0.420588
1895	0.423356
1896	0.420548
1897	0.427236
1898	0.435348
1899	0.434516
1900	0.430676
1901	0.422744
1902	0.425132
1903	0.430992
1904	0.437160
1905	0.436828
1906	0.429800
1907	0.428584
1908	0.427388
1909	0.425616
1910	0.422816
1911	0.420616
1912	0.410176
1913	0.417004
1914	0.429700
1915	0.431576
1916	0.421680
1917	0.425080
1918	0.424184
1919	0.423332
1920	0.424356
1921	0.417252
1922	0.411680
1923	0.415532
1924	0.409028
1925	0.419196
1926	0.418168
1927	0.425756
1928	0.427264
1929	0.433220
1930	0.431024
1931	0.427904
1932	0.430464
1933	0.426876
1934	0.430004
1935	0.432240
1936	0.410628
1937	0.424828
1938	0.426436
1939	0.424952
1940	0.419672
1941	0.428988
1942	0.427864
1943	0.438112
1944	0.442444
1945	0.445124
1946	0.451708
1947	0.447196
1948	0.442060
1949	0.441568
1950	0.441400
1951	0.443720
1952	0.442096
1953	0.433604
1954	0.431836
1955	0.426428
1956	0.433356
1957	0.427008
1958	0.431984
1959	0.429232
1960	0.433108
1961	0.433932
1962	0.442120
1963	0.439536
1964	0.442020
1965	0.429772
1966	0.435096
1967	0.436468
1968	0.432844
1969	0.418952
1970	0.426508
1971	0.414664
1972	0.424284
1973	0.422124
1974	0.431488
1975	0.423636
1976	0.420884
1977	0.427284
1978	0.415292
1979	0.422308
1980	0.427428
1981	0.433120
1982	0.428340
1983	0.419500
1984	0.417856
1985	0.422456
1986	0.427036
1987	0.433112
1988	0.427112
1989	0.426224
1990	0.420408
1991	0.419840
1992	0.411960
1993	0.426456
1994	0.417808
1995	0.417536
1996	0.405732
1997	0.395480
1998	0.398748
1999	0.410576
2000	0.413432
