100	0	0	20	0	10	9	0	0	0	0	0	0	0	0	0	0	0	0	2	0	0	1	4	0	0	0	0	0	0	0	0	0	8	0	0	0	0	0	1	8	0	0	20	1	0	0	0	0	0	1	0	0	0	0	1	0	2	0	10	0	0	0	0	0	0	13	0	0	0	0	0	0	0	1	1	0	14	0	0	0	11	0	0	6	0	0	1	5	0	0	0	1	0	0	0	7	0	0	0	0	0	0	1	0	1	0	33	1	0	0	0	0	0	2	0	0	0	0	0	1	0	5	0	1	0	0	5	29	0	0	0	0	0	0	1	0	0	0	0	1	11	0	3	0	0	0	0	11	0	1	0	8	1	1	0	0	0	0	0	0	0	0	0	0	0	0	1	0	0	0	0	5	0	0	0	0	0	0	0	12	1	0	0	0	0	3	0	1	0	0	0	0	0	1	0	11	0	0	0	
0	0	0	16	0	0	0	0	0	0	27	6	15	0	0	0	0	0	1	0	0	0	0	0	0	7	1	0	0	0	0	0	9	0	0	28	0	6	0	3	0	1	0	0	0	0	0	0	0	0	4	0	0	0	1	0	0	0	0	0	0	0	0	0	0	0	4	0	0	0	0	0	0	1	3	9	0	0	0	0	0	13	0	31	38	4	0	0	1	0	0	5	0	0	0	0	0	0	0	1	0	0	7	3	51	0	0	4	0	0	1	0	0	0	0	0	0	0	0	0	0	0	0	1	0	0	1	0	1	0	3	0	2	6	1	0	0	0	3	0	0	0	1	0	0	0	0	0	0	0	0	0	0	0	0	0	0	2	0	0	0	1	0	0	1	0	0	0	0	0	0	0	0	0	0	0	0	21	0	0	0	0	1	0	1	4	0	0	1	0	0	0	0	0	0	0	0	0	0	0	
10	0	9	0	0	0	0	0	0	0	0	0	0	0	0	3	0	0	0	0	19	0	0	1	1	0	8	6	0	0	0	6	0	0	0	0	0	0	0	1	0	2	0	0	0	0	1	0	9	0	0	0	2	0	0	0	0	0	0	0	0	0	0	0	0	0	2	0	32	0	0	0	0	0	0	1	0	8	0	3	0	0	0	2	0	0	4	1	0	0	0	0	3	0	0	0	3	78	0	2	0	2	0	4	0	1	1	3	0	0	0	0	11	0	2	0	0	1	0	0	0	0	0	0	0	6	0	0	0	0	0	1	3	3	0	0	5	5	0	0	0	0	0	0	0	12	0	0	0	0	0	0	0	2	0	0	0	1	0	0	0	0	1	0	0	8	0	5	2	1	0	1	0	0	0	0	0	0	0	5	0	0	0	0	3	0	0	0	0	0	0	0	2	0	0	0	0	9	0	0	
0	0	0	0	0	0	0	4	31	2	0	0	0	0	0	0	5	0	0	0	0	0	0	1	0	2	3	0	0	19	0	0	0	0	2	0	0	0	0	0	0	0	0	6	0	0	0	0	0	1	4	0	0	0	0	0	0	2	16	0	0	0	0	0	11	0	0	0	0	0	0	0	0	0	10	0	0	0	0	0	0	0	0	0	0	0	0	0	0	0	3	0	0	2	0	0	0	0	16	0	0	0	0	3	0	0	0	7	0	0	0	13	0	0	0	0	0	8	0	0	6	1	15	0	0	0	0	22	0	0	0	0	0	0	3	0	0	1	91	0	0	0	6	5	0	0	0	0	0	0	0	0	1	0	0	0	0	0	0	0	0	0	0	0	0	8	0	0	0	0	0	0	0	0	5	0	0	6	2	0	0	1	0	0	0	0	0	1	0	0	0	0	0	0	0	6	0	0	2	12	
0	0	0	0	0	0	100	0	0	0	0	0	0	0	0	0	0	0	0	0	0	8	0	0	0	0	0	0	0	0	0	0	17	0	0	0	0	0	0	0	4	0	0	0	0	0	0	0	0	0	1	0	1	7	1	0	0	0	0	0	0	0	0	22	2	0	0	0	0	0	0	0	0	0	14	0	0	0	0	0	0	0	11	0	0	0	0	3	6	0	0	0	0	0	0	7	0	0	0	0	0	0	1	0	0	0	1	0	0	0	1	0	8	0	0	0	0	0	0	0	0	14	0	0	1	3	0	0	2	0	0	0	0	0	0	1	0	0	0	7	0	2	0	0	0	0	0	0	0	0	0	0	0	0	0	0	1	0	0	0	0	1	0	0	1	53	0	0	0	0	0	0	0	0	0	0	0	1	0	0	1	0	0	0	3	0	0	0	0	0	0	10	0	0	0	0	0	0	0	0	
0	0	0	0	0	0	0	0	0	1	4	0	0	0	0	0	0	0	0	3	0	0	0	14	0	0	0	2	6	0	0	0	1	0	1	0	0	0	0	0	0	0	0	1	7	0	0	0	0	1	0	0	0	0	1	1	0	1	0	0	0	7	0	0	0	0	0	0	0	11	0	0	11	0	0	6	0	0	2	0	3	39	0	2	1	4	0	0	0	0	0	3	14	0	0	0	0	0	0	0	0	0	0	5	0	1	3	1	14	0	0	0	0	0	1	3	7	1	0	0	0	0	1	8	0	0	0	0	0	0	4	0	1	18	0	0	0	0	0	1	1	0	0	0	0	1	0	2	0	0	0	1	0	0	0	0	0	0	1	0	0	0	20	0	0	18	11	0	0	1	1	0	0	0	0	0	21	2	0	0	0	0	1	0	0	0	0	0	0	1	5	0	5	0	0	0	0	0	0	0	
1	0	0	0	0	0	11	0	0	1	0	0	0	0	0	0	0	5	0	1	0	0	0	10	0	0	0	0	0	0	7	0	0	0	1	8	1	0	0	6	9	0	0	0	0	0	7	2	1	0	0	0	4	0	0	0	1	36	0	0	0	0	0	0	0	0	5	0	0	12	0	0	0	0	2	0	0	0	18	7	0	34	0	0	0	8	0	2	0	0	0	0	0	0	0	0	0	1	0	0	33	6	1	0	1	0	0	0	0	14	1	0	0	0	0	9	2	0	0	48	5	0	0	0	2	0	0	0	0	0	0	0	3	0	0	0	3	0	0	0	0	0	0	1	6	0	0	3	0	0	2	0	0	0	0	2	0	0	0	0	0	0	6	0	0	1	0	0	2	1	0	0	0	0	4	0	0	0	1	0	1	19	4	0	0	1	0	0	0	0	0	0	1	0	6	0	0	0	0	0	
9	0	0	0	0	0	0	0	0	0	0	0	0	0	0	0	1	0	0	1	0	0	4	0	0	9	0	1	0	9	2	1	4	1	0	52	0	8	0	0	0	0	3	0	0	0	0	0	1	0	8	5	0	0	36	2	6	4	0	0	0	0	0	0	0	0	0	0	0	0	0	0	6	0	0	0	0	0	0	1	0	0	0	0	719	2	0	1	0	0	0	0	6	1	2	0	0	0	0	0	0	1	0	1	0	1	0	1	0	0	0	1	0	0	19	0	0	1	3	0	0	0	3	4	0	0	0	0	0	0	0	0	1	1	0	0	2	0	0	3	0	1	0	0	0	0	0	0	1	1	0	0	0	0	0	0	0	0	0	0	0	0	0	0	0	18	0	0	0	1	0	0	0	0	0	0	1	0	0	11	1	1	0	0	0	5	0	2	0	0	0	0	2	2	0	0	0	0	0	0	
5	0	7	0	0	0	1	0	0	0	0	1	0	3	2	0	0	0	0	0	0	0	0	0	1	0	6	1	0	0	0	0	0	0	2	0	6	0	0	0	0	3	0	0	0	0	1	0	2	0	10	0	0	0	0	3	2	0	0	2	0	0	14	0	0	0	18	1	0	0	0	0	3	0	0	0	2	0	0	0	0	0	2	1	0	0	0	0	14	0	0	0	0	0	0	0	2	0	0	0	0	2	0	0	1	0	0	0	0	1	0	0	0	110	0	0	1	1	0	0	1	4	1	0	0	2	0	0	0	0	0	2	0	5	0	4	0	0	4	1	0	2	0	0	0	0	0	0	0	0	0	9	0	0	0	0	0	0	0	9	0	5	0	0	0	0	0	0	0	0	0	0	0	3	1	0	0	5	0	0	1	0	0	0	0	0	0	0	7	0	0	0	0	0	0	0	7	0	0	0	
0	0	5	0	0	1	0	0	0	0	0	0	0	0	0	0	1	0	0	0	0	0	0	0	1	0	0	0	0	0	0	0	0	6	0	1	2	0	0	0	0	0	0	0	0	0	0	2	0	0	0	0	0	0	1	0	0	2	1	0	0	0	0	0	0	0	3	0	6	0	0	0	0	0	1	2	0	0	0	0	0	4	0	0	0	7	0	0	9	0	6	1	2	0	6	0	0	0	0	6	0	0	0	1	3	0	18	0	0	0	0	0	0	0	0	23	0	0	0	0	0	0	0	3	2	0	0	2	0	0	0	0	0	0	0	0	0	0	0	0	4	0	0	0	0	0	9	0	3	1	0	0	0	1	2	0	0	0	0	0	0	0	0	0	0	0	1	0	1	0	0	0	0	0	0	0	0	0	1	0	0	0	1	2	0	2	1	0	0	0	0	2	0	0	80	0	0	31	0	0	
7	0	0	0	0	0	0	0	0	0	4	0	21	3	0	0	1	0	0	0	0	0	0	1	0	0	0	0	0	5	0	0	0	0	0	4	0	3	1	0	0	0	0	0	0	0	0	0	0	0	0	0	1	2	0	0	0	0	0	0	0	0	0	18	0	0	0	0	0	0	0	0	0	1	6	1	0	3	0	2	0	11	0	1	0	0	0	0	0	0	4	0	0	0	0	0	0	77	0	0	0	0	0	0	6	0	0	4	0	0	5	0	0	16	0	0	0	5	0	3	0	0	0	0	0	0	0	0	0	0	11	1	1	0	0	0	0	0	0	0	0	3	0	0	0	6	1	0	10	0	0	0	0	0	0	0	0	0	0	0	1	0	0	0	0	0	0	0	0	5	0	13	0	0	0	1	0	0	0	0	0	0	0	0	2	0	0	0	0	0	17	2	0	0	0	0	0	0	0	0	
0	0	29	0	3	5	0	0	0	0	3	0	3	1	0	0	5	0	1	0	3	0	0	0	0	0	1	0	1	0	0	0	0	8	2	0	1	0	0	0	0	0	0	0	2	0	0	1	0	0	0	0	0	0	0	0	0	0	0	0	0	0	0	0	0	0	0	0	0	0	0	0	0	1	2	1	0	32	0	28	2	0	0	0	5	4	0	0	0	6	0	0	11	0	0	0	0	8	0	0	0	0	0	0	0	0	0	0	0	6	0	0	0	0	1	2	0	0	0	0	0	0	0	0	6	0	1	0	2	2	0	1	0	0	0	4	10	0	0	0	1	0	0	7	3	0	0	10	0	0	0	3	0	1	0	0	0	0	0	26	0	3	0	0	0	1	0	1	1	4	0	0	0	0	0	0	0	6	0	0	1	0	1	0	1	0	8	1	0	20	0	0	81	0	0	0	0	0	0	3	
0	0	8	0	0	9	0	0	0	0	0	0	0	0	6	0	0	0	0	0	0	2	7	0	0	0	0	0	6	0	2	0	0	9	0	0	0	0	0	0	0	0	1	0	0	2	0	0	0	1	2	1	0	0	0	0	0	0	1	0	1	2	0	10	3	2	0	0	0	32	0	0	0	0	0	0	0	0	0	0	0	0	0	0	0	0	11	0	0	4	0	1	20	0	1	6	0	0	0	3	0	3	0	0	0	0	0	3	0	0	0	18	1	0	0	23	3	0	0	3	13	4	3	0	0	11	0	0	0	0	1	0	0	0	0	0	0	0	0	2	0	0	0	0	2	0	0	0	0	0	0	0	12	1	0	1	0	0	2	34	0	0	1	0	0	0	0	0	0	1	2	0	0	0	0	1	4	0	0	0	1	0	0	0	0	0	0	0	1	0	0	0	0	0	0	0	0	0	1	0	
0	0	0	2	0	0	0	1	0	0	0	0	0	1	0	0	0	0	0	0	1	0	0	2	0	1	0	11	0	0	1	0	0	0	7	0	0	1	0	0	0	6	0	1	1	0	0	0	3	0	0	0	0	0	12	0	0	10	0	1	0	0	0	2	0	0	0	0	4	0	0	0	2	0	1	0	0	0	0	0	0	0	0	0	0	0	8	0	0	0	4	0	0	0	0	0	0	1	0	0	0	0	0	0	0	0	4	0	0	1	1	0	0	0	1	0	0	5	2	0	2	0	2	6	0	0	0	0	0	3	0	0	0	4	0	0	0	0	6	0	0	0	0	6	0	0	1	0	0	0	0	0	5	0	0	0	0	0	0	0	0	0	0	0	0	0	0	1	0	0	1	0	0	0	0	0	1	0	0	0	0	9	0	1	1	0	1	0	0	2	0	0	0	0	0	0	0	0	3	11	
16	0	0	0	0	0	18	0	0	0	0	7	3	0	0	0	0	0	0	0	0	0	0	0	0	0	0	0	2	0	2	0	6	0	0	0	1	0	0	0	0	0	0	0	0	1	2	104	0	0	0	0	0	0	0	0	0	0	0	0	0	0	0	0	0	0	10	0	0	0	0	0	4	0	0	0	15	0	0	1	0	0	0	9	0	0	0	0	0	1	2	2	0	0	0	0	3	8	0	0	0	4	0	0	0	0	0	1	5	0	0	0	0	0	0	0	0	0	0	0	0	3	0	0	0	1	0	0	0	0	1	3	0	0	0	0	0	0	0	0	0	3	10	0	0	0	1	0	0	0	0	0	0	0	21	6	0	0	0	11	0	0	1	0	0	0	0	0	0	0	0	0	0	0	0	0	0	0	1	0	2	1	0	0	4	0	3	1	0	22	29	0	0	0	0	0	0	0	0	3	
0	7	0	8	0	0	0	0	7	0	0	0	0	0	0	3	0	0	0	0	0	0	0	0	0	0	2	1	1	6	0	1	0	0	0	5	0	0	0	0	0	0	0	0	1	0	0	0	0	3	36	0	0	0	0	0	0	0	0	0	1	136	0	1	0	1	8	5	9	0	0	0	5	8	4	0	0	0	0	0	6	3	0	2	0	0	0	0	0	0	2	0	4	0	0	0	0	0	0	0	3	0	2	0	0	0	1	0	0	0	0	1	1	0	1	2	0	23	0	0	0	0	0	0	0	0	2	0	1	0	0	0	0	0	0	0	0	0	0	0	0	0	1	0	0	0	0	0	0	0	1	39	0	0	0	0	0	0	0	0	1	0	1	0	1	0	0	0	0	0	0	0	0	0	0	0	0	2	0	0	0	22	1	1	0	2	0	3	0	0	0	0	0	0	0	0	3	2	0	0	
2	25	0	0	10	0	0	0	0	0	0	5	0	0	0	0	9	0	0	3	0	1	9	0	0	9	0	0	0	0	0	0	0	0	0	0	0	0	0	0	0	0	0	1	0	3	1	1	0	2	0	0	0	0	0	0	0	12	0	0	0	0	0	0	0	0	0	1	0	0	5	0	0	0	0	0	0	1	0	0	0	0	0	0	0	0	0	3	0	0	0	0	1	0	1	0	0	0	0	0	7	101	0	0	0	0	0	0	0	0	0	47	13	2	0	1	0	0	0	0	0	4	0	1	0	0	0	0	0	2	0	0	0	11	0	0	0	4	1	3	0	0	0	0	0	0	0	0	0	0	0	0	0	0	0	4	0	0	1	0	0	0	0	0	1	1	5	2	0	1	0	0	0	0	0	1	0	2	0	0	0	0	0	0	0	0	0	0	1	0	0	0	1	0	29	0	0	0	0	0	
0	0	0	0	0	0	0	0	0	1	11	0	0	0	0	0	5	0	0	3	20	0	4	0	2	0	7	0	6	0	0	0	0	0	0	0	0	0	0	0	0	0	0	2	0	0	0	0	0	0	0	0	0	0	0	0	0	0	0	16	0	0	6	0	0	0	0	1	0	0	0	2	0	0	0	2	1	0	0	2	0	1	1	3	2	0	0	0	0	1	17	0	0	0	11	0	0	0	0	0	0	0	8	0	1	0	0	1	4	0	0	0	1	0	0	16	50	0	2	50	0	0	0	0	0	0	0	1	0	6	10	0	0	0	0	0	0	1	0	0	1	4	0	0	36	0	0	0	0	0	0	56	0	1	0	0	0	0	0	0	0	1	0	4	0	0	1	1	0	2	0	0	0	0	0	0	0	4	0	1	1	0	0	0	0	0	0	0	0	0	0	78	0	0	0	0	19	0	0	0	
0	0	0	0	15	0	0	0	1	0	0	0	0	0	0	0	10	0	0	1	0	0	1	9	0	0	0	0	0	0	0	0	0	1	0	0	0	4	0	0	0	0	2	0	1	2	0	0	0	2	3	0	0	0	0	0	1	0	0	0	0	0	3	0	0	0	0	0	0	0	1	1667	0	0	11	18	3	0	0	0	3	0	0	0	0	0	0	0	0	0	0	0	0	4	1	2	13	2	7	110	21	8	0	0	0	2	0	0	0	0	0	0	1	0	17	2	0	0	13	3	0	0	0	2	0	1	0	0	0	0	0	0	7	5	7	0	0	0	0	0	1	0	3	0	0	0	0	0	0	0	0	6	0	6	0	0	0	0	1	0	0	0	6	12	1	12	0	0	0	1	0	0	7	3	0	11	1	0	1	1	1	0	0	0	0	0	0	0	11	30	0	0	0	0	0	0	0	1	0	0	
0	5	0	0	0	0	1	1	0	4	0	0	0	0	9	0	0	3	3	7	1	0	11	0	0	0	0	0	0	0	0	0	0	0	0	0	2	1	0	0	0	2	2	0	0	0	1	0	0	0	0	0	0	2	0	0	0	0	6	0	0	2	2	0	0	0	0	0	0	0	1	5	0	0	0	0	0	0	0	0	0	1	0	0	0	0	3	0	0	0	0	8	0	0	1	0	0	1	0	0	0	2	0	13	0	0	16	0	0	1	0	0	0	0	4	0	0	0	5	2	0	0	0	0	0	0	1	0	6	0	0	0	0	0	0	0	2	0	0	0	0	0	0	0	0	0	0	0	0	0	2	0	0	0	0	6	0	0	0	2	35	0	0	1	0	0	0	1	0	0	2	3	2	0	0	1	2	0	0	0	0	0	0	0	4	1	0	0	0	11	0	0	0	0	0	0	0	0	0	1	
0	0	1	9	1	0	0	0	0	0	1	0	9	0	0	0	30	0	3	0	6	0	17	0	0	9	0	2	0	2	1	0	0	0	5	0	0	4	0	0	6	0	0	0	0	0	0	0	0	0	0	0	0	0	1246	1	0	0	0	0	11	0	0	0	0	0	2	0	1	0	0	1	0	0	0	0	0	0	0	0	0	0	2	0	0	0	0	0	0	0	0	0	0	0	0	0	0	0	0	1	0	0	47	0	104	0	1	7	0	3	0	0	0	0	0	1	0	0	0	0	0	0	13	0	0	5	0	0	4	0	8	1	0	0	0	0	0	0	0	0	1	0	3	0	0	0	0	0	0	1	0	0	0	1	5	0	0	0	0	1	4	0	4	0	2	0	2	0	0	7	0	0	0	0	0	1	10	0	0	1	0	0	0	1	0	91	0	0	12	37	0	0	0	0	0	0	0	0	2	1	
0	0	0	0	0	0	0	3	0	1	4	0	5	0	0	0	2	0	0	0	9	5	0	100	0	0	0	0	0	0	0	0	0	0	1	4	0	0	0	0	0	0	0	0	4	5	0	1	7	0	0	0	0	0	0	6	0	0	0	1	0	0	0	0	0	1	1	0	1	0	0	1	7	0	6	0	2	0	0	1	1	0	0	1	0	2	1	0	0	0	0	0	0	0	0	0	0	5	5	0	0	0	0	1	5	0	0	0	7	0	0	3	0	0	1	0	0	0	0	0	0	0	0	1	0	1	0	0	1	6	0	0	0	0	0	1	1	2	0	0	0	0	0	0	1	0	0	0	0	0	3	1	1	0	0	0	0	0	0	11	0	4	0	1	0	0	2	0	0	2	0	0	0	0	0	14	0	4	5	0	0	1	0	1	3	1	0	1	13	3	3	0	0	0	0	0	0	1	0	0	
0	0	0	0	0	0	0	0	0	0	9	0	0	0	3	0	0	0	0	8	0	0	9	0	0	0	0	0	0	0	0	1	0	0	0	0	0	0	0	0	1	0	0	3	0	1	0	1	0	2	0	0	4	1	0	0	0	2	0	0	0	1	1	0	0	0	0	4	0	0	0	0	11	3	0	0	1	4	0	0	0	2	1	0	0	0	0	0	0	0	0	0	0	0	3	5	0	0	1	1	1	22	2	0	0	0	1	0	0	6	0	1	0	0	0	0	0	0	1	0	0	1	0	0	0	0	0	0	0	0	0	5	2	0	0	1	0	1	0	1	0	0	0	1	0	0	0	10	0	0	0	0	0	0	35	0	0	0	3	0	8	0	0	0	0	2	0	0	0	0	1	7	0	1	7	0	0	0	0	0	2	0	0	0	0	0	0	0	3	0	0	0	0	1	0	0	0	1	7	2	
0	0	1	0	5	0	0	1	0	0	0	0	1	0	0	0	11	9	1	0	1	0	0	0	0	0	0	0	0	0	0	0	1	0	0	0	20	0	0	1	10	0	0	0	0	3	0	0	0	0	0	0	0	0	0	10	4	0	0	4	0	0	0	0	26	0	2	0	11	1	0	0	4	0	0	8	1	0	0	0	0	0	10	0	1	0	0	1	0	0	0	8	0	0	0	0	0	0	8	1	0	1	0	0	0	0	0	23	0	0	0	0	0	0	6	0	0	0	0	0	0	4	0	3	0	5	1	0	1	0	0	0	0	0	0	0	0	6	0	0	0	0	0	0	0	0	0	1	0	0	0	0	0	6	0	14	1	5	0	0	0	0	0	0	0	0	0	5	0	0	1	0	0	1	0	0	0	2	0	0	0	0	0	5	0	0	0	0	0	0	0	0	4	1	0	0	0	0	0	3	
2	0	0	0	0	1	0	0	0	1	1	2	0	1	0	0	0	0	0	0	0	4	2	0	1	0	0	0	0	17	0	0	1	0	0	1	0	0	1	5	0	0	0	0	0	13	0	0	1	0	0	3	0	0	0	0	2	7	1	0	0	0	0	0	0	0	1	2	0	2	0	0	6	15	0	0	0	1	0	0	0	0	3	0	11	8	0	0	1	0	2	0	0	1	0	0	1	0	2	0	0	1	2	0	1	8	0	0	2	0	0	0	0	18	7	1	0	0	0	8	2	0	0	0	0	0	0	0	0	0	2	1	0	4	0	0	0	0	0	0	0	0	0	0	35	0	98	0	0	0	0	1	0	0	1	0	4	8	0	0	1	0	0	0	0	5	0	0	0	2	0	1	0	2	0	0	0	4	0	9	0	0	0	0	0	992	0	0	0	4	2	7	0	10	0	0	1	0	0	0	
0	0	0	0	0	0	0	0	0	0	2	0	0	0	0	0	42	0	0	0	0	5	0	1	100	0	0	0	0	0	0	3	0	0	0	0	0	0	0	0	0	0	0	2	3	0	2	1	0	1	0	0	0	0	0	0	0	0	9	0	0	1	0	33	0	0	2	0	0	0	3	0	0	0	0	0	0	2	0	0	0	0	1	2	1	0	0	6	0	0	1	116	0	0	0	0	6	0	0	2	1	0	0	34	0	0	0	1	0	0	0	0	0	0	2	0	0	0	5	2	0	0	4	0	1	0	0	0	0	0	6	0	1	0	0	0	0	0	0	0	10	0	0	0	0	0	0	1	0	41	0	0	0	6	3	0	0	0	0	0	0	0	0	0	0	0	0	0	0	0	0	0	0	0	81	0	0	0	0	0	0	0	0	0	0	0	22	1	0	0	0	0	0	7	0	0	0	1	0	0	
0	0	0	0	0	0	0	0	0	7	0	1	0	0	0	0	9	2	0	100	0	0	0	0	0	0	3	0	0	0	1	0	0	0	2	2	11	11	0	0	0	0	0	0	0	0	3	0	8	0	0	0	0	0	4	0	1	0	0	0	1	0	1	0	1	0	0	0	6	0	0	8	0	0	12	0	0	1	0	0	0	0	0	0	0	1	0	0	0	0	0	0	0	0	0	0	2	0	3	0	1	0	0	0	0	6	0	0	0	0	0	0	0	11	0	0	0	0	0	0	0	0	0	0	0	0	0	0	0	0	0	4	1	0	0	0	0	0	0	1	0	0	8	5	0	0	8	1	0	4	13	4	0	0	0	12	0	0	9	0	0	0	1	0	12	0	0	0	0	0	0	0	2	40	11	0	0	0	2	3	0	0	31	0	0	0	0	0	0	0	0	0	0	1	0	6	0	0	0	0	
0	0	0	0	19	0	0	0	5	0	7	0	0	0	0	0	0	0	0	2	0	0	2	0	0	0	0	0	0	2	0	10	0	4	0	0	0	0	0	0	18	3	1	0	10	0	0	0	0	0	15	6	0	0	0	31	2	0	0	0	0	1	0	0	3	0	0	0	0	0	0	0	0	0	0	0	1	2	0	0	0	0	6	14	0	3	0	0	0	0	1	0	1	2	0	0	8	2	0	0	0	0	1	0	0	0	0	0	0	0	2	0	13	0	0	0	0	0	0	0	0	0	0	0	0	0	0	0	10	1	0	0	0	0	41	0	0	1	0	0	0	0	0	0	0	0	1	0	0	0	0	0	2	0	3	0	4	0	11	0	1	0	0	0	5	0	1	0	0	0	2	0	3	1	2	3	0	0	8	30	12	0	0	0	0	0	16	0	2	0	0	0	0	0	0	0	0	6	0	0	
0	0	1	5	0	0	0	0	0	0	1	0	0	0	2	0	0	0	0	0	0	0	1	0	0	1	1	0	0	0	0	2	0	0	0	0	3	0	0	0	0	0	0	0	0	0	0	0	1	0	0	0	0	0	0	0	3	0	0	1	0	0	5	7	2	0	0	0	2	0	6	0	0	2	0	0	0	0	0	0	0	0	0	0	0	0	0	0	1	0	1	110	0	0	0	2	1	0	0	2	0	0	0	1	0	0	0	0	2	0	0	0	0	1	0	0	0	0	0	0	0	2	0	0	0	0	1	0	0	3	2	0	1	1	0	0	18	0	0	0	0	5	5	1	0	0	10	0	0	0	7	0	0	0	16	0	0	0	0	0	0	0	0	0	0	0	0	0	0	0	0	0	0	0	0	0	0	0	1	0	0	0	0	0	0	0	0	0	0	0	0	0	0	0	0	0	0	0	0	1	
0	0	0	0	0	0	0	2	2	0	0	0	0	8	0	0	0	0	0	36	0	1	0	0	0	0	3	0	1	0	0	17	0	1	0	0	0	0	0	0	0	0	0	0	0	2	0	2	0	0	0	0	0	1	12	0	2	0	3	1	4	1	0	0	0	5	0	0	0	0	6	0	0	0	0	0	0	0	0	0	0	0	5	0	1	3	0	0	7	0	1	0	0	0	2	8	0	1	0	0	12	0	4	0	0	0	0	0	5	0	0	0	0	0	0	0	0	0	0	0	0	0	0	0	0	0	0	0	0	6	1	0	0	0	0	0	0	0	0	0	0	0	0	0	1	0	35	0	0	0	0	0	0	1	0	0	0	1	0	5	0	0	0	1	0	0	4	0	0	0	0	0	0	0	0	0	0	0	0	0	0	0	0	15	0	0	0	0	0	0	0	0	0	0	0	0	0	1	0	0	
0	0	0	0	0	0	0	0	0	0	0	8	0	20	0	0	0	3	0	0	0	0	0	2	6	0	0	1	0	0	0	0	0	104	0	4	0	1	3	0	0	4	0	2	0	0	0	0	3	0	0	2	0	9	2	0	0	0	0	0	0	3	0	1	52	0	0	0	0	0	2	0	0	0	0	0	0	0	0	0	1	1	0	2	2	0	5	1	0	0	0	0	8	0	0	0	0	0	0	0	0	0	0	0	0	0	0	0	0	0	2	0	3	1	0	0	0	0	0	0	0	0	0	0	3	0	0	0	0	0	1	0	0	0	0	0	0	0	2	3	0	0	0	1	11	0	0	0	0	13	0	5	5	0	0	0	1	0	4	0	0	0	0	1	0	0	0	0	0	0	1	11	0	0	0	0	0	0	0	0	0	0	0	1	0	0	13	0	0	19	7	0	0	0	0	1	0	0	0	0	
2	0	0	9	0	0	0	0	0	0	0	0	0	0	1	0	0	0	0	0	0	0	0	0	0	0	0	0	0	0	0	10	5	0	0	0	0	0	0	0	2	0	0	4	0	0	8	1	0	0	2	0	0	1	8	1	0	0	9	0	1	0	0	5	0	0	0	0	0	0	0	0	0	0	0	0	0	0	2	0	0	0	0	1	0	0	0	0	7	0	0	0	0	0	0	0	0	0	0	0	0	0	0	0	0	0	0	0	0	2	0	0	0	0	0	10	0	0	0	3	1	0	7	0	0	0	0	0	0	0	0	3	0	2	0	11	0	0	0	0	1	1	1	0	0	2	0	18	4	0	5	0	0	0	0	0	0	0	2	11	0	0	0	0	0	0	2	0	0	2	0	0	0	0	11	0	0	0	2	0	3	2	0	0	3	0	3	0	3	0	0	0	6	0	3	5	0	0	3	0	
0	0	0	9	0	2	0	0	0	0	0	0	0	0	0	0	0	3	0	0	0	0	0	0	0	0	6	2	0	0	0	0	0	0	0	0	22	0	0	0	0	0	0	1	1	0	0	0	4	0	0	0	0	18	0	2	7	1	0	0	1	4	1	1	2	0	0	0	2	0	0	0	1	0	0	0	0	0	1	7	0	14	0	1	0	0	0	0	1	0	0	0	0	0	0	3	0	0	1	0	1	0	0	3	0	2	7	0	0	0	4	0	2	8	0	0	0	0	0	0	0	0	0	1	1	0	0	0	0	0	0	0	0	0	0	0	0	0	57	6	0	0	0	0	0	7	0	0	1	17	0	0	0	0	1	0	0	0	0	2	0	0	0	0	14	0	1	0	0	0	1	0	0	0	0	0	0	0	2	0	0	0	0	4	0	0	1	0	33	0	0	0	8	0	0	0	0	0	0	0	
5	10	0	0	0	0	0	0	0	0	2	0	0	0	0	0	0	0	1	0	0	2	0	0	0	0	0	1	0	0	1	0	0	0	0	0	0	0	0	0	0	10	0	0	0	3	0	0	0	0	0	0	0	2	38	0	1	1	4	1	0	0	0	0	0	6	8	0	1	0	0	0	0	0	0	1	0	0	1	0	0	8	0	0	0	0	0	0	0	1	0	0	0	0	2	0	0	0	0	0	1	0	0	0	7	3	0	0	0	0	0	0	0	0	3	0	0	3	0	0	5	0	2	3	2	0	1	0	0	0	0	0	0	0	0	0	0	0	1	0	0	0	1	0	0	0	0	0	0	0	0	0	0	0	0	1	4	0	0	0	0	0	0	2	3	0	0	0	5	1	6	0	0	0	3	0	0	0	0	0	1	0	0	0	0	0	0	13	3	2	1	0	0	0	0	0	0	0	10	2	
2	0	0	0	0	2	0	0	0	6	15	0	9	0	6	0	0	0	1	0	0	0	0	1	0	4	0	0	0	0	0	0	0	0	0	0	0	0	2	0	0	0	0	0	10	0	0	136	0	4	0	0	0	0	0	0	11	0	0	0	0	0	0	0	0	0	0	0	0	0	0	0	0	0	1	14	0	14	0	0	8	0	3	0	0	9	0	0	8	7	0	17	0	15	0	6	0	0	0	0	0	13	0	1	0	3	1	0	0	1	1	0	0	0	0	18	2	0	1	1	0	6	11	0	0	0	11	0	0	0	1	0	0	5	0	0	0	0	34	0	0	11	0	0	0	1	0	0	7	1	0	0	0	1	2	0	0	0	0	0	0	0	0	1	0	0	0	0	0	0	0	0	0	0	0	0	0	0	0	78	0	5	0	0	0	0	0	3	0	0	7	0	0	0	0	1	0	9	0	0	
0	9	3	0	0	2	0	0	0	0	0	0	2	0	0	0	0	0	12	0	0	4	0	1	0	0	0	0	0	0	0	1	0	0	0	0	0	0	0	0	0	10	0	0	2	136	0	0	0	0	26	0	1	3	5	0	1	0	22	0	0	0	0	0	0	0	0	1	0	1	23	0	0	0	0	0	12	0	0	0	0	0	0	2	0	7	0	1	7	34	0	5	0	0	3	0	0	0	8	1	0	0	0	0	0	0	0	0	0	0	0	3	0	0	0	0	3	0	2	0	0	0	0	0	1	0	1	0	9	0	0	0	0	0	11	1	0	0	56	4	0	0	0	0	0	0	25	0	0	0	0	0	0	0	0	1	0	0	0	0	4	0	1	0	0	0	0	0	0	0	5	0	1	0	0	0	0	0	1	0	0	0	0	0	0	0	0	0	0	0	0	0	0	0	1	0	3	0	0	0	
0	0	0	0	0	15	0	0	0	0	11	6	0	0	0	2	1	0	0	0	3	0	0	0	7	2	0	0	0	0	0	0	0	0	0	0	0	0	0	0	0	0	0	0	1	8	0	0	0	6	0	0	0	0	5	1	0	0	0	0	24	0	0	0	0	1	6	2	0	0	0	0	0	0	12	0	0	0	0	0	8	0	0	0	0	2	0	0	0	0	0	4	1	0	0	0	0	6	0	0	0	0	0	1	4	0	1	2	0	0	0	0	0	0	4	0	0	0	0	0	0	0	0	0	0	0	0	41	0	11	0	0	0	0	0	0	1	0	7	0	1	21	0	0	0	0	0	0	2	0	0	0	2	0	0	0	0	0	0	0	0	0	0	0	1	0	0	1	0	0	0	0	0	2	0	0	0	0	0	0	5	0	4	0	0	0	0	7	0	1	0	0	0	0	0	0	0	2	0	9	
2	0	0	0	0	0	31	0	0	0	2	0	9	0	0	0	0	0	0	0	0	0	0	0	0	17	0	10	0	0	0	0	0	11	0	0	11	0	0	0	0	0	5	0	0	0	2	0	0	11	0	0	0	0	0	0	8	0	0	0	0	0	1	0	0	0	0	0	0	0	0	2	0	0	0	3	0	0	0	0	0	0	17	0	2	1	1	1	0	0	3	0	14	1	1	0	0	0	0	0	0	0	0	0	0	0	0	0	0	0	0	1	0	2	0	2	0	0	0	0	0	0	0	0	0	0	0	0	1	0	2	1	1	24	0	0	0	0	2	1	0	1	0	0	1	0	0	0	18	6	7	0	0	11	0	0	0	0	0	1	0	2	0	0	0	0	0	0	2	0	0	0	0	1	0	0	0	0	0	2	14	0	0	4	0	0	0	0	0	0	0	0	14	1	0	3	9	0	0	1	
0	0	0	0	0	0	8	0	0	0	6	0	0	0	0	3	0	0	0	0	1	0	0	2	0	0	0	0	0	0	4	0	0	0	1	0	1	0	0	2	0	0	0	0	0	1	0	0	0	0	0	2	0	0	1	2	0	3	0	9	7	0	0	4	0	0	8	0	0	0	1	0	0	2	0	2	0	0	7	0	0	0	0	0	23	0	0	0	0	0	1	2	0	0	5	0	0	0	0	0	0	0	0	0	16	0	0	5	0	0	0	1	0	0	0	0	0	11	0	0	0	0	0	0	0	0	1	5	0	0	0	0	0	0	0	0	1	1	0	0	1	0	1	0	0	4	0	0	0	18	0	0	1	0	4	0	0	0	0	0	0	0	0	0	1	0	0	0	0	0	0	2	0	2	0	0	1	0	0	2	0	9	0	0	0	38	0	0	0	0	0	0	1	0	25	0	0	0	0	0	
0	2	3	0	0	0	1	0	0	0	0	0	0	0	0	2	0	0	0	0	0	1	2	0	0	0	5	0	0	4	0	137	4	0	16	0	0	0	0	0	0	0	0	0	0	0	0	0	0	0	0	0	0	7	0	0	0	6	0	0	0	0	0	0	0	4	0	3	0	17	1	0	0	0	0	0	0	0	0	0	2	0	0	0	0	0	1	12	0	0	0	0	51	0	0	3	0	0	0	0	0	0	9	0	0	0	0	0	0	0	0	0	0	0	0	0	0	0	0	0	0	0	0	0	1	0	0	0	0	0	0	0	0	0	0	7	0	0	0	2	0	0	0	0	0	0	0	3	3	0	0	0	0	0	0	9	0	1	0	0	1	0	0	0	0	17	0	1	0	0	0	0	0	0	0	0	0	0	0	0	0	0	0	0	0	1	0	0	0	0	0	0	0	0	0	0	10	0	1	0	
0	7	3	0	0	0	0	2	0	1	0	0	0	0	3	0	1	0	0	0	0	1	0	3	0	0	0	0	0	0	0	0	0	0	0	0	0	0	3	1	1	0	0	1	0	0	0	0	0	5	0	2	0	0	0	0	1	0	0	13	0	0	0	7	0	0	0	0	0	0	1	3	1	1	14	1	1	0	3	0	5	0	0	0	0	0	0	0	0	0	3	0	0	0	0	0	0	0	0	6	0	0	0	0	0	0	0	0	1	0	0	2	0	0	1	0	11	0	0	0	0	0	0	0	0	40	8	0	0	0	1	0	0	0	0	7	0	0	0	0	0	0	0	0	0	0	0	0	0	0	0	0	2	0	2	13	1	0	0	0	4	0	0	0	0	0	0	0	0	0	0	29	0	0	0	0	0	0	4	3	0	8	0	0	4	0	0	19	0	0	0	0	0	0	0	0	0	0	7	3	
0	0	11	0	0	1	0	6	0	0	0	0	0	0	1	0	5	3	0	0	0	0	0	0	0	0	0	0	0	6	0	0	0	0	0	1	0	0	0	0	0	0	10	17	0	0	10	0	0	0	1	0	0	2	0	0	0	0	4	0	3	1	0	2	0	0	0	14	0	0	0	8	0	0	11	0	0	31	0	0	0	0	0	0	0	0	20	0	0	0	0	0	0	1	0	0	0	0	0	0	0	0	0	0	0	0	0	0	0	0	0	0	0	0	5	0	0	0	0	0	0	0	0	9	0	0	0	0	3	0	0	11	0	18	2	0	0	0	1	0	0	0	0	1	0	7	4	0	0	0	0	0	0	0	3	1	0	0	0	1	1	3	0	0	0	0	0	0	0	0	0	6	0	0	0	0	0	0	3	10	8	0	1	0	0	0	0	0	1	0	0	7	0	0	0	0	10	0	3	0	
0	0	0	0	8	4	0	0	6	0	0	0	0	0	0	0	0	3	6	0	0	0	0	0	0	0	0	0	0	0	0	0	0	0	0	1	1	0	0	0	0	8	0	0	0	0	0	0	0	3	1	0	1	4	0	0	0	15	0	0	0	0	4	0	8	0	7	0	0	0	2	0	3	1	0	0	0	0	6	0	0	3	9	0	1	0	0	0	2	0	0	0	1	3	0	0	12	0	0	0	0	0	0	0	0	0	0	0	5	0	1	0	0	0	0	0	1	0	11	0	0	0	0	0	0	0	0	0	0	34	0	0	0	0	11	0	2	0	17	0	0	0	0	0	0	1	0	0	0	0	2	0	0	0	1	0	0	0	8	0	0	0	1	1	0	0	0	0	33	0	0	0	0	0	0	0	0	0	0	0	0	0	0	0	0	0	10	0	0	0	0	1	9	0	3	0	0	0	6	0	
0	6	1	0	1	0	0	3	0	9	0	2	0	0	0	0	0	0	1	0	0	0	4	0	0	2	0	11	0	0	13	0	0	0	0	0	2	0	0	0	0	0	1	0	0	0	2	7	0	0	0	2	1	0	0	0	7	0	0	0	0	0	2	5	0	0	0	3	0	0	0	0	0	1	0	0	0	3	0	0	0	1	0	0	1	4	5	0	0	0	0	0	0	2	0	0	1	0	0	4	0	0	0	0	0	0	0	0	0	0	0	2	0	0	0	0	0	0	1	21	0	2	0	5	0	0	0	0	0	0	0	0	4	0	4	4	0	14	0	0	0	0	0	0	0	0	0	0	0	2	0	0	1	0	0	0	0	1	0	1	1	3	0	0	2	0	0	0	29	25	0	0	0	0	1	0	0	7	0	2	0	0	1	0	0	0	0	0	2	0	2	0	0	0	0	29	3	0	1	0	
0	10	0	11	5	0	0	0	1	0	4	0	0	1	0	0	0	0	0	0	0	0	3	0	0	0	0	0	0	0	0	1	0	1	1	6	0	6	15	0	0	11	0	0	0	0	1	14	0	0	0	1	0	0	0	0	1	0	0	0	4	1	0	0	0	0	0	1	0	0	0	0	2	0	0	0	0	0	0	0	6	0	0	0	0	0	0	0	1	0	0	0	0	0	4	0	0	3	0	0	0	0	7	0	0	0	0	7	0	1	0	0	1	0	0	0	0	0	5	0	0	0	0	0	0	0	0	0	0	0	1	0	0	0	0	1	0	0	0	0	6	3	0	0	0	0	0	0	0	0	0	0	1	0	23	1	0	1	5	0	0	0	0	1	0	10	0	0	0	0	2	0	1	0	0	0	2	0	0	0	0	0	0	0	0	9	0	0	0	0	0	0	0	6	0	2	0	0	0	0	
0	0	5	0	0	3	0	2	0	0	0	0	0	0	0	0	1	0	0	0	0	2	0	0	0	0	0	0	0	0	1	5	14	0	0	2	0	15	4	2	0	26	0	4	18	0	0	0	7	8	3	0	0	1	15	0	0	0	1	2	1	0	0	0	0	0	0	12	7	4	5	0	0	0	0	0	0	0	0	2	0	0	1	1	1	0	2	18	0	0	4	0	0	0	0	0	2	0	3	0	1	0	12	0	0	0	0	0	17	0	0	0	0	0	0	1	0	0	0	0	0	0	0	0	0	0	0	0	0	0	0	0	0	0	1	0	0	0	0	0	1	1	0	0	0	0	0	0	0	0	0	0	0	0	0	0	0	1	0	0	0	0	0	0	78	1	0	0	0	26	0	0	0	1	0	0	0	0	0	0	0	0	0	0	3	0	0	0	0	0	7	0	0	0	0	9	0	0	0	0	
0	5	0	0	100	0	2	0	0	0	100	0	0	2	17	0	0	0	0	4	0	0	0	0	1	0	0	11	0	2	1	0	0	0	0	12	8	5	0	0	0	0	0	0	2	0	1	0	0	0	0	0	0	0	0	0	0	0	1	0	1	0	0	0	0	0	2	0	0	0	0	0	0	8	0	0	0	0	0	1	0	0	0	0	0	3	0	0	0	0	0	0	0	0	0	0	10	0	0	0	0	11	2	0	0	1	0	0	0	0	0	0	0	0	0	2	0	0	10	0	0	0	0	0	4	1	3	0	0	0	4	0	0	0	17	4	0	0	0	0	0	0	0	5	11	0	0	0	0	0	8	0	0	0	0	0	0	0	0	1	0	0	0	0	29	0	0	1	0	0	0	1	0	0	0	0	0	0	0	0	1	1	8	0	0	0	0	0	0	7	0	0	0	9	0	0	0	0	2	9	
3	0	0	0	0	0	0	0	6	0	3	0	0	2	8	0	4	0	2	1	9	0	0	0	0	1	0	0	4	0	0	0	0	0	0	0	0	0	0	0	0	7	2	0	0	4	0	2	0	0	3	0	0	0	0	2	0	0	0	0	0	3	0	0	11	0	0	0	2	0	2	0	14	0	1	0	1	1	0	0	0	0	0	0	0	0	0	0	0	1	0	1	0	0	0	0	0	0	1	0	0	0	5	0	1	0	1	0	1	0	0	0	0	0	32	0	0	0	0	0	0	0	1	5	0	0	0	0	55	37	0	0	0	0	0	0	5	3	0	0	6	0	0	0	0	0	0	0	0	0	1	0	2	0	15	2	0	8	0	0	0	0	1	1	0	0	3	3	0	0	0	0	3	1	1	0	1	1	1	0	0	0	0	0	6	0	0	0	0	0	0	0	0	6	0	0	1	0	0	0	
0	0	0	0	0	0	1	0	0	1	0	3	0	0	0	0	1	0	0	0	0	4	0	0	0	0	0	0	1	0	0	0	0	0	0	0	0	0	0	0	0	0	0	0	0	0	0	1	0	0	1	0	0	0	6	0	0	0	0	0	16	0	0	0	1	0	0	8	0	0	0	0	4	0	0	0	0	0	5	2	9	0	0	1	0	0	0	0	0	0	0	0	8	0	0	0	2	0	5	0	13	0	0	20	0	0	0	0	0	0	0	0	0	0	0	1	0	0	0	0	8	0	0	0	0	0	7	11	0	0	0	0	4	6	0	0	0	0	0	0	0	0	0	6	0	6	14	0	0	6	0	0	1	0	0	9	0	0	0	0	0	1	0	0	0	0	20	2	3	1	0	0	0	0	0	0	0	0	0	3	0	0	0	0	0	0	0	0	1	0	0	0	0	0	0	20	1	0	0	0	
9	0	0	0	1	0	0	0	0	0	0	0	3	0	0	0	0	3	0	0	0	0	0	1	0	2	5	0	0	0	1	0	0	12	0	0	6	0	0	0	0	0	0	0	0	0	6	0	0	0	0	5	0	0	0	0	0	1	0	0	0	3	1	0	1	0	0	1	0	0	0	0	0	0	0	0	0	6	1	0	1	2	0	0	0	0	1	0	0	0	0	1	2	0	0	0	0	0	0	0	3	0	0	0	0	0	0	0	0	0	0	0	0	0	0	1	0	0	0	1	0	0	0	0	0	1	0	0	0	0	0	0	5	0	0	0	0	2	0	0	0	4	1	0	1	3	0	2	1	0	0	0	0	0	0	0	3	0	0	0	0	1	0	0	0	0	0	0	0	0	0	0	0	0	0	1	0	0	0	0	0	4	1	10	0	9	0	0	0	0	0	4	0	1	2	6	0	0	0	0	
0	0	0	0	0	10	0	0	10	1	0	0	0	0	0	0	0	1	0	1	0	0	0	0	5	0	0	0	0	0	2	6	0	0	0	0	0	0	0	0	4	0	0	0	0	0	17	0	0	0	0	0	6	4	0	2	0	0	0	1	0	12	0	0	0	0	0	0	0	0	0	0	0	0	7	2	0	4	50	0	0	52	4	0	0	2	16	0	7	0	0	0	0	0	1	0	0	0	11	1	0	0	0	0	4	0	0	0	0	9	0	0	0	0	0	0	0	0	0	24	0	0	0	1	0	0	0	1	0	0	0	0	0	1	0	1	0	0	1	0	0	0	0	0	3	2	0	0	5	0	0	0	2	0	8	0	10	0	3	0	0	4	0	1	0	0	0	0	0	2	2	0	2	0	7	0	1	0	0	0	1	0	7	1	0	1	0	0	5	0	0	0	0	1	1	2	0	2	0	0	
0	0	0	0	0	0	104	0	0	1	0	0	0	0	0	0	0	0	0	0	3	6	0	1	0	0	0	0	0	0	0	0	0	0	3	12	0	0	0	6	0	0	0	0	0	3	0	1	0	0	0	0	0	6	0	0	0	0	0	0	3	0	0	0	0	0	0	3	0	8	0	0	0	0	0	1	0	1	0	0	2	0	0	0	0	0	0	1	2	0	0	3	0	0	0	1	2	1	0	7	0	0	0	0	0	0	0	0	0	0	5	0	0	1	1	5	0	24	0	0	0	0	0	0	0	0	0	0	0	2	0	1	0	0	0	0	0	0	0	2	0	0	0	1	0	22	0	0	0	4	6	0	2	6	0	0	1	6	0	0	3	0	0	0	3	0	1	0	0	0	0	0	0	1	0	2	0	0	0	3	0	0	11	0	0	2	2	0	0	0	11	0	0	0	0	0	0	2	0	0	
0	0	3	1	0	0	0	0	0	0	0	0	0	0	0	0	0	0	1	0	0	1	0	4	6	5	1	0	0	0	14	0	0	0	2	0	1	51	18	0	0	1	4	0	0	0	0	36	0	0	0	2	1	1	0	0	0	0	7	0	116	0	0	1	11	6	0	0	3	7	0	0	0	0	0	0	0	0	0	0	0	3	0	1	0	0	0	0	10	0	0	0	0	0	1	0	0	2	3	16	0	0	0	0	0	0	0	0	0	10	0	0	0	0	0	0	0	0	0	1	0	0	0	1	0	6	0	0	0	0	0	0	0	0	0	0	0	1	0	0	0	0	0	1	0	3	0	0	0	0	0	0	3	0	0	78	2	0	0	0	1	17	3	0	0	0	0	0	0	0	0	0	0	0	0	0	0	5	1	0	0	0	0	1	0	0	0	0	0	0	4	4	0	1	0	0	2	0	0	0	
0	0	1	5	0	36	1	0	0	0	2	0	0	0	0	0	0	0	0	4	0	0	0	0	4	0	0	2	0	12	0	7	0	0	0	1	2	0	0	0	0	0	0	3	0	0	0	0	0	0	0	28	0	0	0	1	1	0	0	6	2	6	0	1	7	0	0	7	0	5	1	0	5	0	0	0	0	0	0	0	0	0	0	1	0	0	0	0	0	0	2	0	0	1	0	2	0	0	0	0	0	0	6	0	0	0	1	0	0	0	0	0	24	0	0	0	8	0	11	0	0	0	0	4	3	5	0	0	0	0	0	0	0	0	45	0	3	0	0	1	0	0	0	0	0	2	0	0	0	0	0	0	0	92	0	0	0	0	0	0	0	0	3	0	2	0	1	4	6	2	0	0	0	4	1	0	0	0	2	0	0	0	0	0	0	0	0	0	0	0	0	0	0	0	0	0	0	0	3	0	
0	0	6	1	0	0	0	0	8	0	0	3	0	0	0	0	0	10	0	0	0	3	0	0	5	0	0	14	0	0	18	0	1	0	1	0	0	1	0	1	0	2	0	0	1	2	1	0	0	0	0	0	0	0	0	0	0	0	0	0	0	0	14	2	0	0	1	3	0	1	0	0	0	2	0	1	3	0	0	0	0	1	0	1	0	0	7	0	0	0	0	0	0	0	0	0	6	1	0	0	0	0	1	0	0	0	0	0	38	2	0	0	0	0	1	0	0	0	0	1	0	0	0	0	0	0	0	0	0	1	0	0	45	0	0	0	0	0	0	0	0	22	0	0	1	0	17	5	0	0	12	0	0	0	2	0	1	0	0	0	0	0	0	0	0	0	0	0	0	0	0	0	0	11	0	1	9	0	0	0	0	4	4	0	0	8	2	0	0	2	0	0	0	0	0	0	0	0	0	0	
6	0	1	0	1	0	1	1	0	1	0	0	1	0	0	0	0	0	1	0	0	3	0	0	0	0	0	2	0	0	2	0	3	2	0	0	0	2	3	0	0	0	0	2	0	0	0	0	0	0	1	0	0	0	13	0	0	0	0	0	0	101	0	0	0	0	0	0	5	2	0	0	1	0	1	0	0	2	0	0	1	0	0	8	1	514	0	0	0	0	1	0	0	0	0	0	0	12	0	0	1	0	0	0	0	0	0	0	0	0	0	0	0	0	0	0	0	0	0	0	0	0	3	0	0	7	1	0	0	1	0	0	0	0	0	0	0	5	0	0	0	0	1	0	0	2	0	0	9	0	0	0	0	0	1	0	0	0	0	10	0	0	9	0	0	17	0	0	0	0	0	0	0	0	0	24	0	0	0	0	3	0	0	0	0	0	0	0	0	0	0	0	0	1	0	0	0	0	0	0	
0	0	0	3	1	7	0	0	9	0	0	0	2	0	0	0	0	0	3	0	0	0	1	1	0	1	0	2	0	2	0	0	0	8	0	2	1	1	0	0	5	0	21	0	0	0	0	1	0	0	0	0	0	0	0	0	0	0	0	0	0	0	0	0	0	2	0	3	0	0	0	0	0	0	0	0	0	0	0	0	1	0	0	13	0	0	0	0	0	0	0	3	0	0	0	1	1	0	0	0	0	0	0	0	0	0	0	0	0	21	0	2	39	3	2	0	0	0	1	0	0	0	0	0	0	0	1	0	0	0	0	1	0	0	0	2	0	43	0	1	0	0	0	0	0	0	0	0	4	0	0	0	0	0	3	0	0	0	0	1	20	0	0	0	0	3	0	1	0	0	0	21	3	1	0	0	0	4	7	0	0	0	0	0	18	0	0	9	0	0	2	0	0	0	1	0	0	0	0	0	
0	1	0	0	0	0	0	0	0	0	0	0	0	0	0	0	0	0	2	0	0	0	0	0	0	0	0	6	0	10	0	0	0	0	0	1	3	0	0	0	0	1	0	0	0	0	4	1	0	34	2	0	0	0	0	0	0	0	0	0	0	0	0	0	0	0	0	0	2	0	0	0	2	0	0	0	0	0	0	0	0	21	0	0	0	0	5	0	0	0	0	5	2	0	0	0	0	0	2	36	6	0	1	0	0	0	5	0	0	0	0	8	0	0	0	0	0	0	0	4	0	2	1	0	17	1	0	0	0	0	0	0	0	0	0	7	0	0	0	0	0	0	0	1	0	0	0	0	0	0	0	34	0	0	0	0	0	0	0	0	0	0	1	0	0	0	0	0	3	0	0	0	0	0	0	0	0	0	2	0	0	0	1	0	0	0	0	0	9	0	0	0	0	0	0	0	0	0	0	2	
0	0	0	0	0	0	0	2	0	0	0	0	1	2	0	0	0	0	0	0	0	0	0	0	0	0	0	1	0	1	2	0	0	0	0	0	23	0	0	0	6	0	0	0	8	7	0	0	0	0	0	0	0	0	0	0	0	0	2	0	0	7	6	0	0	0	0	0	0	0	0	0	7	5	0	0	0	0	0	0	4	1	1	0	0	0	0	0	0	0	0	0	0	0	5	6	4	0	6	0	0	1	0	0	0	0	0	0	0	0	0	5	0	0	0	0	0	0	0	0	0	0	0	1	17	0	0	0	0	3	0	0	0	0	0	0	1	0	0	0	0	0	2	0	0	0	0	0	0	12	0	0	0	0	0	0	0	0	0	0	0	0	0	0	0	1	1	0	9	0	0	0	9	0	0	0	1	1	0	0	0	6	0	0	0	0	2	0	0	0	1	9	0	0	0	0	0	0	0	0	
10	0	0	1	2	0	0	1	2	0	0	0	0	0	0	0	15	136	0	1	0	0	0	32	0	0	12	0	1	1	0	0	0	0	6	0	0	1	0	0	1	2	6	0	28	0	0	0	0	0	13	0	0	0	0	0	5	0	0	0	0	103	0	0	6	1	0	0	0	7	0	0	0	5	0	0	0	0	0	0	0	0	0	0	0	4	0	0	0	13	0	0	0	1	2	0	0	0	0	0	0	0	7	0	0	0	0	0	0	0	0	0	1	0	0	0	0	0	0	0	1	6	2	0	0	13	4	7	0	0	0	0	0	0	0	0	0	0	0	0	5	0	0	0	0	0	0	0	0	3	0	0	0	0	0	1	0	0	0	0	1	0	1	0	0	3	0	0	1	1	10	0	0	0	0	0	0	1	0	1	0	0	1	0	0	0	0	0	0	1	0	100	0	0	0	1	0	0	0	0	
3	3	0	0	0	4	0	0	0	3	0	4	0	0	0	2	0	0	0	0	0	0	26	0	0	0	0	0	0	38	0	0	2	38	0	0	0	1	0	0	0	0	0	3	1	0	1	9	6	819	0	0	0	0	0	13	0	0	0	0	0	0	17	8	0	0	0	0	1	2	0	0	0	0	0	0	0	0	0	0	4	1	8	3	0	0	0	1	0	0	0	0	5	0	0	0	0	1	0	6	0	0	0	0	3	0	0	0	0	0	0	0	1	5	111	0	1	0	0	7	0	5	0	0	0	0	0	0	0	0	0	0	2	0	0	1	0	0	0	0	0	0	0	2	3	0	0	0	0	4	0	0	1	1	25	4	14	0	0	0	0	0	0	0	0	0	1	0	0	0	11	0	0	0	9	0	2	0	24	0	0	1	0	0	0	5	0	0	2	0	0	1	0	0	1	7	0	0	0	0	
0	0	0	0	0	0	0	0	0	0	0	0	0	0	0	0	0	0	0	0	3	0	0	1	0	1	0	3	0	5	0	0	0	5	0	0	0	0	0	0	2	0	0	8	0	0	0	0	1	0	0	0	0	0	0	0	3	0	0	8	0	0	0	0	0	0	0	0	0	0	34	0	1	0	1	0	8	0	0	0	0	0	0	0	0	0	0	0	2	0	0	0	9	0	0	0	0	0	0	0	0	0	8	0	0	0	0	0	0	0	0	0	0	0	0	5	1	0	0	0	5	0	0	0	0	0	0	0	1	0	0	0	1	0	0	0	1	13	0	1	0	12	0	0	0	0	0	3	0	0	0	0	0	0	0	0	0	0	0	14	0	0	0	6	0	3	7	20	0	0	0	0	0	0	0	0	0	0	1	0	0	9	0	2	1	0	0	0	1	0	0	2	0	0	0	0	0	0	0	0	
0	0	0	0	0	1	0	0	0	1	1	0	0	0	0	12	1	0	0	0	12	0	34	2	0	0	0	0	0	0	10	4	0	1	0	0	0	6	0	0	6	0	0	0	2	0	0	6	0	0	0	1	0	0	1	2	0	1	8	0	0	0	0	0	0	0	0	1	1	0	0	0	0	0	0	0	0	2	10	11	0	0	0	0	0	0	0	0	0	0	0	0	0	0	0	0	0	0	5	0	6	0	5	0	0	0	0	0	1	0	0	0	0	116	0	0	0	5	1	0	0	0	0	0	0	0	0	0	0	0	0	0	0	2	0	0	2	0	0	0	0	0	0	0	2	7	0	2	0	0	0	0	0	0	10	2	1	0	0	9	0	0	0	0	2	0	0	0	1	5	7	0	0	0	0	0	0	0	0	0	1	0	2	0	0	1	2	0	0	0	3	0	0	2	0	11	0	0	0	0	
6	0	4	8	1	0	2	1	0	1	3	0	0	0	1	0	2	0	0	7	2	0	0	6	0	0	0	2	0	0	0	0	0	2	1	1	0	4	0	0	1	13	0	0	0	8	2	0	0	1	3	0	0	0	0	0	0	1	0	0	0	0	34	0	0	1	5	0	0	1	1	0	0	0	0	0	0	0	2	3	0	0	0	0	0	0	0	1	0	0	1	0	0	0	0	18	1	0	0	0	1	0	0	0	0	3	0	0	0	0	0	0	2	18	0	0	0	0	0	0	0	0	19	0	0	0	0	0	1	0	0	0	0	0	1	0	2	0	0	91	8	0	0	14	1	0	1	0	0	7	16	0	1	0	14	0	0	0	5	0	0	15	0	1	0	0	1	0	3	0	0	0	0	0	0	0	1	2	0	0	1	0	0	0	0	0	0	0	0	0	0	0	0	0	0	2	0	0	0	3	
0	0	0	0	0	0	0	0	2	15	0	140	0	3	2	1	0	0	2	0	0	0	0	4	0	0	0	0	0	1	0	2	0	0	5	1	0	0	0	0	0	4	0	0	0	0	0	0	0	0	0	1	0	0	0	1	0	0	0	0	1	8	0	0	0	0	11	0	0	0	0	6	0	0	0	0	1	0	0	2	2	0	0	0	0	0	0	0	4	19	0	0	0	0	1	0	0	0	0	0	0	3	0	0	1	0	0	1	0	0	0	0	1	8	2	0	0	2	0	0	0	1	2	1	0	0	0	4	0	0	0	0	0	0	0	1	4	0	0	0	0	0	0	10	0	0	0	0	6	0	1	0	7	0	0	8	20	1	0	1	9	0	6	0	1	2	0	0	0	0	0	0	0	0	1	0	0	0	0	1	0	1	0	0	1	0	0	0	0	0	0	1	0	17	0	0	1	1	0	0	
0	0	0	0	0	3	5	0	2	0	1	4	0	10	0	1	5	0	0	0	0	0	0	0	0	1	0	0	1	0	13	0	0	0	0	1	0	0	0	1	0	0	0	0	0	0	5	0	0	10	0	2	4	0	0	0	0	0	0	1	0	0	0	1	0	0	46	8	0	0	1	1	0	1	0	0	0	0	0	0	0	1	0	0	0	0	0	0	0	0	0	0	0	0	1	0	0	0	0	0	0	1	0	0	0	0	0	4	0	35	0	2	4	0	0	0	7	0	3	0	27	0	0	0	0	0	0	0	0	0	0	6	0	0	0	1	0	0	31	0	0	0	2	1	0	0	0	0	0	0	0	0	1	0	0	1	1	0	0	0	0	0	0	0	0	0	0	0	7	0	0	0	3	0	0	0	0	0	1	0	0	0	0	1	4	0	0	0	0	0	1	0	0	0	1	6	0	8	0	0	
0	0	1	0	0	0	3	0	0	4	0	0	1	0	0	0	0	8	0	0	0	0	0	0	0	0	0	0	0	0	0	0	0	1	0	0	0	0	0	0	1	0	0	5	0	1	3	8	9	0	1	0	0	0	0	0	0	1	1	0	0	0	0	0	0	1	1	0	0	0	0	0	0	1	1	0	0	0	0	7	0	0	0	0	0	0	0	0	0	0	0	1	1	3	0	0	0	0	0	0	0	26	0	11	0	1	3	0	1	0	0	0	0	0	0	4	0	1	0	2	0	5	1	16	0	0	1	25	0	0	0	0	0	0	0	0	0	1	0	1	1	0	7	0	0	0	0	0	3	0	0	0	13	0	0	5	0	0	1	0	0	0	1	0	0	0	0	1	0	0	10	0	1	0	0	0	0	0	1	0	0	0	1	4	0	0	0	1	0	0	0	1	1	0	0	0	0	0	0	0	
0	0	0	0	0	0	0	0	0	0	1	0	0	0	0	1	0	0	2	0	8	0	0	1	5	0	0	0	0	1	0	0	11	0	1	0	0	16	0	0	1	0	0	0	7	4292	0	0	15	1	0	0	0	0	0	0	0	2	4	8	0	0	7	0	0	0	0	0	0	23	0	2	0	0	0	0	0	0	0	0	0	0	0	0	0	1	0	0	0	4	0	0	0	1	0	0	0	0	0	1	1	0	0	1	0	55	5	0	34	0	8	1	4	0	7	0	0	0	0	0	1	0	0	0	0	0	0	0	0	0	0	0	0	0	5	2	0	0	0	0	0	3	4	0	3	0	0	1	1	0	0	10	0	0	0	0	80	0	12	0	0	0	0	0	5	0	0	0	0	0	8	0	6	0	0	2	2	0	0	0	4	0	0	0	0	0	0	5	0	9	0	18	0	0	0	0	0	0	1	3	
0	0	0	0	0	0	0	0	0	1	0	14	0	0	0	0	0	0	2	3	0	0	0	0	2	0	0	3	5	0	0	0	0	3	0	0	17	0	0	2	1	0	0	0	0	0	0	0	2	0	7	0	0	0	0	0	0	0	15	0	0	0	5	6	0	0	1	0	0	0	0	0	0	2	0	0	0	0	0	0	5	9	1	0	1	0	0	4	1	0	9	0	0	0	3	0	0	0	3	0	0	0	0	0	2696	0	0	34	56	5	0	0	1	0	0	14	8	25	0	0	0	4	0	0	0	0	0	0	1	0	4	1	0	0	0	1	0	0	17	0	0	1	3	0	0	0	0	0	0	10	1	20	29	0	0	0	0	2	1	0	0	0	0	1	0	0	0	0	0	0	0	0	0	3	0	0	2	0	0	1	0	3	0	2	0	0	0	1	0	0	0	0	0	0	1	0	0	0	2	0	
3	0	0	0	0	0	0	0	0	0	0	0	0	0	0	0	3	0	0	0	0	3	3	0	3	3	6	0	0	0	4	0	1	0	0	0	0	0	1	0	8	8	0	0	0	2	0	0	0	0	5	0	0	0	0	1	0	0	0	0	0	0	0	0	0	0	0	0	0	0	0	1	0	0	0	0	0	0	0	1	0	0	0	2	0	0	0	0	0	0	0	0	0	1	0	0	0	0	2	0	0	0	0	0	0	0	3	1	0	1	0	3	9	0	0	0	0	0	0	0	0	0	1	0	0	0	0	0	110	0	0	0	110	0	0	1	0	0	0	10	0	1	1	0	0	0	0	0	0	20	16	1	1	6	0	9	0	0	0	1	0	0	3	1	1	0	7	0	0	0	0	0	11	0	0	4	3	1	0	0	0	1	0	0	0	0	0	0	0	0	0	6	14	0	0	0	0	0	0	0	
0	0	1	2	0	9	0	0	0	0	0	0	0	0	0	0	18	0	0	8	7	0	0	0	0	0	0	0	5	0	5	13	0	2	0	16	0	0	0	1	4	0	0	9	0	31	1	0	0	0	0	0	8	0	0	0	34	0	0	0	0	3	0	1	0	0	0	0	5	0	0	0	0	0	0	1	0	0	0	0	0	0	0	0	1	0	0	0	0	0	3	0	0	0	0	0	0	0	6	0	0	0	0	0	25	0	0	0	0	0	0	0	0	0	0	0	0	0	8	0	13	3	2	0	0	0	0	0	0	7	1	6	110	0	0	0	79	0	0	0	0	4	1	0	0	0	0	0	1	0	0	1	0	2	0	0	0	0	1	0	0	0	0	0	0	0	0	0	0	0	0	0	0	0	2	0	0	0	0	0	0	0	0	2	0	5	0	0	4	0	0	13	0	0	8	0	0	0	3	0	
0	0	10	0	0	2	0	0	0	0	17	0	3	0	0	0	0	0	1	0	0	1	0	0	0	0	0	4	0	0	0	0	17	0	0	0	0	0	0	0	0	4	0	0	0	0	0	0	0	0	0	0	0	0	0	1	1	0	0	0	0	0	0	0	0	1	0	0	0	0	0	5	0	0	0	0	0	0	0	0	0	0	0	0	4	0	0	0	1	0	2	0	8	9	0	0	0	0	0	0	0	1	0	5	0	6	0	0	2	0	0	0	2	7	0	5	0	0	2	2	0	0	0	0	0	0	0	0	0	0	0	0	0	1	0	2	0	0	0	0	0	0	0	0	0	6	0	3	1	12	1	0	0	0	0	0	0	0	1	1	0	0	0	0	0	0	0	0	0	3	0	24	3	0	0	0	0	0	0	0	0	2	0	3	1	0	0	3	0	0	0	1	0	4	0	1	4	4	2	0	
0	0	0	0	0	0	2	0	0	1	0	3	3	0	0	0	1	3	1	0	8	0	1	0	0	2	0	0	0	0	0	0	0	1	0	0	2	0	0	0	31	0	2	0	1	8	0	0	1	0	0	0	0	0	0	0	0	0	0	0	0	0	0	0	14	6	0	3	0	0	8	0	0	0	0	0	0	0	0	0	1	0	1	2	0	0	0	0	0	0	0	0	5	0	0	12	0	0	0	0	0	4	0	0	2	0	1	3	0	0	0	0	0	0	2	0	0	0	0	0	0	0	0	8	0	0	0	0	1	0	0	0	0	0	1	0	0	0	6	0	3	3	0	0	0	0	0	0	0	0	0	0	0	0	0	7	18	0	2	0	0	0	1	0	5	0	0	0	2	0	0	0	0	0	0	0	0	0	0	0	0	0	7	0	0	0	10	0	0	1	0	0	1	1	0	0	0	10	0	0	
0	0	0	0	0	0	0	0	5	3	12	2	0	16	0	0	25	0	2	0	0	0	0	1	0	0	4	7	0	0	2	0	0	0	0	0	0	2	2	1	0	0	0	0	0	0	0	0	0	0	0	0	0	0	0	0	0	0	5	0	1	0	0	0	8	3	0	0	0	0	1	0	0	0	0	0	0	0	0	0	0	0	36	0	2	0	0	0	0	0	0	7	0	0	0	0	2	0	11	0	0	0	0	0	0	0	0	0	0	0	13	0	0	0	10	17	0	0	0	0	0	0	22	0	0	11	2	13	0	0	1	0	0	0	3	0	0	0	0	0	0	0	0	0	0	0	0	0	0	0	0	0	0	18	0	0	0	0	0	0	0	0	0	1	0	9	9	0	0	2	0	0	0	0	0	0	1	1	13	0	0	33	0	0	0	0	0	102	0	1	0	0	0	0	0	0	0	0	19	4	
1	0	0	12	7	1	0	11	0	0	0	0	2	5	3	4	0	0	0	1	0	0	0	0	0	9	0	2	6	0	0	0	2	0	0	0	0	0	0	0	0	0	0	0	0	0	0	0	0	0	0	0	3	0	2	0	5	0	0	0	0	0	0	0	0	0	0	0	0	0	0	9	0	6	0	0	0	0	3	4	0	0	0	0	1	4	10	10	0	2	9	5	3	0	0	0	9	0	0	1	0	0	1	1	0	0	0	1	0	0	0	4	0	0	0	0	0	0	0	0	0	0	0	0	0	0	0	6	0	0	0	9	26	0	0	16	0	0	0	0	0	0	0	0	0	7	0	0	0	0	0	0	2	3	4	0	0	0	0	10	4	0	0	0	10	0	2	0	0	0	0	4	0	0	0	0	12	0	13	0	0	0	0	0	1	5	0	0	0	0	0	0	1	0	0	0	0	0	0	0	
0	0	4	0	0	0	0	0	0	0	0	0	0	0	1	0	0	0	0	0	0	0	0	0	0	0	0	0	0	0	0	0	0	0	0	0	0	0	0	0	0	0	0	0	0	0	2	0	0	0	0	0	0	0	0	0	0	0	0	0	0	0	0	0	0	0	0	8	0	0	0	7	0	4	2	0	0	1	0	2	2	0	0	0	0	0	0	0	0	0	0	0	0	0	5	0	0	0	0	0	0	0	5	0	0	0	0	0	3	0	0	2	0	0	0	0	0	0	0	0	0	0	5	0	0	6	2	0	0	0	0	0	0	3	1	5	2	0	0	0	0	0	81	0	0	0	0	0	0	4	0	0	0	3	0	1	0	0	0	1	0	0	0	0	0	0	0	8	0	0	0	0	0	0	0	0	0	0	0	0	1	0	0	0	0	0	0	0	0	0	0	0	0	0	0	1	4	0	0	0	
0	0	0	26	0	0	0	3	0	0	1	2	0	0	16	3	8	0	0	0	0	0	0	2	0	0	0	0	0	6	16	0	0	1	13	0	0	117	2	1	0	1	0	8	8	0	0	0	0	4	7	40	0	1	0	1	0	0	0	0	1	2	5	1	0	0	11	1	10	0	0	1	0	0	7	0	0	1	2	0	0	0	0	0	0	0	0	0	3	11	0	0	0	0	1	0	0	0	6	0	0	0	0	1	0	0	0	0	14	0	0	0	0	0	0	0	0	0	1	0	0	0	0	0	0	0	0	0	0	0	5	0	1	0	0	0	2	0	0	0	7	0	1	0	1	0	0	1	1	1	4	0	0	0	4	0	0	9	0	0	0	0	1	0	0	9	0	0	0	2	0	3	0	0	0	0	11	5	0	0	0	0	1	0	0	0	0	0	0	0	0	0	0	2	0	0	0	0	1	1	
0	0	0	0	12	3	0	0	0	0	14	25	0	0	0	0	0	0	3	7	0	0	0	0	0	0	0	0	2	2	0	0	0	0	0	0	0	0	0	0	0	0	1	0	3	0	0	0	8	0	0	1	1	0	0	0	0	7	12	11	0	0	1	0	0	4	0	0	0	1	0	0	0	0	0	0	9	0	1	0	0	0	6	0	3	0	0	0	0	0	0	1	0	0	0	0	2	0	37	0	0	0	0	0	0	2	0	0	0	0	0	0	1	0	0	0	0	0	0	0	0	0	0	0	0	9	9	1	0	0	0	0	1	0	0	0	0	0	0	1	2	0	0	0	1	0	0	0	0	2	0	5	0	0	0	0	0	0	2	0	0	0	0	1	0	0	0	0	4	9	0	0	0	0	0	0	0	0	0	3	0	0	1	0	0	0	0	0	0	0	0	0	0	0	0	0	0	0	0	13	
0	0	0	0	8	0	0	0	0	1	0	0	0	0	0	0	0	1	0	1	0	0	11	0	0	0	0	0	0	0	0	0	14	0	0	1	0	0	1	9	2	0	0	0	0	0	0	0	21	0	0	0	0	0	0	0	0	1	0	0	8	0	0	0	1	0	0	1	0	0	0	0	0	1	0	1	0	0	1	0	0	0	1	0	0	0	0	5	0	0	0	74	0	8	9	0	0	0	0	0	0	0	1	1	2	0	0	0	0	0	5	0	1	0	0	0	0	0	0	0	0	0	3	0	0	0	0	0	0	0	0	0	0	0	0	0	0	0	2	0	2	0	0	0	0	0	3	0	18	3	2	2	0	0	1	0	3	3	0	0	1	0	0	0	0	0	5	0	0	0	0	0	0	0	0	0	0	0	0	0	0	0	0	0	0	0	0	3	0	0	0	0	0	0	0	0	0	0	0	1	
0	2	0	4	0	0	0	0	0	0	0	0	0	0	0	0	0	0	0	0	2	15	0	0	0	0	0	0	0	0	3	1	2	0	0	0	0	0	0	0	1	0	0	0	0	0	0	0	0	0	1	0	0	10	0	0	0	0	0	0	13	0	0	0	2	0	0	0	0	0	1	0	0	0	0	0	1	1	11	0	0	0	0	0	0	31	1	0	0	6	1	1	0	0	0	1	0	5	0	0	0	0	0	1	0	0	0	0	5	0	0	0	0	0	0	0	6	3	0	0	0	0	0	1	0	0	0	10	0	0	0	0	0	0	16	3	0	0	0	0	0	0	0	0	0	0	0	0	2	0	0	0	0	0	0	0	0	1	0	0	0	0	0	10	0	0	0	2	0	3	0	0	0	0	0	0	0	0	1	0	0	0	0	0	0	0	0	0	0	0	0	0	0	0	0	0	19	0	0	0	
0	0	0	3	0	0	2	0	3	0	0	0	0	1	7	1	0	6	0	0	0	0	0	13	0	0	0	0	0	0	0	11	3	8	0	0	0	1	0	0	0	0	0	0	0	0	0	1	0	1	0	0	0	0	1	0	0	0	0	0	1	12	10	0	0	0	5	0	0	0	0	5	0	0	11	17	0	32	0	0	0	0	0	2	0	3	0	0	0	0	0	0	7	0	0	0	0	2	37	0	0	3	0	0	0	0	0	0	0	0	0	0	2	0	0	1	0	0	0	0	10	0	0	0	3	0	0	0	0	0	0	0	16	16	0	0	0	0	0	0	0	0	0	0	0	2	0	0	15	18	0	0	0	0	0	0	1	6	1	3	0	0	0	0	3	0	0	0	0	0	0	0	0	0	1	0	0	0	0	0	0	0	0	0	2	6	1	1	0	6	0	1	4	0	0	2	2	0	10	5	
0	0	0	4	2	0	0	0	0	5	0	0	0	0	0	2	0	0	0	0	0	0	1	1	0	0	0	0	0	7	5	0	0	0	0	0	2	0	17	0	0	0	0	6	0	0	0	0	0	0	0	0	1	0	0	0	0	0	0	0	0	0	3	4	0	0	1	0	0	0	0	3	7	0	1	0	0	0	0	0	6	0	0	1	0	0	0	0	0	0	0	0	0	0	0	0	0	14	0	0	0	0	5	0	1	0	0	0	0	3	0	14	0	0	0	0	0	0	2	3	13	0	0	0	17	0	0	0	0	5	0	0	0	0	0	0	0	0	0	0	1	2	0	0	0	0	0	0	0	0	1	0	0	0	0	0	1	1	1	0	6	0	3	0	1	0	0	0	0	0	2	0	0	0	0	5	0	0	0	0	0	0	0	0	1	2	0	0	0	0	3	0	0	0	2	0	0	7	1	14	
6	2	0	15	1	0	7	6	0	1	6	0	0	0	0	0	1	3	1	0	0	16	0	0	0	0	0	0	0	6	0	0	0	0	1	0	0	2	0	0	0	1	3	0	0	0	0	5	0	1	0	0	0	0	0	0	0	0	0	7	0	0	3	0	0	4	0	0	0	0	2	0	0	0	0	0	0	0	0	0	0	5	0	0	0	1	0	0	0	0	6	0	0	0	0	0	0	0	0	0	0	0	0	0	0	0	0	1	0	0	0	6	0	4	0	0	6	0	1	0	0	0	17	0	9	1	9	0	0	0	2	1	0	0	0	0	0	0	0	0	0	4	0	1	3	0	1	9	0	0	6	0	0	0	0	0	0	0	6	0	0	0	0	3	0	0	5	0	0	0	0	0	0	0	0	1	0	0	1	0	0	1	1	0	0	0	0	0	0	0	0	0	14	6	3	0	0	0	0	6	
0	0	9	0	1	0	0	0	0	0	0	0	0	0	0	0	0	1	14	0	0	0	0	2	0	2	0	0	0	0	0	1	0	0	0	0	0	1	0	0	0	41	0	0	12	0	1	0	0	0	17	1	0	0	0	0	1	0	0	0	0	0	3	0	0	1	0	1	0	2	0	0	0	1	0	0	0	0	0	1	1	1	0	0	0	2	4	0	0	0	6	0	0	60	1	0	0	0	0	1	0	0	25	0	0	0	0	0	0	0	0	0	0	0	3	0	8	0	0	0	0	3	0	0	0	0	0	0	4	0	0	0	1	1	0	0	0	0	0	0	0	0	0	0	2	0	0	6	0	0	3	0	0	0	7	0	5	0	0	2	0	0	0	0	0	0	6	0	0	0	9	0	0	1	0	0	8	0	9	0	0	2	1	0	0	0	0	0	0	2	0	0	0	0	0	0	0	0	0	13	
6	3	0	0	0	0	8	0	7	0	0	0	1	0	20	0	0	0	0	0	0	0	0	0	5	0	0	0	0	0	0	0	0	3	7	0	0	1	0	0	0	0	3	46	0	0	0	0	0	0	0	0	0	4	0	1	0	0	1	1	0	0	0	0	0	0	0	0	0	0	0	0	0	0	0	0	0	9	0	0	0	0	0	0	1	7	0	0	0	0	0	0	2	0	6	0	13	14	0	0	0	0	0	2	0	0	0	0	0	26	0	0	1	0	0	0	0	91	0	0	0	0	0	0	0	3	2	0	0	1	0	0	0	2	0	0	0	2	0	0	0	0	2	38	0	0	0	0	0	0	0	0	0	0	0	3	0	0	7	0	0	0	11	0	0	6	0	1	0	12	0	1	9	3	1	36	0	0	0	0	0	0	0	10	0	0	0	0	0	2	0	0	0	9	0	0	0	0	0	0	
14	0	3	3	0	0	2	0	0	0	0	3	0	11	0	0	0	0	0	0	0	1	16	0	0	8	0	2	8	0	1	0	0	0	17	6	0	0	12	0	3	0	0	4	0	1	0	5	0	0	0	0	0	13	0	0	0	0	5	0	0	0	0	2	0	4	0	0	0	0	0	0	0	0	0	0	0	0	0	0	0	0	0	1	0	0	0	0	0	0	0	0	0	0	0	0	1	0	0	2	10	0	0	0	0	0	1	0	0	0	0	2	1	0	1	6	32	0	4	0	3	0	0	0	0	0	0	0	3	0	0	3	4	0	6	0	0	3	0	0	2	0	0	38	0	0	0	2	0	0	0	0	0	0	0	0	0	0	0	0	11	0	0	0	0	0	0	1	0	0	3	0	0	36	0	5	0	0	0	0	0	0	2	3	0	0	10	0	0	0	0	0	0	0	1	1	0	0	0	0	
0	14	9	0	0	0	0	0	0	0	21	0	2	0	0	0	0	9	0	0	1	0	0	6	0	0	0	1	0	8	0	2	102	0	0	0	0	1	0	2	0	0	0	0	0	0	0	0	0	0	0	0	1	0	0	0	0	0	0	0	1	0	0	0	0	15	4	1	0	0	0	0	0	3	0	0	0	0	0	5	0	0	0	0	0	6	0	0	17	0	0	0	0	0	4	0	0	1	1	0	2	0	3	25	0	0	0	0	0	0	0	0	0	0	1	0	0	2	0	31	0	0	0	0	0	0	0	0	0	0	0	0	4	6	0	0	0	0	0	0	0	0	5	1	1	0	13	0	0	1	6	0	0	0	0	0	2	0	0	0	0	0	5	0	0	0	0	0	0	36	0	100	0	0	0	0	0	0	0	0	0	0	2	0	1	0	1	0	0	0	0	0	0	1	1	17	1	0	0	0	
0	0	0	3	0	0	0	0	2	0	0	0	0	0	0	0	2	3	0	0	0	13	0	0	2	4	9	0	2	0	3	0	0	0	0	0	1	6	0	0	0	14	0	0	1	0	2	0	0	12	10	0	0	0	0	0	0	0	0	0	0	0	0	1	0	4	0	0	18	0	0	1	0	0	0	0	0	24	0	8	0	0	0	0	55	0	1	0	5	0	0	0	7	0	0	0	0	0	0	0	0	0	0	0	0	2	18	0	0	0	0	0	0	0	0	1	0	0	0	0	0	3	2	0	28	0	1	0	0	18	0	0	0	9	0	0	0	0	0	0	1	1	0	0	0	0	0	1	1	9	0	0	0	0	0	0	0	0	1	1	1	11	0	0	0	0	0	0	0	0	0	0	0	1	0	5	0	0	1	0	0	0	0	4	0	0	0	12	0	0	0	0	1	0	0	0	0	3	0	0	
0	1	0	0	0	6	1	0	0	0	0	0	1	0	0	0	0	0	0	0	0	0	0	0	0	0	0	10	1	0	3	0	4	0	0	1	0	0	0	0	1	0	3	46	2	0	2	0	0	0	3	0	0	0	0	0	4	0	0	3	0	0	0	0	0	0	6	7	6	0	1	1	0	2	38	0	3	0	0	0	13	0	0	31	11	0	0	0	0	0	11	1	0	0	0	0	0	0	2	0	8	8	0	0	0	5	0	1	0	0	0	2	0	0	0	0	2	0	0	0	0	0	0	1	1	3	0	1	0	0	0	0	1	10	0	0	0	0	4	6	1	0	7	2	0	0	0	0	0	0	0	0	0	0	0	3	0	0	0	0	0	0	0	0	0	0	1	0	0	0	0	6	0	0	3	2	0	0	0	0	0	15	0	0	0	5	1	0	0	1	0	9	0	0	6	132	5	1	0	0	
0	0	0	6	0	4	0	0	0	0	9	0	0	2	0	0	0	0	0	0	6	0	0	0	0	0	0	0	0	0	0	0	0	0	0	0	2	0	0	0	0	3	0	1	0	0	0	0	0	0	0	0	0	1	0	0	0	0	0	0	0	0	2	0	0	0	3	0	0	0	1	0	5	0	0	0	0	0	1	0	6	0	0	0	0	0	0	2	0	0	0	18	0	0	0	0	0	2	0	0	0	0	0	0	0	0	0	0	0	1	0	1	0	0	78	0	0	0	0	0	1	0	10	0	0	0	9	0	0	0	10	0	0	0	1	2	0	2	38	0	0	0	2	0	0	2	0	0	1	0	0	8	0	0	0	0	0	0	0	0	0	0	0	0	0	0	1	0	0	0	2	0	0	0	0	0	0	1	0	0	0	0	0	0	0	1	0	1	0	0	2	1	0	0	0	0	0	0	0	2	
0	0	0	0	0	14	3	7	1	0	0	0	0	13	0	0	1	0	3	16	0	0	0	0	0	0	0	0	0	0	3	8	0	0	0	0	0	0	0	0	1	0	1	6	0	0	0	0	0	0	0	0	0	0	0	0	0	0	0	0	0	0	0	0	0	0	0	0	38	0	0	2	0	0	6	0	0	0	0	0	35	0	0	0	0	1	0	2	0	0	0	0	0	0	0	0	1	0	0	0	0	3	1	0	0	0	1	0	0	12	0	0	5	0	0	12	0	1	2	0	26	0	3	0	3	0	0	0	0	0	0	17	82	1	0	10	0	0	1	0	0	0	0	0	0	0	0	0	1	0	0	0	0	0	0	1	11	0	2	1	4	0	0	0	0	0	0	0	0	0	0	0	0	0	0	0	0	0	0	0	4	1	0	0	0	4	0	0	0	0	0	0	0	0	0	0	0	0	2	0	
6	0	6	18	0	0	2	0	0	25	0	0	0	0	0	0	0	0	0	0	0	0	0	0	0	0	0	0	4	0	101	0	0	0	0	0	0	0	0	0	0	1	0	0	1	1	8	0	0	6	3	0	0	0	0	0	0	0	0	0	0	0	0	0	0	0	1	0	1	0	0	0	1	0	0	7	0	1	0	0	0	0	5	0	0	0	0	0	0	1	0	0	0	0	0	0	0	0	4	0	2	0	0	0	8	0	0	2	0	0	2	0	24	1	0	0	0	0	0	0	8	0	0	29	6	0	0	0	0	1	0	0	0	0	2	0	5	1	0	4	0	21	0	0	0	0	0	0	0	0	2	0	0	0	0	0	0	1	0	0	0	2	0	0	0	2	0	0	0	0	0	0	0	0	0	0	0	0	0	0	0	0	0	0	0	0	1	0	0	1	1	4	0	5	0	3	14	0	1	0	
0	0	1	0	0	0	0	0	4	7	2	0	0	0	0	0	0	0	0	0	0	8	0	2	31	0	0	1	7	5	0	0	0	0	0	1	0	1	1	1	1	0	0	0	0	0	0	0	6	0	5	0	0	0	0	1	2	0	0	0	3	0	1	0	0	0	5	0	0	0	0	0	0	0	0	1	0	5	4	0	1	5	0	0	10	0	1	0	0	0	0	11	0	0	0	0	14	1	0	4	0	0	25	0	0	0	6	2	0	0	0	0	0	0	0	1	0	0	0	13	0	0	0	1	5	0	3	0	3	0	0	0	1	0	1	0	0	0	0	0	1	7	0	2	0	0	0	0	0	0	0	0	1	0	0	0	0	0	0	2	1	0	0	0	0	0	0	0	1	0	0	0	0	0	1	0	0	0	0	138	0	1	1	0	1	0	0	0	5	2	0	0	0	0	10	0	2	0	2	0	
0	0	0	0	1	0	0	0	4	0	0	0	0	0	0	0	2	0	0	0	0	0	7	0	1	1	0	0	0	12	0	0	0	1	0	0	1	0	0	0	0	13	1	0	1	0	4	0	0	0	0	0	3	0	0	1	0	0	1	37	0	1	0	0	0	1	1	0	0	0	0	0	0	0	0	0	5	1	0	1	0	0	3	0	0	1	32	0	0	0	0	0	0	16	0	27	0	0	0	0	0	0	4	0	63	0	5	22	110	0	0	0	0	12	1	0	0	30	0	0	0	0	0	0	0	0	1	0	0	0	0	10	0	0	33	0	1	0	3	0	0	3	0	11	0	0	2	0	1	0	0	0	0	0	0	0	0	0	0	0	1	0	0	1	0	3	0	3	1	0	0	0	0	0	0	0	0	0	0	0	0	0	0	0	0	0	1	0	0	0	0	0	0	0	0	0	0	2	0	0	
8	0	1	0	0	0	17	0	1	0	0	0	0	0	0	1	0	0	0	0	0	0	0	0	7	0	0	0	21	0	0	0	0	0	0	2	1	0	0	0	2	0	0	0	22	0	0	0	6	7	0	4	0	0	4	0	0	0	0	0	0	0	7	0	0	0	0	0	0	0	0	0	0	0	0	0	0	0	2	0	2	0	0	0	0	0	0	0	0	0	0	0	0	0	0	0	3	0	0	0	0	0	0	1	0	0	1607	0	2	0	0	0	0	0	0	0	0	0	0	0	0	4	0	0	2	0	1	0	10	0	0	12	0	0	2	0	0	6	1	21	2	0	0	0	7	0	0	0	0	0	0	0	0	0	0	0	0	0	0	0	0	0	0	0	0	11	0	0	9	2	0	0	4	0	3	0	0	0	0	0	1	0	0	0	0	0	0	7	1	0	0	0	0	3	0	0	5	1	4	6	
2	2	0	0	0	0	0	0	2	3	0	1	0	6	13	0	0	0	0	1	9	0	0	1	0	2	0	0	1	17	0	3	0	34	0	4	0	0	0	0	0	0	0	14	0	0	0	0	0	0	17	0	0	3	9	0	13	0	1	1	0	0	0	1	1	2	1	0	1	0	0	1	1	3	1	0	0	0	0	0	0	0	0	0	0	0	7	0	0	1	0	0	8	0	0	0	0	0	0	0	0	0	0	0	0	0	0	0	4	0	0	1	0	0	31	0	0	0	1	2	4	0	0	0	0	0	0	19	0	0	0	9	0	0	0	0	1	0	0	0	0	0	0	2	24	0	1	1	0	0	0	10	0	0	0	4	0	0	0	0	0	0	4	0	0	0	1	0	0	0	0	0	1	0	1	6	0	0	0	0	1	0	0	0	1	0	0	0	0	1	0	0	3	0	0	0	0	0	0	0	
0	0	0	0	0	0	0	0	0	0	0	0	0	0	0	1	0	0	0	0	0	1	0	0	0	0	0	8	0	0	8	0	0	0	0	0	1	0	19	0	0	0	0	0	4	1	0	4	0	0	0	1	2	1	9	0	0	0	0	0	0	2	0	0	0	0	0	0	0	0	0	2	6	0	0	0	0	0	0	0	1	0	0	0	0	0	0	0	0	3	0	1	0	0	3	0	0	0	3	0	22	8	0	0	0	1	0	2	1	0	0	0	0	0	16	0	0	0	0	0	1	0	0	0	27	0	0	0	0	0	1	0	0	0	18	0	0	0	0	0	0	0	2	0	0	3	0	0	0	4	0	0	0	0	0	5	0	0	0	0	0	1	1	0	0	0	0	0	0	2	0	0	0	0	9	0	0	1	0	0	10	1	2	0	0	0	0	0	0	1	0	0	0	0	3	0	1	0	0	0	
0	0	3	17	2	2	0	2	0	1	0	0	0	2	0	0	0	0	0	7	0	7	0	0	1	2	0	0	1	3	0	1	0	0	0	0	1	0	0	0	2	1	0	0	0	0	0	3	0	0	13	5	1	1	1	6	1	0	7	0	0	1	0	6	1	0	0	0	0	0	1	0	0	4	0	0	0	0	5	1	0	0	6	0	34	0	0	0	2	0	11	0	0	0	21	0	0	0	0	0	4	0	6	0	0	8	0	0	0	0	3	1	0	0	0	5	0	0	0	0	0	0	0	0	0	1	0	0	0	0	0	0	0	0	0	0	0	0	0	0	0	1	0	0	0	0	0	0	0	0	0	0	1	0	0	0	1	0	2	0	0	0	0	0	0	0	0	0	0	0	0	1	4	0	0	0	0	0	0	0	0	0	1	0	0	4	0	0	1	0	0	0	1	0	0	0	0	0	0	0	
0	4	0	0	0	1	0	0	0	0	0	0	0	0	0	2	0	0	10	5	0	0	0	0	0	0	0	0	0	0	0	0	7	1	0	0	1	0	1	0	0	0	0	0	0	0	1	0	0	0	0	5	0	11	0	0	0	0	0	1	0	0	0	0	0	0	3	0	1	0	2	0	0	0	0	0	0	0	4	0	1	10	0	0	1	0	0	0	0	0	0	0	1	0	0	0	1	0	0	0	0	0	2	21	1	0	18	3	0	3	0	0	0	0	0	0	0	0	14	0	0	0	0	0	0	2	0	21	0	0	0	0	0	0	1	0	0	0	0	0	0	0	0	0	0	0	0	0	1	0	1	0	3	0	0	0	0	0	0	0	3	2	0	0	0	0	0	4	0	0	0	0	0	137	10	0	1	0	3	0	34	0	0	5	0	0	3	0	3	0	9	0	0	11	1	0	0	1	0	0	
0	0	1	0	9	0	0	8	0	2	0	0	0	0	16	7	0	0	0	2	0	4	9	0	1	0	0	0	0	0	1	0	0	0	0	0	0	0	0	0	0	1	0	0	0	0	0	0	1	0	4	0	0	0	0	2	0	0	0	0	0	0	0	6	0	3	0	0	0	0	0	0	0	2	0	0	1	0	0	0	0	0	0	1	0	0	0	0	0	0	33	0	3	0	0	0	0	0	0	0	0	0	0	2	0	0	0	0	0	0	0	0	3	0	0	0	0	15	0	9	0	1	0	1	0	0	1	7	1	0	0	2	1	0	2	0	0	0	4	1	0	0	0	0	0	0	1	0	0	3	5	13	0	0	0	0	2	0	0	0	0	2	0	0	0	2	0	0	0	0	0	0	0	0	2	0	1	6	0	0	6	1	0	34	0	1	0	0	0	0	3	0	0	0	0	1	0	0	0	1	
1	0	0	0	0	4	17	0	0	0	0	7	0	0	0	0	0	0	0	0	3	0	0	0	0	0	0	0	0	0	4	0	0	0	0	0	0	0	0	0	0	0	0	0	2	1	0	1	0	0	0	0	0	0	4	14	0	0	0	0	0	0	38	0	5	1	0	0	0	12	0	0	0	0	1	0	0	0	0	5	0	0	0	0	0	0	0	0	0	1	1	0	0	0	2	0	0	0	0	0	0	0	0	0	0	0	0	1	0	0	0	0	0	12	0	0	1	0	0	0	0	0	0	0	0	0	0	0	0	2	0	0	0	0	0	0	0	0	0	0	0	3	0	0	0	0	3	0	0	0	0	1	0	0	0	0	0	0	9	0	0	0	0	0	0	0	0	1	0	0	0	0	0	0	0	15	0	0	0	0	0	0	0	0	0	2	0	14	0	0	0	0	2	0	2	0	2	2	0	5	
0	514	0	0	7	0	0	0	0	0	0	235	0	4	0	14	0	0	0	0	0	0	0	8	1	0	0	1	0	1	2	1	0	0	0	0	0	0	0	0	1	0	0	1	0	4	0	0	0	0	0	0	0	1	0	1	5	0	0	0	0	0	0	0	0	0	0	0	4	0	0	0	1	0	0	0	26	0	0	0	12	0	0	0	0	0	0	2	0	0	0	0	0	0	0	0	0	0	0	0	0	1	2	0	25	10	4	3	0	2	0	3	0	0	0	2	0	7	10	0	0	1	4	0	0	0	0	5	0	1	0	1	0	0	0	0	0	0	3	0	0	0	0	0	0	0	6	0	0	2	0	0	0	1	1	0	4	0	1	0	0	0	0	0	0	0	0	0	0	0	0	0	0	0	0	0	0	0	0	0	0	0	0	0	0	0	9	0	0	0	0	0	0	2	1	0	3	0	1	0	
0	0	0	0	0	0	0	0	0	0	0	0	0	0	0	2	0	9	0	0	0	0	7	0	0	0	0	0	0	0	0	2	1	0	0	0	0	0	0	0	0	0	0	0	2	0	0	0	0	0	1	0	0	0	5	0	0	0	1	0	0	0	0	0	3	2	0	0	0	12	5	0	0	10	0	0	1	0	4	0	19	0	0	0	0	2	0	8	0	27	0	0	0	0	13	0	0	0	2	0	0	25	2	0	0	0	0	0	0	0	0	9	13	0	3	0	0	0	0	0	0	0	1	0	0	3	0	0	0	2	0	0	0	0	10	0	0	0	0	0	3	0	0	11	0	0	0	0	0	11	0	0	6	0	0	0	0	0	0	0	4	1	0	8	0	0	1	0	0	0	0	6	0	6	0	0	6	0	6	0	0	1	0	6	0	0	0	1	0	0	1	0	0	0	3	0	0	0	7	0	
5	1	0	0	0	17	0	0	10	0	0	7	0	0	0	4	1	0	0	0	0	0	0	1	15	4	0	0	0	0	0	0	0	0	0	0	1	0	0	0	0	0	0	0	0	0	1	0	0	0	0	0	3	0	9	0	0	0	0	0	0	0	10	0	0	0	2	0	53	1	0	0	2	0	0	6	0	0	0	0	0	0	0	0	0	10	8	0	0	0	0	1	0	0	0	0	0	0	0	0	0	2	0	2	0	0	1	0	0	0	0	0	0	0	0	0	0	4	0	0	2	0	0	15	0	0	11	0	0	0	0	0	0	0	0	2	0	0	0	0	0	0	13	0	0	0	0	0	0	0	7	0	0	1	0	0	1	0	1	0	3	0	3	0	5	0	0	0	0	0	0	0	0	0	0	0	0	2	0	0	0	0	0	0	0	4	0	0	7	0	0	0	6	0	0	0	1	0	0	0	
0	6	0	0	0	0	0	1	6	0	0	0	2	13	0	1	0	1	0	0	0	0	5	0	0	1	0	9	0	0	46	0	0	0	0	0	0	0	0	0	0	0	0	0	0	0	0	0	0	1	0	0	1	0	0	1	0	0	2	0	0	2	0	0	0	0	77	0	0	0	0	7	0	0	0	0	0	0	0	0	0	0	0	0	0	0	0	0	0	0	0	0	0	0	0	2	0	0	0	5	0	0	0	0	0	0	0	3	0	0	1	7	0	0	0	0	0	0	0	1	29	0	2	0	0	0	0	0	0	0	0	0	3	0	0	0	0	2	3	0	0	2	0	0	0	0	0	0	0	0	0	0	0	0	0	0	0	0	0	0	0	0	0	0	0	0	0	0	0	4	1	0	0	34	0	0	0	0	5	2	0	0	0	0	0	0	0	0	100	0	1	0	1	0	15	0	0	0	1	0	
2	2	0	0	0	0	0	8	0	0	3	4	0	0	0	0	0	0	1	0	0	13	0	0	0	0	0	0	1	0	1	0	0	1	2	0	0	0	0	0	6	0	0	1	0	4	1	0	0	0	0	0	1	0	0	0	6	0	5	0	0	0	0	0	2	0	0	0	0	1	0	0	0	0	0	0	0	1	12	1	12	0	0	0	0	1	0	1	0	1	0	0	14	1	0	0	1	0	0	0	0	2	0	4	0	0	0	0	0	0	0	0	0	1	0	0	0	0	0	0	2	0	17	0	0	0	1	0	0	0	0	0	0	0	3	2	7	0	6	0	0	0	2	0	0	0	1	0	0	0	11	0	0	0	0	0	0	0	6	0	0	0	0	0	3	1	0	7	0	0	0	32	0	0	17	3	0	0	0	3	0	0	0	0	0	0	0	0	0	0	0	0	1	0	0	3	0	0	4	1	
0	0	9	0	0	0	0	2	0	0	0	0	1	0	0	0	5	2	0	0	0	5	0	0	0	9	0	0	0	0	0	0	0	0	0	0	2	0	0	0	0	0	0	0	0	0	0	0	0	0	0	0	0	0	1	0	0	0	0	0	0	0	0	0	0	3	0	0	0	0	0	0	0	0	0	0	7	2	0	0	0	0	4	0	0	0	0	0	0	0	0	0	0	0	0	0	0	0	0	1	1	0	78	0	0	0	0	0	0	0	0	4	0	0	13	0	0	0	0	0	0	1	1	0	3	0	0	0	0	0	0	4	0	18	0	0	0	0	0	1	0	0	0	0	0	0	0	0	0	3	1	0	0	1	0	100	0	0	0	0	0	2	0	0	0	14	0	1	0	19	4	0	0	0	1	0	0	6	0	2	0	0	0	0	2	0	0	0	0	10	0	0	4	0	0	0	0	0	2	0	
0	9	0	0	0	0	0	5	0	0	0	0	0	2	0	1	0	0	0	0	0	25	0	0	0	0	0	0	5	0	0	0	1	0	0	0	0	0	0	0	0	0	0	0	0	4	0	0	0	0	0	0	0	0	0	0	0	0	0	0	0	0	1	1	0	0	0	0	0	0	0	0	0	2	0	0	1	0	0	0	0	0	1	0	0	1	0	0	4	10	0	0	0	0	0	0	0	0	0	0	0	3	31	0	0	0	0	0	0	0	0	0	0	0	0	0	1	1	0	1	1	0	0	2	6	0	0	0	0	0	0	0	1	0	0	0	0	0	0	0	0	0	0	6	0	0	1	0	0	1	18	1	3	0	0	0	0	0	0	3	0	0	0	0	0	0	0	0	0	0	0	0	0	0	0	16	4	3	0	1	0	0	0	0	0	0	0	0	1	0	1	0	0	0	0	0	0	0	0	0	
0	0	0	0	0	0	0	0	4	0	0	0	0	2	0	0	0	0	0	1	0	0	0	0	0	1	0	2	0	0	1	1	1	0	4	2	0	0	0	0	3	0	0	4	0	0	3	0	1	0	0	0	2	0	0	0	0	0	2	0	0	0	1	0	53	0	1	0	0	0	1	0	0	5	1	0	0	8	0	0	0	0	0	0	0	1	0	1	0	0	1	0	0	0	0	0	0	0	1	17	0	4	0	0	10	4	3	0	0	0	0	0	14	0	0	0	1	23	0	32	2	0	1	0	0	2	0	0	0	0	0	0	0	0	0	0	0	1	0	0	0	0	0	3	1	0	0	0	0	0	8	0	1	0	0	0	0	0	3	0	1	0	0	0	0	0	2	0	0	0	0	0	0	0	0	3	15	0	0	2	0	0	0	0	10	0	0	0	0	3	0	0	0	0	0	0	0	0	0	0	
0	7	0	0	0	0	0	0	0	0	0	6	1	0	0	0	0	0	0	0	0	1	0	0	114	1	3	2	0	1	1	4	0	0	0	0	0	1	0	0	0	0	0	4	3	3	1	0	0	1	1	1	6	0	9	0	1	3	0	2	0	0	0	3	3	4	0	0	0	0	0	0	0	0	0	0	0	0	0	0	0	0	0	0	4	0	7	0	6	1	0	1	0	0	0	0	0	0	0	0	5	0	0	21	0	0	0	0	0	0	0	12	2	0	0	1	0	0	0	0	0	0	0	3	0	1	4	0	0	0	3	0	0	0	0	0	0	12	0	0	4	0	0	0	0	0	0	0	0	1	0	0	1	0	0	5	0	0	1	0	0	0	0	0	0	1	0	1	0	0	5	0	0	0	0	0	0	0	0	1	8	0	0	0	0	0	0	0	4	0	9	6	0	0	1	0	0	0	0	0	
0	1	0	13	17	4	0	0	0	4	0	0	0	0	0	1	1	0	0	1	0	0	0	0	3	5	0	0	0	0	0	0	0	0	0	0	1	0	0	0	18	0	3	2	0	0	0	0	6	2	2	0	5	0	0	0	0	0	1	2	0	0	0	2	6	0	6	1	0	0	16	0	0	0	6	2	0	0	0	0	0	4	0	0	0	0	0	0	2	0	1	3	0	4	8	0	17	0	0	0	0	0	0	5	0	0	0	0	1	0	0	78	1	0	1	0	1	0	0	0	2	0	0	4	0	0	0	0	0	0	1	0	0	0	0	4	0	0	0	0	0	0	0	0	1	0	0	18	33	0	2	0	0	0	0	0	0	3	0	0	0	0	0	0	0	0	0	0	0	0	0	0	4	0	0	1	11	0	0	2	0	0	0	0	5	0	0	3	0	0	9	3	0	8	0	0	0	0	1	1	
0	0	0	1	2	0	0	0	0	1	0	5	0	0	0	0	0	0	0	0	0	0	0	0	0	0	0	8	0	0	0	0	0	2	0	0	0	0	0	0	0	1	1	0	1	0	0	0	0	0	0	0	0	0	0	0	0	0	0	0	8	2	0	0	0	0	0	0	0	0	0	19	0	0	0	0	0	0	0	0	0	0	4	0	0	0	0	0	0	17	0	0	1	0	1	0	0	25	3	0	4	0	0	3	0	0	4	0	7	0	1	0	3	2	1	2	0	0	0	0	1	4	0	0	0	0	0	0	1	0	1	0	0	0	0	0	0	0	1	0	0	0	4	0	11	0	0	1	0	2	0	0	1	0	0	0	0	1	0	0	6	0	0	15	0	0	5	0	0	0	4	0	0	0	0	0	0	2	0	0	0	0	0	0	0	0	1	6	0	0	0	2	0	2	0	2	0	0	0	0	
5	0	0	3	1	1	0	0	0	0	0	0	0	6	1	35	107	0	0	9	0	0	2	3	0	0	0	0	3	0	0	0	0	0	0	0	0	0	0	4	0	0	0	2	1	0	0	0	1	0	0	0	1	0	0	0	35	0	0	0	0	1	0	1	2	31	1	0	0	0	0	0	7	0	25	0	0	0	0	0	0	1	0	1	0	0	0	0	0	0	0	0	4	81	0	0	0	31	0	0	0	0	0	15	0	0	2	0	0	0	0	18	10	1	0	0	3	0	4	0	0	0	0	0	0	0	0	0	2	0	0	0	0	0	0	0	1	0	0	0	0	6	0	0	0	0	0	0	0	3	0	0	0	0	0	0	1	0	0	1	0	0	0	0	0	0	0	0	0	0	0	0	0	2	0	0	0	0	0	0	0	3	4	0	0	0	0	0	3	0	0	0	0	0	0	2	0	0	0	0	
0	0	0	0	1	0	1	0	38	4	0	0	0	0	0	0	0	0	0	0	0	1	1	0	0	0	0	0	0	0	0	0	0	0	0	0	0	0	0	0	0	0	2	0	1	0	0	0	0	0	0	0	0	6	0	0	9	3	0	0	0	1	0	0	0	0	0	0	0	0	0	0	0	0	0	0	0	0	8	0	0	0	0	0	0	10	0	0	1	0	0	2	0	0	0	0	4	0	0	0	0	0	24	4	4	0	0	0	0	0	0	13	0	14	0	0	0	0	0	0	0	0	0	0	0	0	13	0	0	78	0	0	0	0	0	1	0	0	0	0	2	0	0	0	0	0	0	0	0	0	0	0	0	4	0	0	0	0	0	0	0	1	0	0	0	0	7	0	5	0	1	1	0	0	0	2	0	0	0	0	8	0	18	0	0	2	0	0	0	0	0	0	0	0	7	1	7	2	0	0	
0	0	0	0	0	0	0	0	0	0	16	7	0	0	0	0	0	1	0	19	1	0	0	0	0	0	0	0	0	0	0	19	1	0	0	0	0	37	0	0	0	9	0	0	0	0	0	0	0	0	0	0	0	0	0	1	0	0	0	0	0	0	0	1	0	0	1	0	1	0	2	0	0	0	0	0	2	0	0	0	22	0	0	0	4	0	0	6	1	2	0	0	9	0	0	0	0	0	0	0	0	0	0	0	0	0	0	2	19	0	0	0	0	0	0	0	0	0	0	0	2	1	0	0	0	0	0	0	0	0	10	78	0	0	0	0	0	0	1	0	0	2	0	0	1	42	0	0	0	0	0	0	0	1	0	0	0	0	0	1	1	0	1	32	0	0	0	6	0	2	0	0	0	0	0	0	0	3	0	0	0	0	1	2	0	0	0	0	0	1	104	0	0	21	0	1	0	0	2	0	
0	31	0	0	0	0	2	3	0	0	0	0	1	0	0	0	0	0	0	1	11	0	0	2	2	1	1	0	0	0	13	12	0	0	0	0	3	3	4	0	0	0	1	0	0	0	0	0	6	0	0	10	0	0	0	0	0	5	2	0	0	0	0	0	7	0	0	0	1	2	0	0	0	0	0	0	4	1	0	0	0	0	22	2	0	0	1	0	1	0	12	0	0	0	3	0	1	0	13	0	0	0	0	19	0	4	0	0	0	0	0	0	0	0	0	0	0	2	0	10	0	0	0	0	0	0	1	0	3	0	0	0	0	0	0	0	0	0	13	3	1	2	0	0	0	0	0	0	0	1	0	0	0	0	0	0	7	5	0	1	0	0	2	0	0	0	3	0	0	4	0	0	0	1	1	0	0	0	14	0	0	0	0	0	0	0	0	0	0	0	0	11	0	11	0	0	0	0	0	0	
0	0	0	0	0	0	0	0	0	0	0	0	4	0	1	0	0	0	1	5	0	3	11	6	0	0	0	13	0	0	12	0	0	0	0	0	0	0	0	2	0	0	3	0	1	0	0	0	0	0	0	0	0	0	0	0	0	1	0	0	0	0	1	1	0	0	0	33	0	0	1	0	0	0	1	0	3	0	0	0	0	0	0	3	0	0	0	0	0	110	0	1	0	0	10	0	0	1	0	6	0	0	0	0	0	0	0	0	0	0	0	0	0	0	9	0	6	0	0	1	0	0	0	0	5	0	6	0	0	5	1	0	0	0	0	0	0	0	1	0	0	6	0	6	2	0	2	0	0	0	8	1	0	0	0	0	6	0	0	6	0	0	0	0	0	16	0	0	0	0	0	0	0	0	0	0	3	0	0	0	1	0	2	1	1	0	0	0	0	0	0	0	0	0	5	0	30	0	0	3	
0	1	6	1	0	0	0	6	0	0	0	0	1	0	0	0	0	0	0	0	0	0	0	0	0	0	0	0	0	0	16	0	0	7	0	3	2	0	0	0	0	0	0	9	2	0	2	0	0	0	0	0	0	3	0	0	0	0	0	0	0	9	2	0	0	12	0	0	11	7	2	3	0	0	0	0	0	0	0	0	2	0	0	1	0	0	0	0	0	0	0	0	0	0	0	7	0	0	0	0	0	0	0	79	6	0	0	0	0	0	0	0	0	0	1	0	18	1	7	0	0	0	0	0	0	1	0	0	1	0	1	0	0	0	0	0	0	1	0	2	13	0	0	0	2	3	0	0	5	0	0	8	4	1	6	0	0	16	0	0	14	0	0	3	0	0	0	0	2	0	4	0	0	0	3	0	0	0	0	0	0	0	3	0	0	0	0	0	0	0	0	0	2	2	0	0	0	0	0	0	
7	7	0	0	0	1	0	1	0	1	0	3	0	0	0	0	0	1	0	0	0	0	0	0	0	0	3	0	0	0	0	1	2	2	1	0	1	1	0	0	1	0	0	0	0	6	0	0	0	0	0	0	0	0	1	0	0	0	1	6	0	0	1	0	0	0	0	0	0	2	0	0	0	7	0	3	0	0	1	0	0	0	0	0	0	0	12	1	0	0	0	0	0	0	0	0	0	0	0	0	0	0	0	0	0	0	0	0	0	2	25	0	0	0	0	0	4	0	0	1	0	0	2	0	0	1	0	0	0	0	6	0	0	5	0	0	0	0	0	1	0	0	0	0	1	0	0	0	0	0	0	1	3	0	0	0	0	3	2	0	1	0	0	0	0	132	1	0	0	0	0	12	0	0	0	1	0	0	0	0	0	0	7	0	1	0	1	0	0	0	0	1	0	111	3	0	0	0	0	0	
0	0	0	0	0	0	0	17	16	0	0	3	0	0	0	1	3	5	0	0	0	0	0	0	1	5	0	0	0	0	0	5	0	0	7	0	0	1	0	1	0	0	0	0	4	0	0	3	0	0	0	0	0	0	1	0	0	1	0	0	8	2	0	0	0	2	1	0	0	2	0	0	0	0	0	0	2	0	2	0	0	2	9	2	2	1	4	0	9	0	0	25	31	2	0	0	0	0	0	0	0	10	0	0	0	0	2	0	0	0	0	5	0	0	0	9	4	6	1	0	2	0	0	9	0	0	0	0	0	0	0	0	0	0	2	0	0	0	0	1	0	0	0	0	0	0	0	1	0	12	0	0	0	0	0	0	0	0	0	0	0	4	0	5	0	0	0	0	0	0	0	0	0	0	0	0	19	0	7	0	0	0	0	0	0	1	1	1	0	0	0	0	0	4	0	0	5	0	0	9	
0	0	0	0	0	15	0	8	10	0	1	0	0	1	3	2	0	0	9	0	0	0	6	3	0	1	0	0	0	0	0	0	6	0	0	0	0	0	1	0	2	0	10	0	0	1	0	0	0	5	0	6	0	0	0	0	0	0	0	1	0	2	0	0	0	1	0	1	0	0	0	0	0	0	0	0	0	0	0	0	0	0	0	13	81	0	0	0	0	16	0	0	12	0	0	0	0	3	10	2	0	2	11	0	0	0	0	0	0	1	0	0	0	0	0	0	0	0	87	0	0	0	0	0	0	0	0	0	0	0	0	5	0	7	0	1	0	2	1	0	0	0	0	0	0	0	0	0	0	0	0	0	0	0	0	19	3	0	0	0	0	1	0	0	6	0	0	0	0	0	1	1	1	0	0	0	0	0	2	0	2	2	0	0	0	1	0	0	16	2	5	2	0	0	0	0	0	8	0	0	
3	6	0	100	0	0	2	1	0	3	1	0	1	0	1	0	0	0	0	0	0	0	0	0	0	0	0	0	1	0	0	0	0	0	0	0	0	0	0	0	0	0	0	0	0	0	0	1	0	0	0	0	0	0	0	0	2	0	0	4	0	0	0	0	0	0	0	2	5	0	0	1	0	3	18	0	1	0	0	0	1	0	35	0	18	0	4	0	1	0	2	0	0	0	24	0	0	0	0	4	0	0	0	4	0	0	0	0	0	1	0	0	0	1	0	0	0	0	0	0	0	0	0	0	0	0	0	0	1	1	0	9	0	0	100	0	0	2	0	0	18	0	0	0	42	0	0	0	0	0	0	0	0	0	0	1	0	0	0	0	1	0	0	0	0	0	9	0	0	0	0	0	0	4	0	0	8	0	27	0	0	0	1	0	0	2	0	0	2	0	0	0	0	0	3	7	0	0	0	1	
0	0	0	1	0	0	7	0	0	0	0	0	0	0	0	0	0	0	2	0	0	1	0	4	0	1	0	5	0	0	0	0	0	0	1	0	1	13	0	3	5	0	0	0	0	2	2	0	1	0	0	0	0	0	7	52	0	0	0	0	0	2	0	0	0	1	1	1	0	0	0	69	0	1	0	0	0	0	0	0	0	26	1	2	0	0	25	0	0	1	10	0	0	3	4	0	0	0	0	0	0	1	0	0	0	0	1	13	0	0	3	0	0	4	0	3	1	0	0	0	0	0	0	0	78	0	3	0	0	0	0	1	0	0	0	0	0	0	2	0	1	0	0	1	0	0	0	0	2	6	0	5	0	0	0	33	0	0	0	5	0	0	0	0	1	2	0	12	2	0	0	0	0	0	0	0	0	0	0	5	0	0	1	1	0	0	0	0	0	0	0	0	0	6	37	0	0	0	0	8	
0	0	0	0	0	0	0	0	0	0	10	0	0	0	0	2	0	0	4	0	4	0	1	0	0	0	0	0	0	0	0	0	0	0	0	0	0	11	0	0	0	0	3	0	9	0	0	0	0	0	1	0	0	3	0	0	0	0	34	0	0	0	0	0	8	1	0	0	0	3	0	0	0	4	1	0	22	0	0	0	9	0	0	0	0	0	3	0	0	0	0	10	0	0	0	0	10	0	1	0	0	0	0	1	0	0	6	21	0	0	0	0	1	1	0	0	1	0	0	0	0	0	0	0	0	0	0	0	0	2	0	1	0	0	0	0	0	0	0	1	0	0	0	0	0	0	0	0	0	0	0	8	8	0	0	0	4	0	0	0	0	1	0	4	0	0	0	2	0	0	0	0	0	1	1	0	1	0	2	4	3	0	0	0	0	2	0	23	0	7	0	0	0	0	0	0	0	0	0	0	
0	0	0	0	0	5	0	0	0	0	0	0	0	0	0	0	0	0	1	0	0	0	0	0	3	0	0	0	0	0	0	0	0	0	2	0	0	1	0	0	0	6	0	6	0	0	0	0	0	0	5	0	0	0	0	0	18	0	12	0	0	0	0	8	0	0	1	0	0	0	0	4	0	0	0	0	0	0	0	1	0	0	0	81	0	0	3	0	0	2	0	31	0	0	0	0	1	0	4	0	0	0	1	0	0	0	0	0	0	0	0	0	0	9	0	0	0	0	0	1	0	0	0	0	0	0	0	0	0	0	0	100	2	2	0	0	4	0	0	0	2	0	0	0	11	0	0	13	0	0	0	0	2	0	0	0	0	0	0	0	0	0	7	0	0	0	3	0	0	1	0	0	0	1	0	0	0	0	0	1	0	1	25	1	0	0	1	0	0	0	0	0	0	0	0	0	0	0	8	0	
0	0	0	4	0	0	6	0	0	0	0	4	0	5	0	0	0	0	0	1	0	0	0	0	1	0	0	0	0	0	0	0	0	6	0	0	0	3	0	0	0	0	1	0	0	1	0	0	2	0	0	0	0	0	0	0	0	34	0	0	0	0	0	0	0	0	0	0	0	1	0	3	0	0	1	0	2	0	2	1	0	0	0	0	0	12	0	0	0	0	7	10	0	0	0	0	79	0	0	0	5	0	2	0	0	1	0	0	0	0	0	0	0	0	0	0	1	0	0	0	0	0	13	0	10	0	0	0	0	0	18	0	0	2	7	0	0	0	0	0	16	0	0	0	0	4	2	0	0	1	0	11	0	0	0	0	7	3	0	0	0	2	0	0	0	0	0	0	0	0	0	0	1	0	0	1	0	0	0	1	0	0	0	0	1	1	0	0	0	0	0	0	0	0	0	0	3	0	3	1	
3	2	6	4	0	0	0	0	0	0	1	0	0	0	0	0	0	0	0	0	0	1	0	6	0	0	0	0	0	0	0	0	3	0	0	0	0	7	7	0	0	0	0	0	0	0	0	0	3	7	5	2	0	2	0	0	0	0	0	0	3	0	0	0	0	0	2	0	0	0	0	0	0	0	0	0	1	2	0	12	0	0	0	0	0	1	1	0	0	0	0	0	0	0	0	0	0	0	0	9	0	0	0	2	0	1	4	0	0	0	0	0	0	1	1	24	1	0	0	0	0	0	0	0	0	0	0	0	100	9	0	0	0	0	35	0	0	0	0	0	0	0	5	0	0	0	0	5	0	0	2	2	5	0	0	3	0	1	0	0	0	16	0	0	0	6	0	4	0	17	0	0	0	1	3	0	1	0	0	0	4	0	0	1	0	0	0	0	2	5	0	0	0	0	0	0	0	0	0	0	
0	1	8	0	0	1	25	0	0	0	1	22	0	0	0	0	1	16	0	0	1	0	3	4	0	11	0	0	3	0	0	0	13	0	0	0	0	0	0	0	0	0	0	5	0	0	5	0	1	0	0	0	0	0	0	0	0	0	4	0	0	0	0	1	7	0	0	0	0	2	2	0	3	0	2	0	0	0	0	1	0	0	9	3	13	31	0	0	0	0	0	0	0	0	3	0	0	0	0	0	0	9	0	1	0	0	0	1	0	0	0	0	7	0	0	2	5	0	0	0	0	0	0	1	0	0	0	0	0	3	0	2	0	0	0	3	0	0	0	0	0	6	0	8	0	0	0	0	0	0	1	0	0	1	0	0	0	34	0	0	2	1	0	1	0	0	0	2	0	0	1	0	0	0	1	0	0	1	0	0	0	0	0	0	0	0	0	0	1	0	0	0	2	102	0	0	54	9	74	0	
0	1	0	0	0	0	0	0	0	0	0	0	0	0	0	6	12	0	0	1	0	0	0	11	0	2	1	0	0	0	0	0	5	0	0	0	0	0	0	0	0	0	0	0	0	0	0	0	0	0	0	0	0	1	0	11	0	0	0	0	0	0	8	0	0	0	26	0	0	0	0	0	0	0	3	0	1	0	0	0	0	0	0	0	0	0	0	4	0	0	0	1	14	21	0	1	0	0	1	0	0	0	0	41	0	0	0	7	0	12	0	0	0	0	0	0	0	0	0	11	0	0	21	0	0	2	12	0	0	0	6	6	9	0	0	1	0	0	0	0	7	0	0	0	0	0	0	0	0	6	0	0	0	0	0	0	2	0	0	0	0	0	0	8	0	0	2	8	0	1	4	0	6	0	1	2	0	0	0	0	0	0	8	0	0	0	0	0	4	111	0	0	0	0	0	2	2	0	0	10	
1	0	0	0	0	0	5	2	22	9	1	0	0	0	0	0	0	0	0	0	0	0	0	1	0	0	4	0	0	0	0	0	0	0	0	0	0	0	0	7	7	0	0	2	0	0	0	0	0	11	0	4	0	0	3	0	0	0	0	0	0	0	0	0	0	0	0	4	0	7	0	32	0	0	0	5	0	0	3	0	1	0	0	0	0	0	0	0	0	0	0	0	1	0	0	0	8	0	0	0	2	0	0	0	0	1	0	0	0	0	2	0	0	0	0	0	0	0	0	0	0	0	10	0	0	1	0	4	0	0	34	0	1	0	2	0	0	0	2	0	14	0	0	1	0	0	0	0	0	0	0	1	0	0	0	0	3	0	0	2	0	0	0	0	0	0	1	0	0	0	14	4	0	0	0	0	0	0	1	0	37	0	0	0	0	0	0	0	0	0	2	7	0	0	0	1	0	1	35	3	
9	8	0	0	0	0	0	0	0	0	1	0	0	1	4	0	0	0	0	0	0	0	0	1	0	4	0	0	0	11	0	0	2	0	0	0	0	0	7	1	0	0	0	0	17	2	0	0	0	0	0	3	0	4	0	0	0	0	2	1	3	0	0	0	0	0	1	2	0	0	0	0	0	111	0	16	0	0	0	0	0	0	0	2	0	6	0	0	9	0	3	1	2	0	0	12	0	0	0	0	0	0	0	2	0	2	2	5	0	0	0	0	0	0	78	0	0	0	0	0	4	0	2	1	0	0	21	0	0	2	0	3	0	0	10	0	0	0	0	32	0	7	0	0	0	0	0	6	0	0	3	0	0	0	3	0	0	0	0	0	2	0	0	0	1	0	8	0	1	0	1	0	0	0	0	1	0	2	1	0	0	0	1	0	0	0	0	0	2	1	56	7	0	2	0	1	0	0	0	0	
0	0	2	1	0	2	1	0	0	0	1	0	0	0	0	1	0	19	0	0	0	0	0	0	0	1	7	0	0	0	0	0	0	0	15	1	0	5	0	0	4	0	0	2	0	0	0	0	0	0	0	0	0	0	0	0	0	12	0	0	0	0	0	0	0	24	0	0	1	0	0	3	0	0	5	0	0	0	0	0	0	0	0	0	0	8	0	0	0	0	0	0	0	6	0	0	0	0	10	2	0	0	0	6	0	0	0	0	0	0	0	6	0	0	0	0	0	0	1	0	2	3	0	0	0	0	2	2	0	0	0	0	0	0	0	0	0	0	0	2	0	0	0	0	0	2	10	6	0	0	0	0	0	0	0	0	0	0	0	0	8	2	3	0	0	0	7	0	0	4	0	0	25	2	0	0	0	2	0	0	0	0	0	0	0	0	0	0	0	0	0	0	3	15	0	0	1	1	0	0	
0	0	0	0	5	0	0	0	0	0	0	0	0	0	6	1	4	1	12	4	2	2	0	9	0	0	0	0	0	0	0	1	0	0	1	0	0	7	0	6	9	0	0	0	0	1	0	1	0	0	0	0	0	0	5	0	0	0	0	0	0	0	0	0	0	0	0	1	1	0	0	0	0	0	0	0	0	31	0	2	0	0	0	0	31	2	0	14	0	0	0	0	0	1	0	1	0	0	0	0	0	0	0	1	4	0	0	3	0	1	0	0	0	3	0	0	0	0	0	0	0	0	0	0	0	0	0	0	35	0	1	0	0	1	0	0	1	7	0	0	0	1	0	0	7	0	0	0	0	0	0	3	3	0	0	1	0	0	0	0	0	0	0	0	25	0	0	0	0	0	0	3	0	2	0	3	0	1	0	3	3	0	0	0	0	0	8	0	0	0	0	5	7	0	0	0	0	0	4	0	
0	0	0	0	10	0	0	0	0	0	3	0	0	0	0	0	0	0	1	0	0	3	0	0	0	0	0	3	0	0	0	0	0	0	0	0	0	0	0	0	0	0	0	0	0	0	4	1	1	0	12	0	0	5	0	0	0	0	0	0	0	1	0	0	0	2	21	0	0	0	18	10	0	0	0	3	3	0	0	0	0	0	0	35	0	0	1	5	0	7	0	0	0	0	0	2	2	0	0	1	0	0	0	12	0	0	0	0	0	0	3	0	0	0	0	0	0	0	0	0	1	0	1	0	0	23	0	0	0	2	0	2	0	0	0	0	0	0	1	0	0	0	0	0	0	1	0	0	0	0	1	0	0	0	0	0	0	0	11	2	9	2	0	0	9	0	0	0	3	1	0	0	9	3	2	0	0	2	5	0	5	0	0	0	2	0	1	0	0	0	0	1	0	2	0	3	0	0	0	0	
0	0	2	0	1	8	0	0	0	0	0	0	0	3	5	0	1	5	0	0	0	0	0	0	0	0	0	0	1	0	0	0	0	0	0	0	0	3	0	9	4	0	0	1	0	0	7	0	0	0	0	0	0	2	0	0	0	0	0	0	0	0	2	0	0	0	0	0	1	1	0	0	2	1	0	0	0	0	0	1	0	0	0	0	0	0	4	0	4	0	9	0	0	0	2	1	0	0	0	0	1	1	0	0	0	0	0	0	0	0	6	0	0	0	0	0	0	0	0	0	0	0	0	0	0	0	0	0	0	1	0	5	0	1	1	0	0	1	1	0	0	0	0	0	0	0	0	0	0	5	0	0	0	0	1	0	0	0	0	0	0	0	0	1	0	0	26	2	0	0	0	4	0	1	0	25	0	0	0	0	1	13	0	0	0	0	0	0	0	0	0	0	0	0	25	0	0	1	3	0	
0	0	1	0	1	0	0	0	0	1	0	0	2	0	11	0	0	0	0	0	0	3	0	0	0	0	5	1	0	3	0	0	2	0	2	0	0	0	0	0	1	0	0	0	0	0	0	1	0	0	0	1	15	2	0	0	0	0	0	0	0	0	0	0	0	0	0	0	0	0	5	0	0	0	0	10	0	0	0	0	0	0	0	4	0	0	11	24	10	0	0	13	0	4	0	2	0	0	0	0	4	7	0	0	1	0	0	0	0	0	0	5	0	0	0	0	7	0	0	0	1	0	0	0	0	9	0	0	1	2	0	0	0	9	8	1	0	6	0	0	5	0	0	0	0	0	0	0	0	0	0	0	0	0	135	4	0	0	0	0	0	0	0	9	0	2	0	0	0	1	0	0	0	0	0	0	0	0	31	0	0	7	0	0	0	12	0	0	108	0	105	0	0	0	0	0	2	0	0	2	
0	7	0	0	0	0	4	0	0	0	0	9	0	0	0	0	0	5	0	0	5	0	0	0	0	0	0	0	0	0	0	0	3	0	0	0	1	0	0	0	0	0	0	0	0	0	4	0	0	12	0	0	0	1	0	0	0	0	0	0	0	13	0	0	0	0	0	0	0	0	0	4	0	0	0	0	0	0	0	0	0	0	0	0	0	0	0	0	0	31	0	0	0	0	8	0	0	0	1	0	0	0	0	0	0	2	0	0	0	0	0	0	0	0	0	3	0	0	0	0	1	0	0	19	0	0	0	0	0	0	0	0	3	0	5	0	0	0	0	0	8	0	1	0	2	0	0	0	6	0	0	0	0	0	0	0	0	0	0	0	0	0	3	0	6	0	2	0	3	1	0	0	2	0	0	0	0	0	0	0	0	0	0	3	0	0	0	0	0	0	7	0	7	0	0	0	0	0	0	1	
0	0	0	0	1	0	0	0	0	0	0	1	0	0	36	1	0	14	0	0	0	1	0	0	6	0	9	0	9	1	0	0	0	0	0	0	0	0	0	17	0	0	0	0	0	0	0	0	0	0	0	0	0	0	7	6	0	0	0	0	3	0	0	0	1	1	0	2	0	0	0	0	1	0	0	0	0	3	0	8	0	0	0	0	1	0	3	0	0	0	0	0	0	0	0	0	0	4	0	0	4	7	0	0	0	0	0	0	0	1	0	0	0	0	0	0	1	0	0	0	18	0	0	0	0	0	0	0	1	0	0	0	0	0	0	0	0	4	0	6	0	0	0	2	0	0	0	0	0	0	0	0	0	0	0	0	0	0	0	0	0	0	0	0	0	3	0	0	9	0	0	1	0	0	0	0	0	0	0	0	9	0	0	0	0	8	0	0	0	0	0	0	0	0	0	2	1	0	0	0	
11	0	0	0	0	0	4	1	0	0	0	0	1	0	0	0	0	3	1	0	0	2	0	2	0	0	0	0	0	0	1	0	6	0	1	0	0	0	7	0	0	0	0	0	0	0	1	0	1	0	0	0	1	0	0	0	0	0	1	1	0	0	0	0	0	0	0	0	0	0	9	0	23	7	0	1	0	0	10	0	0	0	0	0	6	0	0	0	11	0	3	0	0	2	6	17	0	0	6	0	0	0	0	0	0	0	0	0	0	0	1	1	0	0	0	0	1	4	0	0	0	0	0	0	0	0	0	0	0	5	0	0	2	0	0	0	0	0	0	1	0	0	0	0	4	0	15	1	0	0	0	0	1	0	18	0	0	0	9	10	0	0	5	0	27	0	0	0	0	0	0	2	7	0	0	3	0	0	1	0	0	0	0	0	0	1	0	0	0	0	0	0	0	1	0	0	0	4	0	9	
3	0	0	0	0	0	0	0	0	0	0	0	0	0	0	0	0	1	0	0	0	0	0	1	2	6	0	0	0	0	6	0	0	0	2	1	1	0	0	0	0	0	0	1	0	0	0	0	0	1	0	0	0	0	1	0	0	2	0	1	0	0	19	0	1	0	0	0	1	0	0	25	0	0	0	0	0	0	0	21	0	0	1	0	0	1	0	0	2	0	21	1	0	5	0	0	2	0	0	25	0	0	0	0	0	3	0	0	11	0	0	0	0	0	0	3	0	0	0	0	0	0	0	0	0	0	0	0	3	6	0	4	0	0	0	1	0	0	4	1	0	0	0	0	11	2	0	0	0	0	0	0	0	0	0	0	10	0	5	2	0	0	0	0	0	9	0	0	0	0	0	0	0	0	0	6	4	0	0	0	0	0	0	0	4	0	0	0	0	0	0	0	2	8	0	0	0	1	7	1	
0	0	1	0	1	0	0	1	0	0	0	0	0	0	0	0	0	0	0	1	0	0	0	0	0	0	0	0	0	2	0	0	0	0	0	1	0	0	0	0	1	2	0	0	5	3	0	3	8	0	0	0	0	0	0	1	1	0	4	2	0	0	1	0	0	0	0	0	0	0	0	0	0	15	1	0	0	0	10	0	0	0	2	0	1	0	7	0	0	0	4	0	0	0	0	0	0	3	0	9	0	0	0	0	7	0	78	0	0	0	0	0	0	0	0	6	1	0	0	0	0	4	0	0	0	0	1	0	0	0	0	0	0	0	0	0	1	0	0	0	0	12	0	0	1	4	0	0	0	0	5	0	0	0	0	0	0	0	0	0	0	0	0	0	1	0	0	0	0	0	0	10	0	0	0	0	0	0	0	2	0	2	0	0	0	4	2	0	0	1	3	0	1	0	18	0	0	0	0	0	
0	0	11	0	0	0	0	0	0	0	0	1	6	0	0	0	0	0	0	0	0	0	0	0	0	10	2	3	0	0	0	7	0	0	0	0	0	1	0	0	1	0	0	0	0	0	0	0	0	0	5	0	0	0	0	0	0	3	0	0	8	4	0	0	0	0	0	0	0	0	0	0	0	0	0	0	0	0	0	0	0	0	0	0	5	7	21	1	0	1	0	0	0	8	0	0	0	6	0	0	0	0	0	0	0	0	12	0	0	0	0	0	20	1	0	1	0	2	5	0	0	0	0	1	0	0	4	0	0	0	135	0	0	0	0	2	1	0	7	0	0	0	11	0	0	0	0	0	0	0	7	2	2	0	8	0	0	2	1	0	0	4	0	0	0	0	0	0	0	0	0	0	0	0	0	0	0	0	0	0	0	0	111	0	0	1	0	0	1	0	0	1	1	1	0	0	0	0	0	0	
0	0	1	0	0	5	0	0	0	0	0	1	0	0	0	1	0	0	1	0	0	0	0	0	6	0	6	0	0	1	3	0	0	7	0	0	0	0	0	0	1	0	0	0	0	1	0	0	0	0	0	0	1	0	0	0	0	1	0	4	0	0	0	0	13	0	19	0	0	1391	0	0	18	0	0	0	0	0	0	0	35	0	0	0	0	0	0	12	2	0	0	0	1	0	0	0	6	5	0	15	0	0	11	2	0	0	1	0	18	0	0	4	0	0	0	0	0	0	0	0	0	0	1	0	0	0	0	0	2	0	0	2	6	0	0	0	0	0	0	3	0	0	0	0	25	0	2	1	4	0	0	0	6	0	0	5	0	0	0	38	0	0	0	0	1	0	0	0	0	0	0	2	0	0	0	0	0	0	2	7	5	0	0	1	0	0	0	0	2	0	0	1	0	0	0	1	0	0	0	0	
0	0	0	0	0	0	1	0	0	0	0	0	0	0	0	0	0	0	2	0	0	0	0	0	2	0	0	0	0	4	0	1	0	0	0	0	0	1	0	1	0	0	0	0	0	0	0	0	0	0	0	0	0	0	0	0	0	22	0	0	26	0	0	0	3	1	0	0	0	2	31	0	0	0	0	0	5	0	6	0	0	1	2	0	0	0	0	9	0	0	0	0	0	0	0	0	0	0	53	0	3	0	9	0	0	0	0	1	0	0	0	1	0	1	5	0	0	0	0	0	0	0	0	0	0	0	0	0	2	5	0	0	1	0	10	0	0	0	0	0	0	0	0	0	0	0	11	0	0	4	0	0	0	1	0	10	1	0	7	0	0	0	39	0	0	0	0	0	2	0	0	4	2	0	0	1	0	0	0	0	0	1	0	0	5	0	0	0	0	0	0	0	0	0	0	0	1	1	0	0	
0	0	0	0	0	0	0	2	0	1	0	1	0	0	0	0	0	1	0	0	0	0	0	10	0	2	0	0	0	0	1	1	0	0	0	0	0	0	0	0	0	1	0	0	0	0	0	2	1	0	1	0	0	0	0	0	0	0	0	0	0	0	1	6	0	13	0	0	0	0	0	0	0	0	21	4	0	0	0	0	0	1	0	0	0	0	0	0	1	1	0	0	0	0	0	0	0	0	15	0	0	0	11	0	0	0	0	0	2	1	0	0	0	0	0	3	1	0	0	6	0	0	0	0	16	0	0	0	0	0	0	14	0	0	1	9	0	6	0	0	0	0	0	0	6	0	0	0	0	0	0	0	0	0	0	0	1	0	4	0	1	0	0	0	0	0	0	1	0	0	0	1	5	7	0	3	0	0	0	0	0	0	3	1	0	0	0	0	0	0	0	0	0	0	0	0	0	0	0	0	
0	2	23	0	0	0	0	0	1	1	1	0	0	0	0	0	0	0	0	1	0	0	2	0	0	0	0	0	0	0	0	0	0	0	1	0	0	0	0	0	1	0	0	0	0	1	0	0	0	0	0	0	0	0	0	1	0	0	0	0	1	0	0	0	0	0	0	0	0	0	1	0	0	0	0	0	0	0	0	0	0	0	0	0	30	0	0	0	0	10	0	6	0	0	3	0	0	63	3	0	1	0	0	0	0	0	0	2	0	0	0	0	0	0	0	0	0	2	0	0	0	0	0	0	0	0	0	0	0	6	0	0	0	0	0	0	0	0	0	9	34	0	0	0	6	1	0	2	0	10	5	0	0	0	0	0	0	1	0	0	0	0	0	0	0	0	0	2	10	0	0	0	0	0	0	15	14	0	0	5	0	0	1	0	0	0	0	9	0	2	0	1	0	0	2	0	0	0	0	0	
0	0	7	0	1	0	0	0	0	0	9	0	0	0	0	0	0	0	0	9	0	0	0	0	81	1	1	7	0	0	0	0	0	0	0	0	0	19	0	0	2	1	1	0	0	0	0	0	0	0	0	1	0	0	0	0	0	1	0	2	0	9	0	0	0	0	0	0	0	0	0	0	0	4	0	0	0	0	5	0	0	0	0	0	21	0	4	3	0	4	0	4	0	0	2	0	1	0	0	0	0	0	1	0	0	0	1	0	0	0	0	0	0	0	0	0	0	0	0	0	3	0	0	3	2	0	0	0	1	0	0	1	0	0	0	0	4	0	0	8	0	0	0	6	0	2	0	0	0	0	0	0	10	0	3	11	0	1	0	0	2	0	0	2	0	0	0	1	0	16	0	0	0	0	9	0	2	0	0	0	7	1883	0	0	0	0	0	0	0	0	0	91	0	0	0	0	0	0	0	0	
0	0	0	1	0	0	0	0	0	0	0	0	2	0	0	0	0	1	0	0	0	0	0	6	0	0	0	0	0	0	0	26	0	2	4	0	1	8	0	0	0	0	0	1	2	1	4	0	1	0	0	0	0	0	0	0	12	0	0	0	19	0	0	1	4	0	0	0	0	0	0	0	3	5	0	9	1	0	3	3	3	0	0	0	0	0	0	1	0	0	0	0	0	0	0	0	0	0	4	0	0	0	3	7	0	0	0	0	0	0	0	1	0	0	1	0	3	0	0	0	0	4	0	0	0	0	0	0	0	0	6	0	0	26	0	0	0	0	0	0	0	0	0	0	14	0	0	0	13	0	0	1	0	1	2	0	0	6	9	0	0	0	0	0	0	0	100	0	0	0	0	0	1	5	0	0	0	0	0	17	0	1	0	1	17	0	4	0	3	0	0	1	0	6	13	13	0	0	7	0	
6	1	0	0	0	0	0	0	0	4	0	0	3	1	0	0	0	0	0	1	0	0	10	0	3	3	1	0	0	4	0	6	4	0	1	1	0	0	0	0	1	0	0	0	0	0	0	0	0	0	0	0	0	21	0	24	0	2	0	0	0	0	0	0	0	0	0	0	0	79	0	2	0	19	0	0	0	0	0	0	0	0	0	0	0	0	0	0	0	9	0	0	0	2	0	12	3	0	1	0	0	0	0	1	1	0	0	0	0	0	0	10	0	0	6	0	2	10	5	2	0	0	0	0	0	0	1	0	0	7	0	0	0	0	11	0	0	133	0	9	0	0	0	0	0	0	0	0	0	0	0	5	0	0	0	0	0	0	1	0	0	0	0	0	0	0	0	0	0	0	0	0	0	2	0	0	0	1	0	0	3	3	0	0	0	0	0	0	0	1	0	1	0	0	0	1	0	0	0	0	
0	0	0	0	0	0	2	0	0	1	0	0	1	0	0	2	5	0	0	0	0	0	4	0	9	0	0	0	9	2	0	0	0	0	0	0	1	0	0	0	0	0	0	0	0	0	0	0	0	0	0	2	0	0	0	0	0	0	0	1	3	0	0	5	14	0	0	10	0	7	0	0	0	0	0	0	0	0	0	0	0	3	0	0	2	0	1	0	0	0	0	0	0	0	0	0	0	0	1	0	0	1	0	0	0	0	0	0	0	0	0	2	0	0	1	0	8	8088	0	0	0	0	0	0	2	0	1	0	1	0	0	0	0	0	1	0	1	2	0	0	0	0	0	0	0	0	0	0	3	0	0	1	3	1	0	0	0	0	2	0	1	0	0	0	0	0	0	0	0	0	0	0	0	2	16	0	0	1	0	1	1	0	0	0	0	4	0	0	0	0	0	5	0	0	3	0	0	0	0	1	
7	0	0	0	0	0	0	0	0	0	0	0	0	0	1	1	0	0	0	0	0	7	0	0	1	2	0	0	4	0	0	10	0	0	1	0	0	0	1	0	1	0	0	0	0	9	0	0	0	0	0	0	0	0	0	0	0	1	0	8	0	10	0	0	2	0	0	0	0	1	0	0	0	0	0	0	0	0	0	0	0	0	0	0	0	2	1	0	0	0	0	0	0	0	0	0	7	0	0	0	0	0	2	2	0	1	0	0	0	9	0	0	0	0	2	0	0	1	1	16	0	0	0	0	0	0	6	0	0	0	0	0	0	4	0	0	0	6	0	0	0	1	0	4	0	2	0	0	0	0	0	3	0	0	0	0	0	1	0	18	0	3	0	2	7	2	0	0	0	0	13	0	0	6	1	0	0	0	0	2	0	0	0	0	0	0	0	0	0	0	0	4	1	0	0	4	0	0	0	1	
0	1	0	0	0	0	0	2	0	0	0	0	0	0	7	0	0	0	0	0	0	0	0	35	4	0	3	0	0	0	33	0	4	0	0	2	0	0	0	0	1	0	0	0	0	1	2	0	1	80	0	2	0	20	0	0	0	2	0	0	0	0	0	21	0	0	1	10	0	0	0	1	0	0	0	0	0	0	0	0	0	0	0	0	0	6	0	2	0	0	1	0	0	0	0	0	0	1	0	1	0	0	0	2	0	0	0	0	0	0	0	1	6	0	0	2	1	0	0	0	0	0	0	0	0	0	0	5	0	0	0	0	31	0	0	0	1	13	0	1	2	0	0	0	2	0	0	0	3	0	0	1	13	0	0	0	1	0	0	0	0	0	1	0	0	4	1	0	34	0	0	0	0	0	0	0	0	0	0	0	0	0	11	0	0	0	0	0	0	3	0	0	0	0	0	0	0	0	0	0	
0	1	0	0	0	0	0	6	0	2	6	0	0	0	7	0	0	0	0	0	5	0	0	0	31	0	0	0	1	4	0	0	0	0	0	2	0	0	0	3	0	0	0	0	4	0	0	9	1	0	0	51	0	0	0	0	0	0	0	0	0	19	0	0	0	0	0	0	13	11	0	0	0	11	0	0	0	1	0	0	0	0	0	0	0	1	4	15	4	46	0	0	0	0	0	0	13	7	2	4	0	0	0	63	0	6	0	0	0	1	0	0	1	0	0	0	0	0	1	0	0	0	1	0	0	0	0	0	0	0	0	0	0	0	3	0	0	3	0	14	5	1	0	2	0	1	0	6	0	2	9	0	0	0	0	1	0	0	0	0	0	0	0	0	0	0	0	0	0	11	0	0	7	0	0	0	13	0	0	0	1	1	0	1	23	0	0	0	0	0	0	0	0	0	0	0	0	0	5	0	
0	0	0	0	0	0	0	10	0	0	0	0	0	0	0	0	0	53	0	0	0	0	0	0	42	0	0	0	0	1	0	0	0	1	7	0	0	0	0	0	0	0	0	0	0	0	0	0	0	2	80	5	0	0	0	0	0	0	0	0	0	0	0	0	79	0	0	1	0	1	0	7	0	1	0	0	6	2	0	1	0	12	0	0	0	0	0	1	0	0	0	1	0	0	1	2	0	0	0	3	0	0	0	1	0	0	0	0	0	0	0	0	0	0	0	0	1	0	0	0	0	1	0	0	0	1	1	2	0	0	0	0	8	2	3	0	0	0	1	0	0	0	0	2	0	0	0	0	8	0	0	0	0	0	7	3	0	0	0	2	8	0	0	0	0	0	0	0	1	8	4	0	0	0	9	0	1	0	0	0	0	0	0	0	2	0	0	0	0	4	0	0	0	0	3	16	0	1	2	0	
0	1	0	0	4	6	0	0	2	0	1	0	15	0	0	0	0	0	0	0	7	0	0	0	0	0	0	6	0	0	0	0	0	0	0	0	0	0	0	0	0	0	0	1	1	0	0	0	0	0	0	0	0	0	0	0	6	0	3	0	0	0	0	0	2	10	0	0	0	0	0	0	0	0	0	0	1	1	0	0	0	0	0	0	0	0	0	0	0	1	0	0	0	0	4	0	0	4	0	9	0	1	0	1	0	0	0	0	2	0	1	0	0	0	0	9	0	0	0	13	0	0	5	1	1	0	0	0	2	0	0	0	0	0	0	0	0	0	0	0	0	1	0	5	0	3	4	0	0	2	0	1	0	0	14	17	0	0	0	0	0	0	0	0	0	0	0	1	1	0	0	0	12	0	0	0	5	0	17	0	1	0	0	0	0	1	0	0	0	0	0	0	0	1	0	0	0	16	0	0	
0	0	1	0	0	0	0	0	8	0	0	0	0	0	0	5	0	0	0	0	0	0	0	0	0	18	0	0	3	0	1	1	0	0	0	7	0	0	2	0	0	0	0	0	0	2	3	0	0	0	0	0	0	2	1	0	0	0	0	0	0	0	0	1	0	0	0	4	0	0	0	0	0	0	0	0	0	0	0	0	0	0	0	0	0	1	4	3	0	0	0	0	2	3	1	0	1	0	7	0	2	3	2	0	0	16	0	0	1	0	0	0	0	0	0	0	0	0	8	3	10	0	0	0	0	4	4	0	6	0	0	0	0	0	0	0	3	1	0	0	2	0	0	1	0	0	0	0	0	0	6	0	0	0	0	0	3	0	31	0	0	7	0	0	0	0	0	0	0	1	0	0	7	0	0	0	0	1	0	0	0	0	6	1	0	1	0	0	0	0	0	0	1	0	0	0	0	0	0	0	
0	9	0	2	0	0	0	6	0	0	35	0	0	0	0	0	0	0	0	0	0	0	0	0	0	0	0	0	0	0	0	0	8	0	0	0	0	0	0	0	1	0	0	0	0	0	0	9	0	0	24	0	0	8	0	0	0	0	0	0	0	0	0	0	0	79	0	0	0	0	0	0	1	0	0	0	9	2	2	0	0	0	0	2	9	0	0	1	0	4	0	0	0	0	0	6	0	0	0	3	0	0	0	10	32	2	1	3	0	0	0	0	0	6	0	0	0	0	0	0	4	2	0	1	0	0	0	0	0	3	8	9	0	0	10	14	0	5	0	0	0	0	0	1	0	6	0	0	0	0	6	0	1	0	0	0	0	0	0	7	0	0	0	0	0	0	7	0	0	0	1	0	0	23	4	0	0	0	3	0	0	0	0	5	2	0	0	1	0	0	3	5	0	0	0	0	0	0	0	0	
0	1	0	0	0	0	0	4	0	0	0	0	0	0	0	0	1	0	0	0	1	0	0	0	0	0	0	0	0	0	0	0	0	0	0	0	2	0	2	0	0	0	1	2	0	0	0	0	0	26	0	0	4	0	4	0	0	0	0	0	0	0	0	0	8	0	0	0	0	0	0	13	12	1	0	0	3	3	1	4	8	0	0	0	0	0	0	2	0	0	0	0	0	0	2	0	0	0	1	0	2	3	1	0	0	2	0	0	7	1	0	0	0	0	8	0	0	0	0	3	0	0	0	0	0	2	0	0	0	0	0	0	0	0	2	9	0	2	0	0	1	0	0	3	1	0	0	0	0	0	0	0	0	7	0	0	0	2	0	0	0	0	0	4	0	0	0	0	0	0	1	0	0	0	0	0	4	0	0	0	0	0	0	0	0	0	3	0	0	0	0	0	0	3	0	1	0	0	0	0	
0	0	0	0	0	0	0	2	0	0	0	0	0	0	1	0	0	0	0	0	0	0	0	0	0	0	0	0	0	1	0	0	1	0	0	0	0	0	0	0	1	0	0	1	0	0	0	0	0	29	0	0	0	0	0	0	0	0	79	0	0	0	0	0	0	1	0	0	0	0	0	0	0	0	0	1	0	0	0	2	0	1	0	5	0	0	0	0	0	0	27	0	7	0	0	0	0	0	0	0	0	0	0	0	2	0	0	0	0	0	0	0	0	0	0	0	0	2	0	7	7	0	0	0	0	1	0	0	0	0	0	16	0	0	0	0	0	0	0	0	0	0	0	0	0	6	0	1	0	0	0	0	0	4	1	0	0	0	8	0	34	2	0	0	0	5	0	0	1	0	1	0	1	0	0	0	0	0	0	0	1	0	0	4	0	0	0	1	0	0	8	0	0	6	0	0	0	0	2	0	
0	1	0	0	0	1	0	1	0	0	0	0	1	0	3	0	0	0	0	1	0	0	0	0	0	1	0	0	1	0	0	0	0	0	0	0	0	0	5	0	0	0	1	0	1	0	0	0	13	1	0	0	0	0	0	6	1	0	0	2	0	0	0	0	1	1	0	1	1	0	0	0	0	0	0	0	0	0	0	0	0	0	3	0	1	0	0	0	0	7	0	0	0	1	4	0	1	0	0	1	0	22	0	0	5	0	42	0	0	0	11	0	0	6	1	6	0	4	0	0	0	0	0	8	136	0	0	0	5	0	0	0	6	0	0	0	0	0	2	0	2	2	0	10	0	0	0	0	0	0	1	2	7	0	1	0	0	1	0	0	0	2	0	0	0	5	102	22	0	0	0	0	0	0	0	1	0	0	11	0	0	2	0	5	0	0	0	0	0	0	0	0	0	0	0	0	5	14	0	10	
0	0	0	0	0	0	0	0	5	0	0	0	0	0	0	0	0	0	1	0	0	1	0	12	0	0	0	0	4	0	0	0	0	0	0	8	0	6	0	0	0	0	9	0	0	0	0	0	0	0	0	0	0	0	0	0	0	0	0	0	0	0	0	0	0	0	0	0	0	0	0	1	0	0	0	0	1	0	0	0	0	1	0	0	0	0	3	0	0	0	0	1	2	0	1	6	0	0	1	0	0	0	0	4	0	13	0	0	0	0	0	0	0	0	0	1	0	0	8	0	0	16	0	0	0	1	0	0	0	0	0	2	0	0	0	0	0	6	1	0	1	0	0	0	1	0	0	0	0	0	0	0	0	0	0	0	2	0	7	0	0	0	0	0	11	102	0	8	0	1	0	1	0	14	2	0	0	0	0	0	0	2	0	0	13	0	3	0	0	0	0	0	0	4	0	6	0	5	0	0	
0	18	0	8	0	6	0	0	0	4	0	0	0	4	0	0	0	8	0	0	0	0	0	0	0	0	0	0	7	1	1	0	4	0	0	0	4	0	0	0	0	0	0	0	0	9	0	0	12	1	0	0	0	0	0	3	0	4	4	9	1	1	0	0	0	0	0	0	0	0	2	0	19	0	0	0	9	0	0	0	0	0	9	0	0	0	0	1	0	0	0	0	0	0	0	1	0	0	2	1	0	0	0	0	0	1	3	0	22	1	0	0	0	0	256	0	16	1	0	0	0	0	1	0	0	0	0	0	4	0	0	0	0	0	0	0	0	4	0	0	1	2	0	0	1	0	0	0	0	0	0	0	0	0	0	0	5	2	0	4	0	0	3	5	0	1	2	2	0	0	7	4	7	18	0	0	0	1	0	0	0	0	0	2	0	2	0	0	5	0	0	4	0	0	0	11	0	0	0	0	
0	0	0	0	0	0	0	0	0	0	0	0	0	0	0	10	0	0	36	0	0	0	0	0	0	0	0	1	0	0	0	0	8	0	0	0	0	2	3	0	0	1	0	0	0	8	16	0	0	0	0	0	5	0	0	0	0	8	0	8	0	0	2	6	0	0	0	0	0	0	0	0	0	0	0	0	0	0	0	0	0	0	1	0	0	0	0	0	0	0	0	5	12	0	0	0	0	0	0	0	0	0	0	0	0	0	5	0	0	0	4	0	0	0	0	0	0	0	0	0	1	0	0	0	0	0	0	0	0	0	1	0	0	0	6	3	0	8	0	1	11	0	0	0	0	0	0	0	0	1	1	0	0	3	0	0	7	111	0	0	5	0	3	0	0	0	0	1	26	0	0	0	2	0	4	1	0	1	0	0	0	0	0	0	0	0	0	1	0	0	0	0	0	0	0	2	1	0	0	0	
6	0	0	0	0	0	7	0	0	0	0	0	0	0	4	1	0	0	0	0	0	0	0	0	0	1	0	0	0	2	1	0	0	1	4	0	0	3	0	0	0	0	0	0	0	0	0	0	0	0	0	0	1	0	17	0	0	0	0	0	0	0	0	0	1	0	1	1	0	0	0	0	78	1	1	0	9	2	0	0	1	0	0	0	0	0	9	0	0	0	0	0	0	2	0	0	0	0	5	6	0	6	42	1	0	0	1	0	0	0	0	0	0	0	0	0	2	0	1	10	0	0	8	31	0	0	0	0	3	0	0	0	0	2	0	0	0	0	0	0	1	0	0	0	0	0	0	0	0	0	0	1	0	4	0	0	0	0	0	0	0	0	0	0	0	0	0	0	0	0	0	3	0	0	0	5	0	0	1	1	0	0	0	3	0	0	0	0	0	0	0	0	0	0	0	0	8	2	0	0	
1	6	0	0	0	0	0	5	15	0	0	0	0	0	0	0	0	0	0	1	0	0	0	0	0	0	0	0	0	0	0	0	0	0	1	1	0	0	0	0	0	1	0	0	0	0	0	0	0	0	0	0	3	0	0	0	0	11	5	0	1	1	0	0	0	0	0	0	0	0	0	0	4	1	0	0	0	1	0	0	1	1	0	0	0	0	2	0	0	0	0	0	0	0	0	0	0	6	1	0	4	2	0	0	1	2	0	0	0	0	2	0	0	0	0	0	0	7	0	0	31	3	0	0	0	0	0	4	0	0	0	2	3	0	6	0	0	0	0	0	0	0	0	0	6	0	0	0	1	2	0	0	0	2	0	1	0	0	0	0	101	1	0	0	2	0	0	1	0	1	0	0	0	0	0	0	0	0	0	0	0	0	1	0	3	0	0	0	0	0	6	0	1	0	1	0	3	0	0	0	
0	0	0	0	0	0	53	4	0	3	0	0	0	0	4	0	1	1	0	0	0	2	0	0	0	0	0	0	0	2	0	0	0	0	0	0	1	1	0	0	8	25	0	0	0	0	0	0	1	0	3	4	0	0	0	0	0	10	1	0	0	11	0	3	0	0	0	0	0	0	0	0	2	0	5	2	1	2	0	0	0	0	0	0	0	0	100	0	0	0	3	0	0	0	6	1	1	0	0	2	1	0	0	0	0	1	3	0	3	0	0	0	63	0	0	0	0	0	0	2	0	0	0	4	3	2	0	0	0	0	0	1	3	5	3	0	0	0	0	0	0	0	38	0	0	0	0	0	0	0	0	0	0	0	0	0	0	7	8	0	0	0	0	0	0	0	0	0	0	0	0	0	0	1	0	0	0	0	0	0	5	0	0	0	0	0	0	1	0	0	0	0	0	0	0	3	0	0	1	0	
21	0	0	0	0	0	0	0	42	5	0	0	1	18	0	0	0	0	0	0	0	1	0	0	0	0	0	0	0	2	0	4	26	0	0	1	0	0	0	0	10	0	3	0	0	0	6	31	0	0	0	0	0	0	0	6	9	0	0	0	0	0	0	0	0	12	0	1	0	0	4	2	24	8	1	53	0	0	0	0	0	4	0	9	0	0	0	0	0	4	12	0	0	0	0	0	0	0	0	1	0	3	0	1	0	0	0	0	3	2	0	0	0	3	0	0	0	0	11	0	0	0	0	1	0	0	14	0	3	0	1	0	3	0	0	4	0	0	0	0	2	5	0	0	4	0	0	0	7	0	0	0	4	0	0	6	0	0	1	0	0	0	0	3	0	0	0	0	0	0	0	0	5	2	0	0	0	0	0	0	0	0	1	0	0	0	1	2	0	0	1	0	0	0	0	0	0	35	0	0	
0	0	0	0	1	0	3	1	0	0	2	0	0	0	0	0	0	0	0	0	0	0	0	1	0	0	0	0	0	0	0	0	0	35	0	0	5	0	0	0	0	0	24	0	0	5	0	0	0	0	0	0	0	0	0	0	0	0	4	0	0	0	0	0	0	0	0	0	0	0	0	1	23	0	0	0	0	0	8	100	0	0	0	0	19	2	0	5	0	0	0	0	0	0	0	0	0	0	16	0	1	0	0	0	1	0	0	0	0	0	10	0	14	0	0	0	0	0	0	4	0	26	0	0	0	14	0	20	0	0	0	0	0	0	0	16	17	0	0	0	0	0	4	2	0	15	0	0	7	7	0	3	0	2	1	0	0	0	0	0	0	0	0	1	0	0	0	0	0	0	0	0	0	0	7	0	7	0	0	5	0	0	1	0	0	0	0	0	0	1	0	2	2	0	0	0	1	0	0	0	
0	0	0	0	0	0	0	0	1	0	0	4	1	0	0	4	0	0	4	0	1	0	0	9	0	0	0	0	1	0	14	3	0	0	0	0	0	0	8	0	0	0	0	3	0	0	0	0	0	0	0	0	0	0	0	7	5	1	1	13	4	0	0	0	1	0	0	0	0	0	0	0	0	0	0	0	0	1	0	0	0	0	0	0	7	1	0	0	1	0	0	0	0	0	1	0	0	0	14	0	0	0	0	0	0	0	32	0	1	0	0	0	6	0	0	0	0	0	0	0	0	0	0	0	1	0	0	2	0	0	0	0	1	0	0	0	0	15	11	1	0	0	0	0	1	0	0	0	0	0	0	0	0	0	0	0	0	0	0	0	3	0	0	0	0	2	0	1	0	1	0	1	4	0	0	0	0	0	0	0	0	0	0	0	0	0	0	0	0	0	0	0	1	0	0	0	0	0	1	0	
0	0	1	2	0	0	0	0	11	0	0	0	0	0	1	0	0	0	0	11	0	11	0	4	0	0	8	0	0	0	0	0	0	0	0	1	0	29	0	1	0	0	0	0	0	0	0	0	2	0	1	7	0	0	0	0	0	0	11	0	0	1	1	0	0	7	0	0	0	0	2	2	0	0	0	0	0	0	0	0	1	0	5	0	0	0	5	0	0	0	0	0	0	0	0	2	1	0	0	0	1	0	0	0	0	3	0	0	0	0	0	0	35	0	0	0	0	3	0	0	0	3	0	5	0	0	0	7	2	0	0	1	0	0	0	0	0	0	2	0	3	4	0	0	0	0	6	0	0	0	0	0	0	0	0	3	0	1	0	0	0	11	18	0	0	0	0	0	0	0	0	0	0	1	0	0	1	0	0	3	0	0	0	0	0	0	0	0	0	0	6	0	1	0	0	0	0	8	0	0	
0	0	0	1	4	0	0	0	0	0	0	2	0	13	0	0	5	0	0	0	0	0	0	0	0	10	1	1	0	1	0	0	0	0	0	12	0	0	0	0	15	0	0	0	0	0	0	0	0	0	0	4	0	0	1	13	0	0	0	0	0	0	0	3	0	5	0	0	0	0	0	0	0	0	0	0	0	0	0	0	0	0	0	1	0	1	0	0	2	2	0	1	0	0	0	32	0	0	1	0	0	3	0	8	0	0	6	0	0	11	5	0	10	0	0	0	0	0	0	0	0	0	0	0	0	0	0	6	3	1	0	0	0	0	0	0	9	0	4	0	0	1	0	0	0	0	2	0	0	1	0	0	0	0	7	0	0	0	0	5	0	8	1	0	0	0	0	0	18	0	0	0	0	0	1	0	0	1	0	0	1	4	0	0	0	0	10	0	2	0	0	0	0	0	0	1	0	2	0	0	
0	0	0	0	1	0	0	0	0	0	2	7	0	0	0	0	2	0	0	0	0	0	12	0	0	15	0	7	8	9	0	0	0	0	0	0	8	0	0	0	0	0	0	0	0	0	10	0	0	0	0	1	24	4	0	1	7	0	0	0	0	5	0	0	0	0	1	4	0	0	4	0	0	0	0	0	0	0	0	1	0	0	3	0	0	0	0	0	0	0	0	0	0	0	0	0	0	32	0	0	8	0	8	7	0	0	0	0	0	0	0	0	0	0	1	0	0	0	0	0	4	0	0	0	0	0	0	0	0	2	0	0	3	0	0	0	0	0	1	0	0	0	0	0	3	0	0	0	6	3	0	3	0	0	1	0	1	0	1	0	1	25	0	0	0	0	0	6	0	0	0	1	0	0	0	0	0	0	0	2	0	0	0	0	0	1	0	0	0	0	0	0	7	0	0	0	9	1	0	5	
0	0	15	12	0	0	0	12	0	0	6	0	0	0	0	5	9	0	1	0	1	0	0	0	0	1	0	1	0	0	0	0	0	33	0	0	0	0	0	15	3	0	1	0	1	0	0	0	0	0	8	0	0	1	0	0	0	0	0	13	1	0	0	0	4	0	0	1	0	0	0	0	0	0	4	0	0	0	0	0	0	0	0	0	0	19	0	0	1	0	0	0	0	0	0	2	0	0	0	5	10	1	0	6	0	0	0	0	0	1	7	0	0	5	0	0	0	0	0	0	0	0	2	0	6	0	0	1	0	0	0	13	0	1	0	0	2	0	0	3	0	0	0	4	0	0	3	0	0	0	0	7	0	0	0	1	29	0	0	0	0	0	2	0	1	0	1	0	0	0	0	0	0	0	0	0	0	0	0	9	0	0	0	0	0	0	1	0	0	1	0	0	0	0	0	0	0	0	0	0	
0	0	0	0	0	0	0	0	0	0	0	0	0	1	0	0	1	0	0	0	0	0	0	2	0	0	0	0	1	0	0	0	0	0	19	0	0	0	6	3	0	0	0	0	5	0	0	0	0	0	3	0	1	7	0	0	0	4	0	0	0	0	0	0	0	0	0	0	0	3	0	0	0	0	0	0	0	0	0	0	0	0	0	0	0	0	0	0	9	0	0	0	0	0	1	0	4	0	0	0	1	0	0	0	0	0	0	2	1	0	0	0	0	0	34	0	1	0	2	0	0	0	0	0	0	0	0	0	0	5	1	0	0	0	4	17	0	0	0	0	0	8	0	3	0	0	2	0	0	0	0	0	0	0	0	0	5	0	1	4	0	0	0	0	0	0	0	0	0	0	0	0	0	3	0	2	0	0	6	0	8	2	0	3	9	1	0	10	0	0	0	1	0	0	0	0	0	0	0	0	
1	1	0	0	4	0	0	0	10	0	1	0	4	0	0	0	0	0	0	0	0	0	0	0	0	0	0	0	0	0	0	0	0	6	0	1	0	0	0	15	0	0	0	0	0	0	1	0	0	21	0	0	1	5	0	0	0	0	30	1	1	0	0	4	0	1	2	5	0	4	0	0	0	0	0	2	0	8	0	0	0	0	0	0	0	0	1	0	0	0	0	0	0	0	32	0	0	0	0	0	0	0	0	0	4	0	3	0	0	3	0	0	0	0	0	0	5	3	0	0	0	8	2	0	0	0	0	0	1	6	0	0	0	0	1	0	0	82	0	0	2	0	0	0	0	0	0	0	0	1	0	0	0	0	0	8	0	0	0	0	0	0	0	1	0	0	0	0	0	9	0	6	0	0	0	0	0	1	8	0	0	4	0	0	0	0	0	3	3	0	0	0	0	0	0	0	0	0	0	0	
1	1	4	0	0	0	1	0	0	7	0	0	0	1	9	0	0	7	1	2	1	0	0	0	0	0	3	0	0	0	0	0	0	0	0	0	0	6	0	0	0	79	0	0	0	0	0	1	0	0	0	0	0	0	0	0	0	0	0	0	0	0	10	0	0	0	0	0	7	0	0	0	0	3	0	0	0	4	0	0	7	0	0	10	3	0	0	0	0	0	0	0	0	0	0	1	0	0	0	0	0	0	10	2	0	4	0	0	0	0	0	0	0	0	0	2	0	0	14	0	0	2	0	0	8	16	1	26	0	7	4	0	0	0	0	6	0	0	0	0	0	0	0	0	0	0	0	0	12	0	0	0	0	1	22	0	0	0	0	0	0	0	0	18	0	0	0	0	1	0	0	3	3	0	0	0	8	0	0	0	0	0	0	0	0	0	0	2	0	1	0	0	0	0	0	0	0	21	0	0	
0	0	0	0	0	0	0	0	0	0	0	0	0	4	0	1	0	0	0	2	0	0	0	0	0	0	0	0	0	0	0	1	0	0	0	0	0	0	0	0	0	0	0	0	9	2	0	1	0	0	2	0	0	0	0	3	1	0	0	0	3	0	2	0	0	2	0	0	0	0	0	0	0	0	0	1	0	0	0	5	0	0	1	0	0	0	0	6	0	3	0	0	0	0	1	0	0	0	0	0	0	0	6	0	0	0	0	0	4	0	0	0	6	0	0	2	0	1	0	0	0	5	0	1	1	0	0	0	2	1	4	2	0	0	4	0	0	1	3	0	0	0	7	0	0	0	0	0	0	0	1	2	0	0	0	14	0	0	0	0	0	0	0	0	0	0	0	0	0	0	0	5	0	1	0	0	1	0	0	0	0	0	0	0	0	0	0	10	0	0	0	0	0	1	0	0	6	0	1	2	
0	0	0	0	0	0	0	0	0	0	0	3	0	0	7	0	1	0	3	0	0	0	6	0	0	8	0	1	0	2	11	0	8	0	0	0	0	0	0	0	0	0	14	0	0	1	1	0	0	0	1	0	3	0	0	10	0	0	4	1	0	0	0	0	0	1	0	0	6	0	0	0	0	0	0	0	0	1	8	0	0	1	0	0	0	1	0	0	0	0	0	0	0	0	0	0	0	0	0	0	0	0	0	6	2	0	0	0	0	5	1	1	0	2	0	0	0	0	0	0	5	0	0	0	0	1	0	0	0	0	0	1	0	0	0	0	0	0	0	0	0	0	0	0	1	0	0	0	0	0	0	1	0	0	0	0	0	0	0	0	0	0	0	0	0	0	0	0	0	0	0	0	0	0	0	0	0	1	0	0	6	0	0	0	0	0	0	0	1	0	0	1	46	0	0	0	1	2	0	0	
0	11	0	0	0	0	0	0	0	0	0	0	12	1	3	0	0	0	0	0	0	0	0	0	1	0	0	0	0	0	0	0	0	0	0	0	6	0	0	0	0	0	0	0	0	6	0	10	0	0	0	0	0	4	9	0	0	0	0	1	0	0	0	0	0	0	0	1	0	1	1	0	0	0	0	0	0	0	0	0	0	0	0	1	6	0	1	0	0	1	1	0	0	1	0	2	1	1	135	0	0	0	0	0	0	0	0	2	4	0	0	5	0	0	6	0	0	7	0	1	2	0	2	24	0	1	0	0	9	3	0	5	0	0	0	0	0	0	1	0	1	15	0	0	0	0	0	0	0	0	0	0	0	4	0	0	0	0	0	4	7	0	0	1	0	4	0	0	0	0	0	0	0	0	1	0	0	0	0	5	0	0	0	0	0	0	0	0	0	0	0	1	0	1	1	0	1	1	4	3	
0	3	1	0	0	0	73	0	0	1	0	0	0	0	1	2	0	0	0	0	0	0	1	0	0	0	2	0	0	0	0	24	0	0	0	0	7	0	14	0	0	3	0	2	0	0	0	0	0	0	0	0	0	0	10	0	0	0	17	0	0	0	12	0	0	0	0	0	0	0	3	0	1	0	0	0	0	0	0	0	2	8	0	4	0	0	0	0	0	1	0	0	0	0	0	1	0	0	0	0	0	6	0	0	0	13	0	0	0	2	5	0	0	0	0	2	0	0	1	0	11	0	0	0	0	0	3	0	0	0	1	0	0	0	0	0	0	0	0	0	5	0	1	4	99	1	4	0	2	8	0	11	0	0	0	0	0	2	0	2	0	23	0	0	3	0	3	0	0	0	0	0	0	1	0	0	0	0	0	0	6	0	0	2	0	1	1	5	0	0	0	0	0	0	0	35	0	0	0	0	
0	0	0	0	0	0	0	0	0	1	1	1	0	0	0	0	8	2	0	0	2	0	0	0	0	37	0	0	0	0	79	0	0	4	0	0	0	0	1	0	5	1	0	2	0	1	0	0	0	1	1	1	0	0	0	0	2	0	1	0	0	0	0	0	0	0	0	4	0	0	1	0	0	0	0	0	0	0	0	2	0	0	0	0	0	0	0	0	0	1	1	11	1	0	0	0	0	0	26	0	7	0	0	4	0	0	0	4	1	1	0	0	4	5	0	0	0	0	0	1	0	1	0	0	0	1	0	0	0	0	0	1	5	6	1	0	0	0	0	0	0	0	0	0	0	0	14	0	0	0	0	1	0	0	0	0	0	0	0	0	0	0	0	0	12	0	0	0	0	0	0	5	0	4	0	0	0	0	0	1	0	0	0	1	0	1	3	10	0	0	2	0	0	0	0	11	0	36	0	0	
0	19	0	0	0	0	0	0	0	4	0	1	0	1	0	1	0	1	7	0	35	2	0	0	0	0	0	19	0	0	0	0	0	0	2	0	0	0	0	0	0	1	0	0	0	0	3	0	0	0	0	0	0	8	4	4	0	0	0	0	9	0	53	0	8	0	1	0	0	0	0	0	1	0	0	0	1	0	0	0	0	0	0	0	0	0	0	0	0	0	0	0	0	0	0	0	0	0	0	0	0	1	1	0	1	0	1	0	0	2	0	0	0	0	0	0	0	4	0	8	0	1	3	0	0	1	0	1	0	0	0	0	19	12	0	6	0	0	1	0	1	0	0	0	0	0	0	0	0	5	2	0	0	0	0	0	0	0	3	0	0	0	0	2	0	0	0	0	0	0	1	0	0	0	0	0	1	0	0	0	1	0	0	1	0	0	3	1	0	1	0	0	0	0	4	0	0	0	0	0	
0	11	0	0	11	2829	0	0	0	2	3	0	0	2	0	0	0	0	0	0	0	0	0	0	0	0	0	0	0	0	0	0	29	0	0	0	0	0	0	0	0	3	0	4	0	0	0	0	9	0	0	0	1	0	0	0	7	1	0	0	0	0	0	0	0	1	0	0	0	0	0	0	0	0	5	1	7	0	0	2	0	0	1	0	0	0	1	4	0	0	0	16	0	0	0	1	0	0	14	0	0	1	0	0	0	0	0	0	0	3	2	0	0	3	0	0	0	0	2	0	1	1	0	3	0	0	0	0	0	1	0	2	0	0	0	1	13	4	3	0	0	0	7	0	1	0	0	1	0	0	0	0	0	0	1	3	0	0	1	0	0	0	0	1	0	0	0	0	0	0	0	0	0	0	1	1	2	2	0	0	0	0	36	6	0	5	0	0	0	0	0	0	2	4	0	6	12	0	1	0	
0	0	0	1	0	11	0	0	0	0	0	2	0	0	0	0	28	0	0	0	0	0	0	0	0	0	0	0	0	0	0	0	0	0	0	0	0	1	0	0	0	0	0	0	0	0	0	1	0	0	0	0	0	0	0	0	23	0	3	0	0	0	0	0	0	0	0	0	0	0	0	11	7	3	0	0	0	5	24	2	2	0	1	14	0	0	0	0	0	0	1	2	0	7	0	0	0	0	1	0	0	0	0	0	1	0	2	10	0	0	0	0	5	0	0	0	0	0	0	0	0	0	1	1	0	0	0	0	0	0	0	3	1	0	0	0	34	0	0	0	1	5	0	0	0	0	0	17	1	0	0	0	0	1	0	1	0	0	0	11	0	0	1	0	0	0	0	0	0	0	0	0	1	2	0	42	0	0	0	0	0	0	0	0	0	0	0	0	0	0	0	0	0	0	1	0	3	0	0	0	
0	0	2	0	0	0	0	0	0	0	0	4	0	3	0	1	0	0	0	0	0	0	12	0	38	0	0	0	0	0	29	0	0	0	0	0	11	0	0	0	0	3	0	0	0	0	0	0	0	0	0	11	8	0	0	0	0	0	0	0	0	0	0	4	0	4	0	0	0	0	1	0	0	0	0	0	3	0	1	0	2	0	0	0	0	0	0	0	0	0	0	9	0	0	0	0	6	0	0	0	0	0	0	0	0	0	10	0	0	0	5	0	0	0	1	0	0	0	0	1	0	0	0	0	0	0	0	0	1	0	0	0	0	0	0	0	14	0	0	0	5	5	1	1	0	0	0	0	1	0	3	0	0	0	0	2	0	0	0	0	0	0	0	0	2	7	0	0	0	4	0	0	0	0	0	0	0	0	0	1	0	0	0	0	0	0	0	1	0	3	1	0	4	0	0	0	0	0	0	1	
1	0	0	0	8	1	0	10	0	15	0	0	0	0	0	0	0	0	0	0	0	0	0	0	0	0	0	0	1	0	0	0	0	4	0	0	0	0	0	5	0	0	0	0	0	0	3	0	0	0	0	0	0	0	0	55	0	0	0	0	0	0	0	0	0	0	0	0	3	0	2	1	5	0	0	0	0	0	1	8	0	0	0	0	0	0	10	63	0	0	7	0	0	0	136	0	7	0	9	0	0	0	0	0	0	0	0	0	0	0	0	0	0	0	3	0	0	0	3	0	6	4	3	0	0	3	3	0	0	2	0	0	0	0	0	0	0	8	0	0	29	4	0	0	0	0	0	0	91	0	0	0	0	0	0	0	0	4	0	0	0	0	0	0	0	0	0	0	1	2	0	1	0	0	0	0	0	0	0	0	0	0	5	0	0	0	0	0	0	0	0	0	0	0	0	0	1	0	0	4	
0	3	0	0	0	1	0	1	1	0	0	0	0	2	0	2	0	0	0	0	0	1	0	0	0	0	0	0	0	0	0	1	2	1	7	0	7	2	0	0	0	0	0	0	0	0	0	0	0	0	0	0	0	0	0	2	0	5	0	0	4	0	0	100	4	0	2	0	0	0	6	0	0	0	1	0	5	0	0	5	0	1	0	0	0	0	0	0	0	0	0	0	0	0	0	0	0	3	0	0	0	0	0	0	0	7	0	6	0	0	0	3	0	0	0	0	0	1	0	1	0	0	2	0	0	0	0	0	0	0	0	0	0	0	0	0	0	2	0	0	0	0	0	0	0	0	1	23	1	0	0	0	4	3	1	0	0	0	0	1	0	0	0	0	1	0	7	0	0	7	0	0	0	0	0	0	1	0	0	0	0	0	3	0	0	3	0	1	0	0	0	0	0	0	34	0	0	4	0	0	
3	0	1	0	1	0	1	2	0	1	0	0	7	0	0	80	0	0	16	0	0	12	0	0	0	2	0	0	0	0	7	1	0	2	21	0	2	3	3	0	0	0	0	3	1	0	6	1	9	0	0	14	0	0	0	0	0	0	4	0	0	0	0	0	0	0	0	0	0	0	0	0	0	0	0	1	0	0	0	4	2	0	4	0	0	0	0	8	0	0	0	8	0	1	0	0	0	0	3	0	15	0	0	0	0	0	13	0	1	9	2	0	2	0	2	2	0	0	0	0	37	0	0	0	0	0	0	0	0	0	15	0	0	0	0	0	0	0	0	0	0	0	0	0	0	0	0	0	0	0	0	0	0	0	0	0	3	12	0	5	0	7	0	0	0	0	0	0	0	0	6	0	0	0	0	1	0	0	0	1	0	0	0	19	0	0	0	0	3	0	0	21	1	0	1	0	1	0	0	0	
0	0	0	1	0	0	0	0	0	0	0	1	0	0	0	8	0	0	0	0	0	0	0	0	17	25	0	5	7	0	1	1	0	1	0	0	0	0	0	0	3	0	0	0	0	1	0	0	1	0	0	7	0	0	24	0	0	0	0	0	1	0	0	0	0	0	0	0	0	0	0	0	0	0	0	0	0	0	2	0	0	0	0	0	1	0	1	1	0	0	0	1	1	2	0	0	1	0	10	0	0	0	26	0	14	2	7	0	0	0	0	0	0	1	0	0	0	0	0	2	0	1	0	11	0	0	0	0	0	0	0	0	0	0	0	0	1	0	0	0	7	0	0	6	0	0	5	0	1	5	2	0	2	4	0	0	0	0	0	7	0	1	0	0	0	0	0	1	1	0	10	0	0	0	6	0	0	0	0	0	0	5	3	1	0	0	0	0	0	0	0	4	1	0	0	6	4	0	9	1	
0	0	2	2	0	0	0	0	2	0	0	0	1	0	0	0	0	0	0	0	0	0	0	6	0	0	0	0	6	0	1	0	0	9	0	1	6	0	0	0	0	0	0	0	0	0	0	0	0	0	0	0	10	31	0	0	25	0	0	0	0	0	0	0	0	0	0	0	0	0	2	0	0	0	2	0	3	0	0	4	0	0	0	0	0	0	0	1	4	0	0	0	8	0	0	0	0	0	0	1	1	0	0	2	0	0	1	0	0	0	0	0	0	0	0	0	0	3	0	0	0	8	82	3	0	0	3	0	0	0	0	2	0	0	0	0	0	0	2	0	0	0	0	0	0	18	0	0	0	0	0	0	0	0	0	6	0	1	0	0	1	0	0	0	0	1	1	0	0	0	0	0	0	0	0	0	0	0	1	0	3	0	0	0	0	0	0	0	6	0	1	21	0	0	0	0	1	0	0	0	
0	0	0	0	0	3	0	0	2	1	5	11	0	0	0	1	0	0	0	0	2	0	0	0	16	0	0	0	28	0	0	0	6	0	3	0	5	0	0	2	0	0	4	0	0	0	0	0	0	0	1	53	0	0	34	2	0	0	0	0	0	0	0	3	0	3	0	0	0	0	0	0	0	1	0	1	0	0	0	0	0	0	0	0	0	13	135	0	0	3	0	0	3	0	0	0	0	0	0	0	2	0	1	0	0	0	1	0	0	0	0	0	1	4	0	0	3	0	2	0	1	0	0	0	0	7	0	0	0	0	3	5	0	0	0	0	1	18	0	0	0	0	0	4	1	0	0	0	0	10	3	1	0	0	0	0	0	0	0	0	0	0	5	7	0	0	0	2	1	0	0	0	0	0	0	1	0	0	3	1	0	2	0	0	0	35	0	9	0	2	0	0	0	0	0	0	0	0	0	12	
0	0	0	0	8	0	0	0	1	0	4	0	0	0	3	23	0	0	12	0	0	0	0	0	0	0	0	1	0	0	1	0	1	1	0	0	0	0	0	0	0	0	0	0	2	0	0	0	0	6	0	0	0	0	0	0	5	5	0	0	1	0	0	0	0	0	0	0	3	0	0	0	0	0	0	0	0	0	0	0	0	0	0	0	0	0	3	0	0	1	0	1	0	0	1	0	1	0	0	1	0	1	0	0	2	78	0	0	0	0	0	0	1	0	6	0	0	2	0	0	0	0	0	0	0	0	0	0	7	0	0	0	0	0	0	0	0	0	0	1	0	1	0	0	0	0	22	0	1	0	0	4	0	0	0	0	0	0	0	1	0	0	0	0	0	0	0	0	1	0	0	0	0	0	3	0	0	0	1	0	35	0	0	0	8	31	1	0	7	1	0	4	2	8	0	0	0	0	0	0	
0	0	0	0	0	0	0	0	0	1	0	0	0	0	0	0	0	0	0	0	0	0	0	0	0	0	0	0	0	0	1	1	1	0	0	8	7	0	0	14	0	6	0	0	0	0	0	23	0	2	0	0	0	0	0	0	0	9	0	0	0	0	0	2	0	36	0	0	0	0	1	0	0	8	26	0	0	0	0	6	0	0	0	0	0	0	5	0	0	0	0	0	0	4	0	0	0	1	0	0	0	0	0	0	0	1	0	1	0	0	1	0	0	2	0	0	0	0	2	0	0	0	8	3	0	0	2	0	0	0	1	0	0	0	0	0	0	0	13	17	5	0	2	0	0	2	0	0	3	1	0	3	0	0	0	0	0	0	0	0	0	0	0	0	0	0	5	0	0	1	0	0	0	2	0	0	4	0	0	0	7	0	0	0	0	0	0	0	0	0	1	0	0	0	0	0	0	6	0	0	
0	1	1	0	0	0	0	28	0	34	0	27	0	0	0	0	0	0	0	0	0	0	0	0	0	2	11	0	1	0	0	3	0	0	1	0	0	0	13	0	0	1	0	0	0	0	0	0	1	0	0	0	3	0	2	1	0	1	0	0	0	17	0	0	1	0	1	2	3	0	0	0	0	2	7	0	0	2	0	1	0	0	0	0	0	0	0	0	0	0	0	5	0	0	0	13	0	0	0	0	0	0	0	1	19	2	0	1	6	1	0	0	0	0	0	0	0	0	0	0	0	17	0	0	4	0	0	0	7	1	0	0	2	0	0	1	0	17	0	7	0	0	0	0	0	2	0	0	0	2	0	0	0	1	0	0	0	0	0	0	0	0	0	1	0	0	1	0	2	0	0	0	0	0	0	0	0	0	0	1	0	0	0	0	0	0	0	0	1	0	1	0	1	0	0	0	0	0	0	0	
1	0	0	4	0	0	0	0	0	0	0	0	0	0	0	0	0	0	0	1	3	0	0	0	0	0	0	0	0	0	0	0	0	1	6	0	0	0	0	0	2	0	0	0	0	0	0	0	0	0	8	1	1	0	0	0	0	0	0	3	2	0	0	0	0	0	17	0	7	0	0	0	0	0	0	7	6	0	0	0	0	0	1	0	0	0	0	0	6	0	0	0	4	0	0	0	0	0	0	0	0	0	7	0	0	78	0	0	0	0	0	0	0	0	0	0	0	0	0	2	0	8	0	116	34	0	0	0	3	2	0	0	0	0	2	0	6	0	12	2	0	0	0	0	0	0	0	3	1	0	0	0	0	0	0	3	0	0	0	0	0	6	0	0	0	1	0	0	0	0	21	0	0	0	16	0	0	0	0	0	0	7	0	0	0	0	0	0	5	10	0	0	0	0	0	0	0	0	0	0	
0	0	0	0	0	0	4	0	0	0	0	0	0	0	0	0	0	3	0	0	3	0	0	10	0	0	3	14	0	0	0	0	0	0	0	0	0	60	9	0	5	0	1	0	0	3	0	0	0	0	0	0	0	0	0	0	0	0	1	0	2	0	0	0	0	0	0	1	9	0	0	0	0	0	0	1	0	7	0	10	1	0	3	0	0	0	0	26	0	4	0	0	0	0	0	0	0	0	0	0	0	5	0	0	0	1	0	0	0	6	0	0	1	0	1	0	0	0	6	0	0	0	0	0	8	0	0	0	0	3	0	0	16	0	0	0	0	0	0	0	0	0	0	0	0	0	0	4	0	0	0	0	0	0	0	1	0	2	0	6	0	0	0	0	0	0	1	0	0	1	0	0	0	0	18	0	0	5	0	1	0	0	1	0	0	0	0	0	7	0	0	0	0	0	0	0	3	0	0	0	
1	5	1	0	0	0	38	0	0	0	0	0	0	12	0	1	0	0	0	0	0	4	0	10	0	0	0	0	0	0	0	0	0	0	1	0	0	65	1	0	0	9	1	1	2	0	0	0	0	0	0	0	0	9	0	0	0	0	0	0	0	1	3	0	0	5	0	0	0	0	0	0	0	0	11	0	0	5	0	0	0	14	0	0	0	0	0	1	0	0	4	1	0	0	0	0	0	0	0	0	0	0	1	2	1	0	4	0	0	0	0	0	0	0	0	2	0	3	0	0	0	0	0	0	0	0	1	0	7	0	0	0	0	1	0	3	1	3	23	0	0	1	0	7	0	0	0	0	0	0	2	0	2	0	0	0	0	8	0	4	0	0	0	0	0	0	0	0	0	0	0	0	0	0	0	0	0	0	0	0	0	0	0	0	0	0	0	0	0	6	0	1	0	0	0	0	0	0	0	0	
0	0	0	0	0	0	0	0	0	0	3	0	0	0	0	1	0	0	0	4	2	0	0	0	0	7	0	1	0	0	5	0	0	50	1	0	0	0	0	2	17	0	0	0	1	0	0	0	0	0	0	2	7	1	0	0	0	0	4	0	0	0	0	0	0	1	2	0	1	32	2	3	0	0	0	0	0	0	0	0	0	2	0	1	6	0	0	0	0	0	0	0	1	9	0	0	0	0	0	0	5	0	0	0	0	0	0	0	6	7	0	3	0	0	0	3	0	0	0	0	0	1	0	0	0	0	110	0	1	2	0	3	4	1	0	0	0	0	0	0	0	0	0	3	0	0	0	11	0	0	0	0	1	16	0	0	0	1	1	1	0	0	0	0	0	1	0	0	1	0	0	0	0	0	0	2	0	0	0	0	0	0	0	0	0	0	2	0	0	0	0	0	0	0	0	0	0	0	2	0	
0	0	1	0	0	0	0	0	0	0	1	0	0	0	0	4	0	0	0	0	0	2	6	1	0	0	0	0	0	0	0	0	0	0	0	0	5	7	0	0	9	0	0	0	0	8	0	0	0	0	0	0	0	0	0	0	0	0	1	0	0	6	0	0	3	0	0	0	0	1	0	0	0	0	0	0	0	0	0	0	0	0	10	0	0	0	12	0	0	0	0	0	0	0	0	8	11	0	0	0	0	0	4	0	0	0	0	1	0	1	0	0	0	1	2	0	9	0	14	0	0	0	0	0	0	0	7	0	0	0	1	0	0	8	0	0	0	0	0	0	0	0	9	0	0	6	0	0	0	0	1	7	3	3	0	0	0	0	3	0	0	0	0	0	0	0	0	5	0	2	0	0	0	1	0	0	0	31	0	0	0	0	0	1	0	0	2	0	0	2	0	0	0	0	0	11	0	0	0	0	
0	0	0	0	0	0	0	0	0	0	0	0	0	0	2	0	0	0	0	0	0	0	0	0	0	0	0	0	0	0	0	0	0	50	8	0	0	0	0	7	0	0	2	2	1	1	0	0	0	2	0	0	0	0	4	0	2	3	0	0	0	2	0	0	0	3	6	0	1	0	0	0	0	6	2	0	0	0	0	0	2	0	0	0	15	10	1	2	0	0	0	0	0	0	11	0	1	0	0	0	0	1	0	0	0	0	0	0	0	0	0	0	6	0	0	0	0	0	0	0	0	0	0	0	0	0	0	0	8	1	0	2	0	0	1	0	3	0	0	0	0	0	0	0	0	0	0	0	0	0	0	1	16	1	0	1	0	0	0	1	1	10	0	0	1	0	0	0	0	0	0	0	3	1	0	0	0	0	0	2	12	1	0	0	0	0	0	1	0	0	1	0	0	0	0	0	0	2	2	0	
