106	0	3	0	0	1	0	0	2	0	0	0	14	8	0	0	0	5	0	0	3	0	0	1	3	1	0	0	0	14	0	0	0	3	4	0	0	0	0	0	0	0	0	0	0	0	10	0	0	0	0	0	0	0	5	0	0	0	5	8	0	0	0	1	0	0	0	0	1	0	0	1	0	1	0	0	1	0	1	0	0	0	0	0	0	0	0	0	0	0	5	0	0	0	1	0	15	6	1	0	0	0	1	0	0	37	0	8	2	0	10	1	0	0	13	0	0	0	0	4	1	0	0	0	0	0	1	5	12	0	10	0	0	4	3	7	1	0	6	0	0	0	0	0	2	0	0	6	1	2	0	0	0	0	0	6	0	0	7	0	3	0	12	0	0	0	0	0	0	0	4	0	0	0	0	0	1	0	0	0	0	2	0	0	0	0	0	5	0	0	0	0	10	0	0	0	0	9	0	0	
0	0	1	0	6	8	0	0	0	0	0	44	0	31	0	0	0	5	3	0	0	21	0	0	0	0	0	0	0	0	7	0	0	0	0	0	0	1	0	0	0	0	0	0	0	13	0	0	1	0	1	0	0	1	8	0	0	1	0	0	3	0	0	0	0	0	0	0	0	3	0	0	0	0	0	0	0	0	0	0	1	0	4	0	3	2	0	2	3	0	0	0	0	0	0	0	0	1	1	0	3	0	0	0	0	14	0	15	0	0	0	0	2	18	5	0	6	0	0	9	0	1	7	13	0	0	36	0	0	2	0	0	0	0	0	0	0	10	0	0	0	0	0	0	13	0	0	0	0	0	1	4	0	0	0	0	0	0	0	7	0	0	2	0	2	0	0	0	0	0	19	0	0	0	0	0	3	20	9	0	0	3	0	0	10	20	0	0	0	0	0	0	0	2	0	0	0	0	0	0	
0	2	0	0	0	0	0	2	0	0	6	0	21	1	0	11	2	11	0	16	0	0	0	0	2	3	1	0	0	0	0	0	1	0	0	0	0	0	4	0	0	1	0	0	0	0	0	0	0	0	0	0	7	3	0	0	0	8	0	0	0	1	0	1	0	0	1	0	0	0	0	0	0	0	3	0	0	0	0	0	0	0	0	1	0	0	0	0	0	10	0	1	32	0	0	0	0	0	0	0	0	6	0	0	0	0	9	13	3	0	0	0	0	0	6	2	0	12	1	0	2	0	0	2	0	0	0	0	1	0	0	0	0	0	0	0	0	0	1	0	0	4	0	0	0	0	0	0	6	2	0	22	0	0	0	0	0	4	0	0	0	0	0	0	0	0	0	0	0	0	0	0	0	4	0	2	0	0	6	0	0	0	1	0	0	0	0	0	0	1	3	0	0	0	1	0	0	0	2	0	
0	43	0	6	0	0	0	1	0	4	0	0	0	1	0	0	0	0	9	0	0	0	1	0	0	0	0	0	0	0	4	0	0	0	0	0	2	1	12	1398	1	0	1	1	0	0	0	0	9	0	0	0	0	0	0	0	1	1	0	0	0	0	8	0	0	5	1	0	4	0	5	5	0	2	0	0	0	0	3	0	0	0	0	1	0	0	0	0	0	0	0	0	0	2	0	2	0	1	2	0	1	1	0	4	0	4	0	3	0	1	0	1	2	0	0	0	8	3	0	0	0	0	2	0	0	2	0	1	0	20	0	0	0	5	0	0	1	4	0	0	0	0	0	0	0	6	0	2	0	0	1	1	4	0	0	0	0	0	0	0	0	0	0	1	0	0	1	1	0	5	0	8	0	0	0	1	0	1	0	0	0	0	0	0	2	2	0	0	0	0	0	0	0	0	0	0	0	6	0	0	
0	4	0	0	0	0	0	3	0	0	1	0	0	0	0	0	2	2	0	0	0	0	2	3	0	12	0	0	0	0	0	0	0	0	0	0	0	0	0	0	0	0	0	0	0	10	0	0	0	9	0	0	0	0	0	0	0	0	1	0	7	0	7	0	0	0	0	1	8	1	0	0	0	0	0	1	0	0	0	0	0	0	0	0	14	0	0	0	0	0	0	0	0	0	6	2	0	0	0	8	0	0	0	0	1	0	0	0	2	0	7	0	1	0	0	0	2	1	1	7	0	0	0	1	0	0	7	0	1	0	2	0	1	0	0	0	1	0	1	0	0	2	0	0	0	0	0	0	0	0	0	0	0	0	0	0	0	0	0	0	0	0	0	0	0	0	0	0	0	0	0	0	12	0	0	5	0	0	0	0	1	1	2	1	1	0	10	2	1	0	0	0	0	0	0	0	15	0	0	0	
0	0	0	0	0	0	0	1	0	4	0	0	2	0	0	0	0	0	0	0	1	0	0	0	4	0	1	0	0	0	0	3	0	0	0	9	7	1	0	0	0	0	0	0	0	8	0	0	1	0	0	0	0	119	0	1	0	0	2	2	0	0	0	0	0	0	0	0	0	0	8	0	0	0	0	0	0	0	3	3	0	0	4	0	0	0	0	0	9	0	0	0	0	0	0	0	0	0	18	0	0	0	0	0	2	0	0	5	0	0	0	6	0	2	0	1	0	0	0	0	0	0	0	9	3	0	0	0	10	0	20	0	0	0	0	7	1	0	0	3	0	2	6	6	1	1	0	0	5	0	0	0	2	0	0	0	0	0	0	0	0	0	0	1	0	1	0	1	0	0	7	2	0	0	3	3	0	0	0	0	0	0	0	0	0	1	0	0	0	0	0	0	3	0	1	0	0	0	0	0	
15	0	0	0	0	0	0	0	1	0	0	1	0	3	0	0	1	0	0	0	0	1	2	0	0	0	0	0	24	0	11	0	0	0	0	0	0	0	0	0	5	1	0	1	0	0	0	0	0	0	1	0	14	0	0	0	0	0	1	0	4	2	0	0	0	0	0	0	3	0	0	0	0	0	0	2	0	0	1	0	0	0	0	11	0	0	0	9	0	0	0	0	1	0	12	4	8	0	0	12	1	1	0	1	0	0	6	0	13	0	0	1	0	0	1	0	0	2	0	0	0	12	0	0	1	0	0	0	0	0	0	0	0	0	12	6	0	0	0	0	0	1	1	0	0	0	4	4	0	0	0	1	1	0	0	0	1	0	0	0	0	0	1	0	0	0	0	0	0	0	0	0	1	0	0	0	0	0	7	0	0	0	0	0	0	0	0	0	1	0	0	0	2	1	0	6	0	7	0	6	
0	0	0	0	22	0	1	0	13	2	1	0	0	0	0	0	7	0	0	0	0	4	0	0	0	0	0	0	0	7	0	0	0	0	0	0	0	0	13	0	0	0	0	0	0	0	12	0	2	2	0	0	0	1	0	0	0	0	0	8	0	0	0	0	0	0	0	8	0	7	0	0	0	0	0	2	0	0	0	0	0	0	0	0	1	1	0	0	0	1	4	203	15	0	0	0	0	0	0	0	0	3	0	0	0	8	13	0	7	13	0	1	1	4	0	1	0	0	0	0	4	1	1	0	0	0	0	0	2	0	0	0	0	0	0	0	0	0	1	0	0	0	0	6	0	1	0	0	0	3	1	0	0	3	0	1	0	0	0	4	0	0	7	0	1	0	0	4	3	0	0	0	1	0	2	0	0	0	0	0	0	1	5	0	0	0	0	6	1	0	1	16	0	0	0	0	21	7	1	0	
0	0	0	0	0	0	0	4	0	3	5	0	0	0	7	0	0	0	0	0	0	0	0	0	1	0	0	0	0	0	12	17	7	0	0	1	0	0	0	0	0	0	0	0	0	0	1	0	7	3	3	0	0	0	0	0	0	0	6	0	1	0	0	0	1	0	0	0	1	0	0	0	2	0	0	0	0	16	0	0	0	0	0	2	0	0	0	204	0	0	0	0	5	17	0	0	0	0	3	0	6	1	0	0	0	5	7	7	0	0	0	0	33	14	0	0	0	1	0	0	0	0	0	0	0	0	3	0	0	7	1	1	0	2	2	1	0	0	0	0	0	0	0	17	6	0	4	2	0	0	0	0	0	0	1	28	0	10	0	0	0	0	0	1	0	9	0	0	0	2	28	0	0	2	0	0	3	2	0	0	1	0	0	0	0	0	0	0	0	0	4	0	0	0	12	0	0	0	0	0	
1	0	0	0	1	0	0	0	0	0	1	0	2	1	0	1	2	0	0	0	1	0	0	0	0	0	0	0	0	0	0	0	1	0	4	0	0	7	4	7	4	15	0	0	9	0	0	0	1	7	0	0	0	0	1	0	1	0	0	0	0	0	0	0	0	0	0	0	29	0	0	0	0	16	0	0	0	1	0	0	0	25	0	0	0	0	0	0	37	0	0	0	0	0	0	0	0	0	7	0	0	0	7	5	15	2	1	1	0	0	0	0	0	0	0	4	2	0	0	0	6	1	20	0	1	5	0	0	0	0	0	1	0	0	5	9	2	0	0	0	0	0	0	0	0	0	0	6	0	8	0	1	0	10	0	3	9	0	0	1	0	0	0	0	0	0	0	0	0	0	0	0	0	0	5	0	0	2	0	0	0	0	1	0	0	6	8	0	0	0	1	1	2	0	0	0	0	0	1	0	
0	0	0	0	0	0	0	0	0	0	0	0	0	3	0	0	0	0	0	0	0	0	0	11	10	0	0	0	0	0	0	0	0	0	0	0	0	2	1	0	4	0	0	0	0	0	3	0	0	0	5	0	7	0	0	0	0	0	2	0	1	0	0	3	0	4	0	4	0	1	0	0	6	6	0	0	0	0	0	14	0	4	0	5	0	0	0	0	0	0	0	1	0	3	0	3	0	0	3	17	0	0	0	2	0	0	6	7	0	0	6	1	0	0	0	0	0	0	0	0	0	0	3	0	0	5	1	1	0	0	0	11	0	0	0	13	0	0	12	0	0	0	6	0	8	0	9	0	0	0	0	0	0	1	0	0	0	0	1	0	0	0	4	1	0	2	0	0	0	0	0	0	0	0	0	0	0	2	1	0	0	15	0	0	0	0	0	1	0	0	0	0	0	0	0	0	0	0	0	0	
0	0	0	0	0	0	0	10	3	0	0	0	3	0	0	2	4	0	0	0	1	0	0	0	0	0	0	1	1	0	0	5	0	3	2	0	0	0	3	0	0	3	0	1	0	0	0	0	0	3	0	0	0	0	0	0	0	0	3	0	10	1	0	0	0	0	3	16	0	0	0	2	2	0	0	1	1	0	0	0	0	0	0	28	0	0	0	0	0	0	1	39	0	0	3	6	0	1	0	16	2	1	1	1	0	0	0	0	0	9	0	0	1	0	3	6	1	0	0	1500	1	0	1	3	0	0	4	0	6	16	0	0	0	0	0	0	1	4	1	0	0	0	0	0	0	0	0	6	0	7	0	0	0	0	13	4	0	0	1	0	0	3	0	1	0	0	0	0	1	0	0	15	0	0	0	0	0	4	0	5	0	0	0	2	0	0	0	16	1	0	0	0	10	0	0	0	0	0	0	0	
0	1	5	0	0	0	0	0	0	0	0	0	3	0	0	0	0	0	0	0	0	3	0	0	0	0	1	4	9	8	0	0	0	3	0	1	0	0	0	0	1	0	0	0	0	0	9	0	3	1	7	0	0	0	0	0	1	0	1	0	0	0	0	0	5	0	0	0	0	1	0	1	0	2	0	9	0	0	0	0	0	0	10	0	0	0	0	3	0	1	0	0	0	0	0	0	0	0	0	6	0	0	0	18	24	0	0	0	0	0	6	0	0	6	0	3	0	2	0	0	0	1	0	0	0	5	0	0	0	0	0	0	0	0	0	2	4	4	0	0	0	1	0	0	0	0	4	4	0	0	1	0	0	0	4	0	0	0	0	1	0	0	0	0	0	3	0	0	9	0	0	0	0	0	0	0	0	0	0	0	1	1	5	0	0	0	0	3	0	2	0	0	0	0	0	0	0	1	0	0	
0	0	1	0	2	1	0	0	0	0	0	0	0	0	0	0	0	5	0	0	0	0	10	0	2	0	0	0	0	2	0	0	7	3	0	0	0	0	0	0	0	0	2	0	3	0	0	0	0	0	3	0	0	0	3	0	0	0	0	0	1	0	1	0	0	0	0	0	0	0	0	0	0	0	0	2	0	16	0	0	0	0	0	1	4	0	0	0	0	1	0	0	0	0	14	1	0	0	0	0	0	0	3	0	2	0	0	0	0	5	0	0	1	0	0	0	0	0	0	0	2	0	0	3	0	1	0	0	0	0	0	1	0	0	0	0	0	0	1	0	0	0	0	2	3	0	0	11	1	0	0	0	4	1	0	0	0	0	0	0	0	0	0	0	0	0	0	0	0	0	0	0	0	0	9	0	0	0	0	10	3	1	0	1	0	1	0	0	0	0	0	0	0	0	0	4	0	0	0	0	
0	0	0	3	0	0	6	0	0	3	0	0	0	2	0	2	3	0	0	0	5	0	0	4	0	0	0	0	0	9	1	0	0	0	0	0	0	0	0	0	0	0	1	0	0	0	0	0	0	0	0	2	0	0	0	0	7	0	0	0	14	0	4	0	0	6	0	0	0	4	0	0	0	0	0	0	0	0	0	2	0	2	0	0	5	0	1	6	1	8	9	0	2	0	0	2	1	1	0	23	0	0	0	0	2	3	9	0	1	2	2	0	0	3	0	0	0	0	3	0	0	1	0	2	0	0	1	0	0	10	0	0	1	0	10	0	0	1	0	0	0	0	0	0	0	0	0	0	2	0	0	3	1	0	0	0	0	0	0	14	0	0	0	0	0	0	0	0	0	0	10	33	0	0	0	2	0	0	0	5	0	1	2	0	0	0	0	0	0	3	0	1	7	0	0	0	0	0	0	0	
0	0	1	0	0	0	0	0	0	0	0	2	0	0	0	0	0	0	0	0	7	0	0	0	0	0	5	1	1	0	1	0	0	0	0	0	0	0	0	6	6	7	2	0	0	0	0	0	0	0	1	0	0	0	1	1	0	3	0	0	0	1	0	13	0	1	0	0	0	0	0	0	0	4	0	6	1	0	12	0	0	0	2	0	0	0	0	0	3	0	0	0	0	0	0	0	0	0	1	0	0	0	0	0	0	0	1	1	0	0	0	2	0	3	0	3	0	0	0	7	0	1	1	1	0	0	0	0	0	10	0	1	0	0	0	0	1	0	0	0	0	8	0	3	0	1	0	0	0	0	4	20	0	0	0	0	0	0	8	0	0	0	10	0	0	0	0	0	0	0	4	0	0	0	0	0	0	0	0	0	0	0	0	1	6	0	0	0	1	0	0	15	0	0	0	0	0	27	3	0	
0	0	0	0	1	0	0	4	0	0	2	1	0	0	0	0	8	4	0	0	0	0	0	0	1	0	0	1401	0	0	0	0	0	2	0	0	0	0	11	0	3	0	3	8	0	0	0	0	0	1	0	0	6	0	0	0	0	3	6	8	8	0	0	1	0	0	0	0	0	0	0	0	0	0	0	0	0	0	0	0	0	0	0	2	0	0	22	0	0	2	0	0	0	0	0	0	7	0	0	0	3	0	0	0	2	1	0	0	0	2	0	0	2	0	0	0	0	5	0	809	0	24	0	9	7	0	0	0	7	0	2	0	2	1	6	5	0	1	4	0	1	0	0	0	0	1	0	0	0	2	0	6	0	0	0	0	0	0	1	0	0	0	0	1	0	0	0	0	0	0	0	0	3	0	0	0	0	0	10	0	3	0	1	0	0	0	7	0	0	2	0	6	0	0	0	0	0	0	0	0	
0	0	1	0	0	0	1	2	0	0	2	0	0	2	2	0	0	0	0	0	0	1	0	1	0	0	12	0	0	0	2	0	0	0	0	0	0	5	3	0	0	0	0	3	0	0	0	0	1	713	0	0	0	0	0	0	0	0	6	0	0	0	14	0	4	0	0	0	0	0	5	0	0	0	0	0	5	0	0	1	0	0	0	0	0	0	0	7	0	1	4	1	0	0	0	1	2	0	0	0	5	0	0	0	0	0	1	0	0	0	0	0	0	0	1	0	0	25	9	1	2	0	6	1	0	0	0	1	0	0	4	0	0	2	1	0	0	0	0	1	0	0	0	0	0	12	2	0	0	0	0	0	0	9	0	0	0	0	0	0	6	0	0	0	0	0	1	0	0	0	0	0	0	0	1	14	0	0	0	0	1	6	6	0	0	0	0	0	5	5	7	0	0	1	2	0	2	0	0	0	
0	0	0	3	0	0	0	1	0	0	1	0	1	1	10	0	0	0	4	0	0	7	4	0	0	1	0	0	0	0	0	0	0	0	0	7	0	1	0	0	0	6	0	0	0	0	0	0	0	1	0	0	0	0	0	1	11	1	3	0	0	0	0	0	0	0	0	0	1	0	0	0	0	5	1	0	7	0	0	0	0	0	6	5	15	0	0	0	0	2	14	0	0	0	6	0	7	0	0	0	0	0	7	0	1	1	0	0	0	0	0	2	0	2	1	0	0	0	1	0	0	0	1	0	0	0	1	6	0	0	0	0	0	4	4	4	7	1	0	0	0	0	0	3	0	25	0	1	0	1	0	0	0	0	0	0	0	19	0	0	0	0	0	0	14	2	0	9	7	3	0	0	0	3	2	3	0	0	0	0	0	0	0	0	2	0	0	0	0	0	0	0	5	0	0	0	3	0	0	1	
0	2	0	0	0	2	1	0	0	1	3	0	0	0	0	0	0	0	0	0	0	0	0	0	0	1	0	0	0	0	1	0	0	0	0	0	0	0	0	0	8	0	1	0	1	2	0	0	0	0	0	0	0	9	5	5	0	0	1	0	1	0	0	0	0	0	0	0	5	0	0	2	0	0	0	0	0	0	7	0	3	0	0	15	0	0	37	0	1	0	0	0	0	15	0	0	0	0	1	0	3	0	8	0	6	0	0	0	0	1	0	2	0	0	0	2	0	2	2	0	0	0	0	0	0	0	0	0	0	1	0	7	1	0	2	0	9	1	0	7	9	3	0	0	1	0	1	0	0	0	0	0	0	2	0	0	2	0	0	0	0	0	0	0	6	0	0	0	0	0	1	8	15	0	0	0	0	0	0	1	727	1	0	0	0	0	1	0	0	0	0	5	0	0	0	3	0	1	0	0	
0	0	0	0	4	0	0	1	1	0	2	0	0	1	0	0	0	0	0	100	2	0	1	0	0	0	24	3	0	0	0	0	0	0	0	0	0	0	1	0	1	0	0	0	0	0	2	2	0	0	0	0	1	5	1	0	0	0	0	0	0	0	0	0	0	0	2	0	4	0	0	0	1	3	0	2	0	0	0	0	0	3	1	0	3	18	1	0	0	0	0	10	0	2	0	2	0	0	0	0	1	0	0	0	2	1	0	0	0	0	0	0	1	0	0	0	1	7	0	1	0	1	0	1	0	6	14	0	0	0	0	0	0	0	14	0	7	22	0	0	0	1	0	1	0	0	0	2	0	0	0	0	0	0	4	0	0	0	39	0	0	0	5	0	0	0	1	0	1	0	0	2	0	0	0	0	0	0	0	0	0	0	0	0	0	0	726	4	0	0	0	1	0	0	1	0	5	0	0	0	
0	8	3	8	0	0	1	4	0	0	0	1	0	0	0	0	0	0	1	1	0	0	0	0	0	0	0	0	0	0	1	0	0	0	0	0	0	0	0	0	0	0	8	0	0	0	0	2	4	0	0	0	0	0	0	5	0	0	5	0	2	1	0	0	1	0	0	0	31	0	1	1	0	0	2	0	0	1	6	1	4	0	0	0	0	0	0	0	0	10	0	0	0	7	0	1	0	0	0	0	3	0	0	0	0	3	0	0	0	0	0	0	0	0	3078	0	0	9	0	0	2	3	0	0	0	0	0	0	0	1	0	0	1	0	0	0	0	0	0	0	0	0	0	0	0	0	2	0	0	1	0	22	1	0	0	3	0	0	0	0	0	2	0	1	0	0	0	0	23	0	0	0	1	0	0	0	2	0	0	25	0	0	2	0	0	1	0	0	6	0	0	0	8	0	3	3	0	0	0	0	
57	0	0	0	2	0	0	2	1	2	13	0	0	0	0	0	0	0	0	0	2	0	0	0	0	0	0	0	2	0	0	0	0	0	0	0	0	0	0	0	3	1	0	0	4	0	0	0	0	2	0	0	0	0	0	2	0	0	0	9	0	0	4	0	1	1	0	0	0	0	0	10	3	0	0	2	0	0	1	7	0	0	0	2	2	3	0	0	0	0	3	0	19	0	0	1	12	22	4	9	0	12	0	0	0	0	0	0	2	1	0	0	1	0	1	0	3	3	0	3	4	15	2	0	0	11	0	0	0	0	0	5	0	0	0	0	0	0	0	0	0	0	0	0	0	0	1	2	16	0	0	0	0	9	0	0	90	2	0	0	0	2	1	0	1	17	0	0	0	0	0	0	0	0	0	1	0	0	0	1	0	0	0	0	3	3	0	6	0	0	0	1	0	0	0	2	2	0	0	5	
0	4	0	3	0	0	0	0	0	0	0	0	0	0	0	0	0	1	0	0	0	8	0	1	0	0	0	8	0	0	0	0	0	0	0	0	15	0	0	0	0	0	0	8	3	0	0	0	0	3	0	2	4	0	0	6	0	0	1	0	0	0	0	3	0	2	0	0	0	0	0	0	1	3	1	0	0	2	0	1	0	0	0	0	1	2	19	0	0	0	0	0	0	0	4	0	0	0	0	3	0	0	0	0	1	5	1	3	0	0	0	0	0	0	0	7	0	4	0	0	0	1	0	0	0	17	0	0	0	0	0	0	1	0	0	4	0	3	3	0	0	0	0	0	10	0	0	0	0	0	10	0	0	1	0	0	17	0	0	0	5	0	1	0	10	0	9	0	0	0	0	0	0	9	0	0	1	0	0	0	0	0	0	0	0	0	2	2	6	0	0	3	0	0	0	17	0	0	0	3	
0	0	1	0	0	0	0	0	0	5	0	0	0	1	12	4	0	0	1	0	0	0	0	1	0	0	0	0	14	0	0	0	0	0	4	0	0	3	0	0	0	0	0	0	0	0	0	0	0	3	0	0	0	0	0	5	0	0	0	0	0	0	0	0	0	0	1	0	1	0	0	0	12	1	0	2	6	17	0	0	0	0	1	0	0	1	0	2	0	0	0	0	0	0	0	2	0	3	1	0	2	19	0	0	0	0	0	4	2	0	2	1	0	0	1	0	0	3	0	9	0	0	0	0	2	0	0	1	0	0	1	1	1	0	0	0	0	0	0	2	0	0	22	48	0	0	0	0	0	0	2	0	0	0	0	36	2	9	0	10	0	0	10	0	1	0	0	0	0	0	0	0	0	2	0	1	0	0	0	0	4	0	0	0	0	0	0	0	6	0	0	0	0	0	0	0	0	0	0	1	
0	0	2	0	0	5	0	0	0	0	1	0	5	0	0	0	0	0	0	0	0	0	0	6	0	0	0	0	0	0	0	0	6	1	0	0	0	703	6	0	0	3	1	0	0	1	0	0	0	0	0	0	0	0	0	0	0	39	39	0	0	5	8	10	0	0	0	0	0	0	0	0	0	7	5	1	0	0	14	2	0	0	0	0	0	35	0	15	1	5	0	0	0	2	0	13	1	0	0	0	0	13	0	0	0	25	0	0	0	2	0	0	0	10	0	1	0	2	0	0	4	2	1	0	0	0	0	0	0	0	3	0	0	0	0	0	0	2	2	0	0	1	0	0	0	0	0	0	0	0	9	0	0	2	0	0	0	5	0	0	0	1	1	0	4	0	1	0	0	1	0	0	3	0	0	0	0	0	0	0	0	12	0	0	0	0	0	2	0	5	11	0	0	1	5	0	3	4	0	2	
0	0	0	1	0	0	0	1	4	0	2	0	0	0	4	0	0	0	0	0	0	0	0	4	0	0	5	0	0	4	0	0	0	0	0	0	0	0	0	0	0	0	0	3	0	0	1	0	0	0	0	0	0	0	0	0	0	4	0	0	0	5	0	9	0	0	0	0	0	0	6	838	0	0	0	6	3	12	0	0	0	0	3	0	14	0	0	0	0	0	0	2	0	0	11	0	0	0	0	0	0	0	0	2	0	0	0	1	0	8	0	0	4	1	4	0	2	2	1	0	0	0	0	1	1	0	0	0	2	8	0	0	0	0	1	0	10	1	0	0	0	0	0	3	0	0	0	1	0	4	24	0	0	0	2	0	1	0	2	0	3	0	0	1	1	0	0	1	2	0	0	2	0	0	0	0	0	0	0	0	0	0	0	0	0	1	0	7	0	14	0	13	0	0	2	7	0	0	1	0	
0	0	0	0	0	0	8	0	0	2	0	0	0	0	0	0	0	0	0	0	0	0	0	0	6	0	0	0	0	0	1	0	0	0	1	0	0	0	0	0	0	1	0	0	0	0	0	3	0	16	1	0	0	0	0	0	0	27	1	4	68	0	0	0	2	0	14	0	0	0	0	7	0	1	0	0	0	0	0	38	5	0	6	0	2	1	0	0	0	0	0	4	1	0	0	5	3	9	0	0	22	1	0	0	6	0	2	0	0	0	1	0	0	0	0	0	2	24	0	0	9	5	0	2	0	0	0	0	0	0	2	2	0	0	2	0	0	1	0	0	3	0	0	0	0	0	0	0	0	0	6	2	0	0	8	0	0	0	10	6	0	10	0	9	0	1	0	0	0	0	0	1	0	1	0	0	0	0	0	0	0	0	0	4	3	0	0	0	0	0	0	0	0	0	0	1	10	1	0	0	
1	0	1	0	0	0	0	0	0	0	0	0	0	0	0	0	2	17	0	2	0	0	0	0	0	1	0	0	0	0	14	0	0	0	0	0	0	0	0	0	9	0	0	0	0	0	0	0	0	5	2	0	0	0	0	0	0	0	2	6	0	16	7	22	0	0	5	1	0	0	0	0	14	0	0	9	0	0	36	0	509	8	0	2	0	2	1	10	1	0	0	6	0	7	1	1	1	0	3	0	0	0	0	0	1	17	0	0	0	0	3	0	0	0	0	0	0	0	1	10	0	0	0	0	2	0	0	2	0	0	0	0	4	1	0	0	0	0	0	0	0	14	7	0	0	1	0	0	3	0	0	10	9	0	0	0	0	0	0	0	0	0	0	0	0	3	0	0	0	2	0	0	0	12	1	0	0	0	0	0	0	0	5	1	0	0	2	0	0	0	31	31	0	0	1	0	0	0	0	0	
1	5	0	0	0	0	0	4	0	0	0	0	1	0	0	0	1	0	1	0	3	0	3	0	2	0	0	0	0	1	2	0	0	0	0	5	1	4	0	0	7	0	0	10	0	0	0	16	16	0	0	0	0	5	0	10	0	0	0	0	0	0	1	0	2	0	0	14	0	25	0	0	17	26	0	38	0	0	4	1	1	0	0	0	0	0	0	0	0	0	0	1	0	0	0	0	12	0	0	0	19	0	0	1	0	11	12	0	0	0	0	0	0	12	4	0	0	4	0	0	2	6	0	0	0	27	12	2	0	0	0	0	0	0	0	0	0	1	0	0	0	0	1	0	0	0	0	0	9	0	0	2	5	6	2	17	0	0	0	0	0	0	2	1	0	0	11	0	0	0	0	0	0	0	0	0	0	0	0	4	0	0	0	0	5	0	0	0	0	0	0	1	0	7	0	0	0	0	1	4	
0	4	0	7	0	4	0	0	0	0	0	0	0	0	13	0	0	0	0	0	0	0	0	0	3	0	0	0	0	0	0	9	1	0	0	0	8	0	0	0	0	0	0	1	2	0	0	0	0	23	14	1	0	0	0	0	0	0	0	0	0	0	0	1	2	3	0	0	0	0	0	1	1	0	0	0	0	1	1	0	0	0	0	7	20	0	5	0	0	3	0	1	1	0	0	0	2	0	0	19	4	0	0	0	6	0	7	1	0	20	0	0	0	0	0	12	0	0	1	5	1	0	0	1	1	1	0	0	0	0	2	8	7	0	0	0	0	2	6	0	0	0	0	0	0	0	0	0	0	4	0	0	0	0	0	0	0	3	0	0	0	0	0	0	0	2	5	0	1	0	0	5	5	1	3	0	0	0	0	0	0	0	3	0	0	0	1	0	3	0	0	0	0	0	0	0	0	0	1	0	
0	4	0	0	0	8	2	0	4	0	0	0	0	0	0	0	0	1	0	0	0	1	0	1	0	0	0	0	3	2	2	0	0	0	0	2	0	0	1	0	0	0	0	0	8	0	0	0	0	0	2	0	0	1	0	1	6	0	1	0	0	0	0	0	0	0	17	0	0	0	1	12	3	0	0	0	7	0	0	2	0	3	0	0	0	0	0	0	4	0	0	0	0	7	0	0	1	0	9	0	0	0	0	0	0	0	3	1	4	0	6	2	0	0	2	0	0	2	0	0	0	6	0	11	1	0	0	0	0	0	0	0	0	0	0	0	0	0	3	0	0	0	0	1	1	0	2	9	0	0	0	0	0	0	0	0	0	0	1	0	0	0	0	0	0	0	0	0	0	1	2	0	0	4	0	0	0	0	1	0	0	1	0	0	0	1	1	0	1	0	0	0	0	6	10	0	3	6	3	0	
0	4	0	9	0	0	0	0	1	0	0	0	0	0	2	1	0	0	11	0	0	0	1	0	5	9	0	1	0	10	0	0	0	1	0	0	0	0	1	8	0	0	1	0	10	0	0	0	0	2	3	7	19	0	0	0	0	0	0	8	0	15	10	0	0	3	0	0	2	4	7	5	0	5	0	0	8	0	1	0	0	0	0	1	24	0	3	0	0	0	0	21	0	0	0	0	0	1	0	0	12	0	0	0	0	1	2	0	0	0	4	1	0	0	1	0	2	0	2	0	0	0	0	3	3	0	0	0	0	0	0	0	0	0	0	0	0	1	0	0	4	21	0	0	4	0	0	0	0	0	0	0	0	0	0	9	0	0	0	0	0	0	0	9	0	0	0	3	0	0	0	2	5	5	3	0	0	0	0	0	0	0	0	0	0	0	0	0	0	0	0	3	0	0	3	8	0	1	0	0	
4	0	0	0	0	0	0	0	0	0	0	0	1	0	0	2	3	0	0	0	0	0	0	8	2	0	0	0	0	1	3	0	0	2	0	0	0	4	0	0	0	4	1	0	0	0	0	0	9	0	0	0	0	3	0	0	0	0	1	0	0	0	0	0	15	0	0	0	0	0	0	6	4	0	0	8	10	1	10	0	0	0	0	8	0	5	0	0	0	0	0	0	0	0	0	0	0	0	0	0	0	0	2	0	0	4	0	0	0	0	0	2	0	3	1	0	6	0	0	1	2	0	0	1	1	0	1	0	0	0	0	0	0	0	0	1	0	1	0	0	0	24	0	1	0	0	0	22	8	0	5	0	1	8	2	0	0	0	0	0	1	10	3	0	1	0	0	0	2	0	0	0	0	6	0	0	0	0	0	0	0	0	0	18	0	0	0	0	0	1	3	0	2	0	0	0	2	0	0	0	
4	0	0	0	0	0	0	0	1	0	0	1	0	0	0	0	0	0	2	0	0	0	0	0	0	0	0	0	3	4	0	100	1	0	0	0	0	0	0	0	1	0	1	3	0	0	0	0	0	0	0	0	0	8	0	0	0	0	0	16	0	0	0	5	0	3	3	0	0	0	0	0	0	0	0	0	3	3	0	0	0	0	1	0	1	0	1	0	0	0	0	0	0	0	0	0	0	0	0	0	0	0	0	0	4	6	1	0	1	0	0	0	1	1	11	2	0	0	0	0	1	0	0	0	1	0	0	0	0	0	0	4	2	0	0	0	0	0	0	9	0	0	0	0	0	4	0	3	0	0	0	0	0	1	0	0	0	0	0	2	0	0	0	0	1	0	0	4	0	0	0	0	0	0	0	0	3	0	0	0	0	0	1	0	0	8	0	0	0	0	0	0	0	1	0	1	0	0	0	0	
0	0	0	0	0	0	3	7	0	7	0	0	0	0	0	0	9	0	0	8	0	0	0	0	0	0	0	2	0	1	0	0	0	2	0	0	0	0	0	0	0	0	0	0	5	0	0	0	39	0	0	5	0	24	0	3	0	0	0	1	1	0	2	1	0	0	0	1	3	0	0	0	0	0	0	0	0	0	1	3	0	3	0	2	3	0	0	2	0	0	7	25	1	19	0	0	5	0	0	7	0	0	0	4	1	7	0	1	0	2	0	2	5	0	0	0	0	0	0	1	0	5	0	1	2	0	0	2	0	0	0	0	0	0	0	0	9	0	0	3	0	0	0	0	333	0	0	10	8	0	0	9	3	33	6	0	0	0	0	1	5	0	2	43	0	0	0	0	2	0	0	1	0	0	0	0	0	1	0	1	0	1	0	0	0	0	0	1	0	0	0	0	0	1	0	0	0	0	0	0	
0	0	0	0	0	0	0	0	1	0	0	0	0	0	0	0	2	0	0	0	0	0	1	0	0	0	3	0	2	0	0	0	5	0	0	0	0	11	1	0	5	0	1	27	0	0	0	3	0	3	0	0	0	0	0	0	0	0	0	6	0	15	0	0	0	0	0	38	0	0	28	0	0	0	0	2	1	0	0	0	0	0	6	0	0	3	0	0	3	0	0	0	0	0	0	0	0	0	0	0	0	1	1	0	0	0	0	0	0	0	0	6	0	1	2	0	0	0	3	0	0	0	2	0	0	0	0	0	42	0	1	0	3	0	1	0	0	0	0	0	5	0	12	0	0	0	2	16	0	0	7	0	0	0	0	1	6	0	0	0	0	0	0	0	10	0	0	0	0	6	0	0	4	0	7	0	0	0	0	16	4	0	0	0	0	0	1	0	0	0	0	1	0	0	1	0	11	0	0	0	
0	0	0	0	0	0	0	0	9	0	0	0	0	0	0	2	4	0	0	0	6	0	0	0	0	0	0	0	0	0	0	1	0	3	6	0	0	0	0	0	27	0	0	0	0	1	0	1	0	4	0	1	0	0	0	0	3	4	0	0	5	0	0	0	0	1	0	1	0	0	16	0	0	0	0	18	0	0	9	22	0	20	16	0	0	0	0	0	1	0	0	0	1	0	0	0	0	0	0	0	1	0	6	0	9	1	0	0	2	0	0	0	0	0	0	0	0	0	13	1	0	0	0	0	1	0	0	0	0	0	0	0	2	1	0	1	0	20	1	0	10	0	0	0	0	0	0	0	0	22	5	0	0	3	0	4	1	1	0	1	2	0	0	1	0	3	0	1	24	0	0	0	0	5	0	3	0	7	0	0	0	2	0	0	0	0	5	12	0	0	0	0	0	0	0	0	0	1	4	4	
0	0	0	0	0	1	0	0	0	0	2	0	0	0	9	0	0	0	0	0	0	2	15	0	1	0	0	0	0	0	0	0	0	1	0	0	0	4	0	3	95	0	0	0	0	4	0	0	3	2	0	0	0	6	0	0	3	205	0	0	0	1	2	0	0	0	0	1	0	0	0	1	2	0	5	4	0	1	0	3	0	3	4	0	0	0	0	1	0	0	35	9	0	0	0	1	0	0	2	0	4	1	0	0	0	0	0	0	2	0	4	0	0	0	6	4	0	0	0	0	1	3	1	0	0	0	1	0	19	0	0	5	0	0	0	0	37	0	1	0	0	0	0	0	7	4	7	0	0	0	0	1	0	0	2	0	0	0	0	0	0	0	7	0	1	0	0	0	1	0	0	0	0	1	7	5	0	0	0	0	6	0	0	8	0	0	1	0	1	10	0	0	0	6	0	0	2	1	0	0	
0	1	0	0	2	2	0	0	0	0	0	10	7	1	0	0	0	0	0	3	0	0	0	0	0	0	0	0	0	0	10	0	3	0	0	4	1	0	0	0	0	0	19	0	7	2	0	0	0	0	0	0	0	0	0	0	0	0	4	0	0	0	10	0	6	0	0	0	8	0	0	0	0	0	1	11	0	1	3	0	3	0	0	0	0	0	0	0	3	0	1	1	0	0	0	0	0	0	3	0	0	0	0	1	0	0	9	0	0	0	0	7	0	0	1	1	1	0	0	1	2	0	0	0	0	0	0	1	0	0	0	0	0	0	22	19	0	0	0	1	0	0	0	0	0	0	0	0	1	23	9	0	3	3	0	0	1	0	0	16	0	0	0	0	0	0	0	0	0	0	0	0	2	0	0	7	0	0	0	0	1	0	0	0	10	10	0	3	0	0	0	0	0	1	0	0	0	1	0	0	
0	0	5	0	0	0	2	0	0	0	0	0	0	1	2	0	8	0	0	0	0	0	1	0	0	0	1	1	0	0	0	0	0	0	0	0	0	1	1	0	0	0	0	0	0	9	2	1	0	0	0	0	0	1	0	0	0	1	0	0	10	0	0	3	0	0	1	3	2	0	1	3	16	1	0	1	0	0	2	6	0	0	0	0	0	2	0	18	0	0	0	10	0	0	0	3	0	0	0	2	0	0	0	0	0	0	0	1	1	1	1	0	0	13	0	0	0	0	0	0	5	0	0	1	0	1	0	1	0	0	9	0	0	0	0	0	21	14	6	0	1	0	0	13	0	0	0	1	0	0	0	9	0	1	0	0	0	0	0	6	0	0	3	2	3	0	0	0	0	0	4	0	0	4	0	0	0	0	0	0	0	0	0	0	1	8	4	4	0	0	1	0	6	0	1	0	0	0	1	0	
0	0	0	0	0	0	0	0	1	0	0	8	1	0	6	0	0	0	0	0	0	0	0	7	2	6	0	8	0	2	0	0	0	0	0	0	2	0	0	0	0	0	0	0	0	0	0	0	5	0	0	5	2	36	0	0	9	0	0	0	1	0	1	0	0	0	0	37	0	0	0	7	8	0	0	1	2	2	4	2	1	0	3	0	0	5	1	0	1	0	0	0	5	0	0	7	6	0	0	0	16	0	0	1	0	3	0	0	0	0	11	0	0	13	0	0	2	0	0	0	0	0	0	0	1	10	0	2	0	0	0	0	3	14	0	0	2	0	0	0	0	1	0	0	0	0	0	5	0	1	0	0	0	7	0	0	0	0	0	0	0	0	0	0	0	0	0	0	0	0	0	24	0	0	0	0	0	1	1	0	0	0	0	2	0	1	0	0	0	2	4	1	0	0	0	1	0	7	0	0	
0	0	1	0	0	7	0	0	0	0	0	0	0	0	0	0	6	0	1	0	0	0	8	0	8	0	100	1	0	0	5	0	0	0	0	0	0	0	0	0	0	0	1	0	0	7	0	0	0	0	7	0	1	0	0	16	0	0	0	0	1	1	0	0	0	0	0	12	0	0	1	0	7	0	0	0	0	3	0	3	0	2	4	1	13	2	1	0	0	0	0	0	0	0	0	0	0	0	20	0	9	3	0	0	8	0	0	0	0	5	0	0	0	0	0	0	0	0	0	0	0	0	1	0	0	3	0	18	4	0	0	0	0	0	0	0	0	0	4	0	0	0	0	0	0	0	0	0	2	0	1	1	0	0	21	0	0	2	0	11	0	0	0	0	0	0	0	0	0	0	4	0	7	0	4	0	0	0	17	0	2	0	0	0	12	1	0	0	0	0	0	0	0	0	0	0	0	0	0	0	
0	0	0	0	0	0	7	0	0	0	0	0	9	0	0	0	0	0	0	0	0	0	5	0	0	2	0	1	0	0	0	1	0	102	3	0	0	1	0	0	0	4	0	0	0	1	0	4	2	3	0	0	15	0	0	3	0	1	0	0	0	0	5	0	9	0	0	2	1	0	0	0	0	0	0	0	1	2	7	1	5	0	0	5	1	0	0	0	0	0	0	0	0	3	9	0	1	0	0	24	0	0	0	8	1	0	0	1	0	0	0	2	0	12	6	0	0	0	0	0	9	1	0	0	1	2	0	0	1	0	1	18	16	0	2	0	0	0	0	0	0	5	0	1	0	2	0	0	1	0	1	0	0	0	0	0	0	0	1	0	21	0	0	0	0	0	0	0	0	0	0	1	0	0	3	0	0	17	0	0	0	1	0	0	0	0	10	0	0	0	0	0	0	0	0	2	0	12	9	0	
0	0	0	0	0	1	0	0	0	0	1	0	1	0	0	0	0	0	1	0	0	0	1	0	0	0	0	0	0	1	0	0	0	0	0	2	0	0	0	1	0	0	0	0	0	0	0	0	0	2	2	0	3	2	15	0	0	2	0	0	35	0	0	0	2	0	0	10	0	0	0	0	0	2	21	0	0	3	0	0	6	0	7	0	0	17	0	1	0	3	10	0	3	0	0	0	0	0	1	1	0	0	0	0	0	2	0	5	0	12	9	0	0	13	0	6	0	0	0	0	0	1	9	0	0	0	0	0	0	4	1	0	0	0	0	41	0	0	0	0	0	0	0	0	0	2	0	0	0	0	0	0	0	0	0	0	0	0	0	0	0	0	0	0	1	4	0	0	0	4	1	8	9	2	0	1	0	0	0	0	0	0	4	0	0	3	0	0	0	0	0	0	0	1	4	0	0	4	0	7	
0	0	0	0	0	0	0	0	6	0	0	0	4	0	0	0	0	0	2	0	0	0	0	0	0	0	0	0	0	0	0	0	0	0	1	0	0	42	0	0	0	0	0	0	13	0	1	0	0	2	0	0	0	0	0	1	1	0	2	0	3	0	17	0	1	1	0	0	0	0	0	4	0	0	1	0	0	0	0	0	0	0	0	1	2	0	0	2	0	0	0	0	0	0	0	18	0	0	0	0	5	0	0	4	0	1	0	0	10	0	0	2	2	0	0	2	0	0	0	1	0	0	0	0	0	0	4	1	0	0	0	0	0	2	7	1	0	2	0	0	0	10	0	0	0	0	0	0	0	3	0	0	7	2	0	0	0	0	12	0	0	0	1	0	0	4	8	0	2	1	0	0	0	0	0	1	1	11	8	0	0	0	0	0	0	0	3	0	3	3	2	0	0	1	0	4	0	13	0	0	
0	19	0	0	1	0	0	0	6	0	0	0	0	0	0	0	5	0	4	0	0	0	1	2	0	1	2	100	0	0	5	2	0	2	0	0	0	0	0	0	1	1	4	0	0	9	0	205	5	3	12	29	6	0	1	0	0	0	0	0	0	0	0	0	6	0	0	0	0	4	2	3	0	1	0	1	1	0	1	3	1	0	0	0	0	0	0	0	0	2	2	0	2	0	0	0	13	0	0	0	0	0	0	0	0	1	2	0	0	5	0	1	0	0	0	0	0	0	0	1	0	0	1	3	0	0	0	0	0	8	0	0	0	0	0	0	0	15	21	0	0	2	0	0	0	0	0	0	0	0	0	0	0	0	2	0	0	3	0	1	0	0	0	0	0	0	0	1	2	0	3	0	0	0	0	0	0	0	0	2	0	0	1	2	3	0	0	0	0	0	0	796	0	0	7	1	0	0	0	2	
0	0	0	0	11	0	0	0	0	5	0	0	0	0	4	0	0	0	0	0	1	0	1	0	0	0	2	0	0	2	0	0	18	0	0	0	1	0	0	0	63	0	0	1	0	40	0	0	0	0	0	0	0	0	2	9	0	0	0	1	0	3	7	2	0	4	0	1	4	0	1	0	20	0	30	1	0	38	0	0	0	4	0	0	1	2	0	0	1	0	3	2	1	0	1	0	0	0	0	0	1	0	0	6	0	0	3	0	0	0	0	0	1	0	0	0	0	0	0	0	0	0	4	0	0	0	0	0	0	0	0	0	11	0	2	0	13	0	0	0	2	0	0	2	0	1	0	0	0	1	2	2	0	0	0	0	0	0	0	3	3	0	0	0	0	0	0	0	0	2	0	4	0	0	0	0	5	0	1	0	0	0	0	8	0	0	9	3	0	0	11	0	0	0	0	0	0	0	0	0	
0	0	1	1	0	0	0	0	0	0	3	0	2	0	0	0	0	0	2	4	6	0	7	0	0	0	0	0	0	0	0	0	1	0	2	0	2	2	0	2	0	0	12	0	3	4	33	0	0	0	0	1	0	0	3	10	2	0	0	0	0	0	7	2	0	0	0	1	0	0	1	31	0	0	0	2	0	3	0	0	0	12	0	1	7	0	0	11	0	0	0	0	10	0	0	0	9	0	0	0	0	0	3	0	5	2	0	0	0	2	0	1	0	0	0	0	3	0	0	4	3	0	9	0	0	0	0	1	0	5	0	0	0	0	0	0	0	0	0	0	2	5	1	0	23	0	0	0	0	0	0	6	0	0	5	0	0	0	0	0	0	0	1	0	0	0	0	5	0	0	0	3	0	0	0	1	0	0	0	0	0	0	3	0	6	0	0	0	0	0	0	0	5	0	0	0	0	0	0	0	
0	0	5	0	5	0	9	1	0	0	0	0	0	1	0	2	0	0	0	0	0	1	0	16	0	0	4	0	0	0	0	4	0	0	0	3	0	0	0	0	0	0	0	0	21	0	3	1	0	13	0	0	3	0	0	0	0	0	0	0	0	0	0	0	0	7	0	1	0	0	2	3	0	0	0	0	0	0	0	3	0	0	24	0	0	0	5	2	2	0	0	0	7	0	0	0	0	14	0	0	2	9	0	0	0	1	0	13	0	0	0	0	0	0	0	3	0	1	1	0	3	0	0	0	0	0	0	0	0	0	0	0	10	0	0	0	0	2	0	0	2	0	0	1	0	0	1	0	1	0	17	0	0	0	0	0	0	0	0	0	0	0	0	0	4	0	0	1	0	17	1	0	1	4	0	0	0	0	1	0	24	0	0	0	0	0	0	0	0	0	1	0	0	0	0	1	0	0	0	0	
0	0	6	3	0	0	0	0	0	0	0	0	0	0	2	0	0	0	0	0	0	0	0	0	96	7	0	0	10	0	2	0	0	0	0	0	0	3	0	0	2	0	3	2	0	0	0	0	1	9	0	0	0	22	0	3	0	0	0	0	0	2	7	0	2	2	1	0	0	10	20	1	0	0	0	7	2	2	0	0	0	1	1	1	1	0	1	0	2	0	1	0	0	0	23	1	1	0	0	10	0	17	12	0	0	0	0	2	0	6	0	0	0	0	0	2	0	0	0	0	0	5	0	0	0	0	0	0	0	0	0	1	1	0	0	0	0	2	0	0	0	0	0	0	0	0	21	0	6	0	0	0	0	0	0	0	0	0	0	0	0	2	0	0	0	4	0	0	0	0	2	6	0	0	0	0	0	0	0	1	0	0	1	0	0	0	0	0	0	4	0	0	0	0	0	0	0	0	0	0	
6	0	1	0	0	0	5	1	0	0	0	0	0	0	0	3	0	0	0	0	0	0	0	0	0	0	0	19	1	1	0	7	0	39	1	0	0	2	0	53	0	0	0	0	0	0	15	25	0	15	205	1	2	14	0	0	29	0	0	15	0	0	4	0	0	0	0	23	3	2	1	3	0	0	0	0	0	1	0	0	0	0	0	0	24	4	7	1	0	2	0	0	3	0	1	0	1	1	0	0	1	0	0	16	2	0	0	0	0	0	0	0	0	10	0	0	16	0	0	0	0	37	0	0	1	1	0	1	0	0	8	10	14	0	0	0	0	3	10	12	0	0	13	0	0	2	0	0	0	0	6	0	5	0	0	2	0	4	0	11	0	31	0	6	0	0	0	0	0	0	7	0	4	0	0	0	0	0	0	0	1	1	0	1	0	0	0	0	0	0	0	1	0	0	0	2	0	0	19	0	
0	9	0	0	0	0	9	0	0	0	0	0	1	0	2	0	9	0	0	1	0	2	0	16	4	9	16	1	0	27	0	0	0	0	0	0	5	0	0	0	0	0	30	0	0	0	5	0	0	5	6	7	0	0	0	1	0	7	1	0	0	0	0	10	0	0	3	0	0	1	0	0	0	0	0	2	0	0	0	3	0	2	2	0	0	0	7	0	1	7	0	0	0	0	0	11	0	0	3	0	3	0	0	0	0	0	0	1	0	0	3	0	2	0	0	3	1	0	1	0	0	4	0	0	0	0	16	0	0	1	0	0	0	0	0	0	0	0	0	6	0	1	0	0	0	0	0	0	0	0	0	0	2	0	0	0	0	0	2	0	0	1	8	0	0	0	0	0	0	0	0	0	2	0	0	0	0	0	2	0	0	0	0	0	0	0	0	0	14	0	0	0	0	0	0	0	0	6	3	0	
0	6	0	0	0	3	0	0	0	0	0	0	0	0	0	8	0	0	0	0	0	0	0	0	0	0	1	12	0	2	0	0	0	0	0	0	1	0	0	0	0	0	3	4	0	0	2	0	0	0	13	0	0	0	0	0	37	9	1	0	34	0	0	0	0	0	1	1	0	0	0	6	0	0	0	0	0	1	0	0	0	2	24	0	0	0	0	9	1	25	0	0	0	0	0	0	0	6	0	0	0	0	0	3	3	2	5	2	0	0	2	0	9	0	6	0	1	1	0	2	2	0	0	30	0	0	0	2	0	0	1	0	17	0	0	0	0	0	0	0	0	0	0	0	4	0	3	1	0	1	0	0	0	0	7	0	0	13	912	0	0	0	11	0	0	4	8	0	0	0	0	0	0	0	0	0	2	1	2	0	0	0	1	0	0	4	0	0	0	2	0	0	0	0	0	5	0	3	0	1	
4	0	0	0	0	0	0	0	0	0	0	0	2	0	0	0	1	0	1	0	1	0	8	0	0	0	3	0	0	3	0	0	50	0	0	1	0	0	0	22	1	0	0	0	0	0	0	1	0	0	0	36	0	2	0	4	0	0	1	4	0	0	6	1	0	0	1	0	0	16	0	0	1	0	0	0	1	0	1	0	2	1	7	0	0	0	0	0	0	0	0	0	0	0	1	0	0	11	6	1	0	0	0	0	6	0	0	7	0	0	3	11	25	0	0	16	1	0	0	4	0	3	0	0	1	1	0	5	5	0	1	0	0	0	0	0	0	0	0	7	0	0	0	0	1	0	0	0	0	0	0	0	0	0	0	1	0	0	2	7	7	0	1	0	0	0	0	5	0	0	0	0	0	3	1	0	0	0	0	0	0	1	0	4	4	0	1	1	0	0	0	0	0	0	0	0	0	11	0	0	
0	0	0	10	4	4	0	2	10	0	0	0	0	0	0	0	7	3	0	3	0	0	2	0	7	0	0	0	57	0	1	0	0	0	15	3	1	0	0	0	0	0	0	12	5	1	0	3	0	2	0	5	7	0	2	0	2	0	3	0	0	1	0	1	1	0	0	0	0	3	3	0	3	0	6	0	0	0	0	3	0	5	0	0	0	14	1	0	0	0	0	1	0	2	0	0	15	0	0	1	0	0	0	0	0	3	0	0	2	3	1	3	0	3	0	14	1	3	0	0	1	0	24	0	0	0	0	0	10	0	0	0	10	0	0	0	0	0	0	43	0	0	14	0	2	0	0	0	0	15	1	0	3	0	0	0	0	1	0	0	4	0	1	0	0	4	0	3	0	3	6	2	0	0	1	0	0	0	2	0	0	0	0	4	0	0	0	1	5	2	0	19	0	1	0	0	0	0	0	2	
0	8	0	0	1	2	0	3	0	2	0	9	0	0	0	0	1	0	100	13	0	0	3	0	0	0	0	9	0	0	0	0	22	1	0	16	0	17	0	4	0	1	2	0	0	720	2	3	0	0	0	12	0	7	0	0	0	0	1	4	0	0	0	0	0	18	0	0	0	0	0	0	3	0	0	3	0	1	0	0	0	2	0	1	0	9	0	0	0	0	0	5	0	0	0	4	0	1	0	0	0	0	0	0	6	0	2	0	0	1	25	0	0	2	0	3	9	2	1	1	0	0	0	0	0	0	0	4	14	9	2	0	0	2	8	0	2	0	0	0	0	0	0	0	0	0	0	0	2	1	0	0	0	25	25	0	0	0	15	0	0	0	0	2	0	0	0	2	2	0	0	0	6	0	0	0	0	1	0	0	0	0	0	0	0	0	0	0	0	0	0	0	0	0	6	1	0	0	0	0	
0	0	0	0	0	0	2	0	0	12	0	0	1	0	0	0	1	2	0	0	0	14	0	0	0	0	0	10	4	0	0	0	0	1527	0	0	0	0	0	0	0	3	0	0	0	1	0	0	0	0	0	4	6	0	0	0	0	0	0	0	0	0	0	0	12	0	38	5	0	1	0	0	0	0	0	0	1	0	2	1	0	0	0	6	1	0	19	14	0	2	1	0	4	0	0	0	0	0	0	0	0	0	0	0	3	0	0	0	0	3	0	0	0	1	0	0	0	0	0	0	0	0	1	0	0	10	0	0	3	2	0	0	0	1	16	0	0	0	0	0	2	0	0	0	0	0	0	0	0	0	0	2	0	0	0	0	1	4	2	2	0	3	3	0	0	0	4	14	1	0	0	1	1	0	0	0	10	2	0	0	2	0	0	0	0	26	0	1	0	0	0	0	1	0	0	4	0	3	8	4	
5	0	0	0	0	0	11	0	0	0	0	1	0	14	0	0	0	9	0	0	96	0	0	0	0	0	4	0	0	0	0	0	4	0	2	3	0	0	0	0	0	0	0	2	1	5	0	0	2	0	0	0	0	0	14	2	3	0	0	4	2	0	0	6	1	0	14	0	0	0	1	23	15	0	10	2	8	0	2	9	1	0	0	7	0	0	1	0	15	0	0	0	0	15	1	0	2	0	0	0	0	0	0	0	0	0	0	0	13	2	3	0	24	1	0	0	0	0	0	2	0	0	6	1	2	13	4	11	0	0	0	5	15	0	0	3	0	0	0	2	0	2	0	0	0	2	6	0	0	0	0	1	0	0	0	0	0	0	0	2	8	0	6	0	0	0	0	0	3	0	7	1	0	1	0	0	0	0	0	0	0	4	7	0	1	0	0	0	0	0	5	2	0	0	0	2	0	0	0	0	
0	2	13	5	0	0	0	0	0	0	2	1	0	3	0	0	1	0	0	0	0	0	0	3	4	0	0	0	3	0	0	0	0	0	2	0	1	0	0	0	0	0	0	0	0	0	0	0	0	2	0	0	10	0	4	0	6	0	0	0	0	4	0	0	36	0	0	0	0	0	0	0	1	0	0	0	0	1	0	0	0	0	3	4	0	0	0	0	0	0	0	0	0	2	0	4	0	0	0	0	0	0	0	9	0	0	0	0	0	0	0	1	0	0	0	0	0	0	0	36	0	0	0	14	0	3	0	0	0	2	0	0	0	0	1	0	0	0	0	0	0	0	2	0	0	0	0	0	0	2	0	1	3	0	0	0	0	0	0	0	0	2	1	0	0	1	1	0	0	0	0	0	0	15	0	0	18	0	0	0	1	5	0	0	0	0	0	0	0	0	0	2	0	0	0	0	0	0	0	0	
0	0	0	0	7	1	0	0	0	0	1	0	2	0	0	0	0	0	0	1	3	0	0	0	0	1	0	0	0	0	1	0	0	7	0	2	0	0	0	8	0	10	20	0	0	0	0	4	0	0	0	0	0	5	4	2	0	0	3	0	0	0	0	0	0	0	0	0	18	0	0	0	0	0	2	0	2	0	0	0	0	0	0	0	0	0	0	6	0	0	4	23	0	0	1	1	0	0	6	0	1	0	0	1	0	0	0	1	0	1	0	0	0	0	0	0	0	1	2	0	9	0	0	0	0	1	0	14	0	0	0	0	0	0	6	3	7	0	0	1	20	0	0	0	0	15	0	0	0	1	5	8	0	3	0	0	1	1	0	0	0	0	0	7	0	8	0	0	0	5	0	0	0	0	0	0	0	0	0	0	3	0	0	0	0	0	0	0	0	5	0	0	0	0	0	0	0	0	0	0	
0	0	5	2	0	4	0	0	0	0	0	0	5	0	1	0	0	0	0	0	1	0	1	0	0	0	0	0	0	5	0	0	2	0	0	6	0	1	1	26	0	0	0	0	1	0	10	0	0	0	6	0	0	0	0	0	0	4	0	0	0	0	1	0	0	3	0	0	0	0	13	0	0	0	0	0	16	0	2	0	3	2	0	23	0	0	0	5	0	0	0	0	0	1	0	0	0	0	0	0	0	26	0	1	0	2	0	0	0	0	1	0	3	0	8	0	0	12	0	0	0	0	1	0	0	2	0	0	0	0	0	2	3	2	1	7	0	0	0	0	0	0	0	0	0	1	0	0	0	13	0	6	0	17	0	0	1	1	0	0	0	0	17	1	1	0	0	0	0	0	0	0	0	0	0	0	0	0	0	0	0	0	0	0	4	1	0	0	0	0	0	2	0	0	0	0	3	0	0	0	
0	0	0	0	0	0	0	0	0	0	0	0	100	0	0	1	1	0	0	0	0	0	0	0	0	1	9	0	2	0	0	2	0	10	7	0	0	16	0	0	0	0	0	3	0	5	6	0	0	0	0	0	0	0	17	0	4	4	0	0	3	0	0	0	0	0	0	0	0	0	0	10	0	1	2	0	7	2	0	0	0	2	4	0	2	0	0	2	0	0	0	0	0	0	0	0	0	0	6	0	5	1	14	2	0	0	1	1	0	0	0	0	0	15	0	0	0	2	6	1097	0	10	2	10	0	0	0	0	0	0	23	0	10	4	11	0	0	0	0	0	0	0	1	0	3	0	0	0	0	0	0	0	5	0	0	0	0	0	5	1	0	0	3	0	0	1	0	13	0	2	1	0	0	0	0	0	0	0	0	0	0	0	12	0	0	0	0	0	0	4	0	0	1	0	0	0	0	4	0	0	
9	0	0	0	0	0	0	2	0	0	2	0	0	0	2	0	1	0	1	0	0	0	0	0	0	0	0	0	3	14	0	0	0	0	0	0	0	0	0	0	0	0	0	0	0	0	0	4	0	0	0	0	0	0	5	0	17	0	1	1	11	0	4	39	0	1	12	0	0	0	1	0	0	0	0	0	23	0	0	0	1	1	0	0	0	0	0	0	0	0	0	0	1	4	0	3	3	0	0	0	23	0	0	0	0	0	0	9	0	24	0	0	1	0	22	0	0	0	0	0	0	0	3	14	0	0	3	0	0	4	0	0	0	0	0	0	0	0	0	0	2	0	1	3	0	0	0	0	0	3	0	0	0	0	0	0	3	4	0	5	2	0	5	0	0	3	0	0	0	7	0	1	0	0	0	1	1	0	0	0	0	0	0	0	0	0	0	0	0	0	0	0	4	0	2	0	0	0	0	0	
0	0	8	0	0	0	0	0	11	0	1	1	0	0	13	0	0	0	0	63	0	0	0	1	0	9	0	0	0	2	0	0	1	3	4	9	1	0	0	2	0	1	0	0	0	0	37	0	0	0	6	0	0	3	0	1	0	6	0	0	0	0	0	0	1	0	0	1	3	0	0	0	0	2	7	0	2	0	0	0	0	0	0	0	5	2	0	0	0	0	1	0	0	0	4	5	0	0	0	0	7	0	0	4	1	1	1	2	0	3	1	0	0	0	0	0	0	0	0	1	0	1	0	1	0	0	0	0	0	0	0	0	0	0	0	0	3	0	6	0	2	0	2	0	0	1	5	0	1	0	0	0	0	0	0	0	0	0	0	0	0	0	0	0	0	0	0	0	0	0	0	0	1	0	0	0	0	0	0	0	1	0	0	0	0	0	0	0	0	0	0	0	0	0	0	0	0	1	0	0	
3	4	0	0	0	0	0	0	0	5	1	0	1	0	3	2	2	0	1	0	3	0	0	2	4	0	0	0	0	0	0	0	0	0	6	1	0	20	0	0	0	0	1	0	0	4	7	0	3	38	0	0	0	0	0	1	0	0	0	0	4	0	0	0	0	2	0	0	0	2	0	0	0	0	0	0	0	0	0	0	0	0	0	0	0	1	0	0	2	0	0	0	0	0	0	0	0	6	0	2	0	0	0	1	0	3	1	0	4	0	1	0	0	0	0	0	0	28	0	0	0	0	3	0	0	0	0	0	0	4	0	0	0	0	0	1	0	0	0	0	0	0	1	0	0	0	0	2	2	0	15	5	3	1	0	0	0	0	0	0	0	0	0	0	5	0	0	0	0	1	0	3	0	1	0	0	0	0	0	1	0	0	0	5	0	0	0	0	4	0	0	0	1	0	0	0	0	0	0	0	
0	13	0	0	0	0	0	1	0	0	0	0	0	0	0	0	0	0	0	0	0	0	13	0	0	0	12	0	1	0	0	0	1	0	6	0	3	2	0	5	0	4	0	0	0	1	8	2	0	0	0	4	0	0	5	0	0	0	1	0	0	0	2	0	0	0	0	0	3	1	1	0	0	0	0	0	0	4	0	1	0	0	0	1	0	0	0	0	10	6	0	0	0	0	1	0	0	0	0	0	2	0	0	0	0	0	0	0	1	9	0	0	0	0	4	2	6	0	0	0	0	0	0	0	2	0	3	0	1	8	0	0	0	2	0	0	0	0	0	0	0	0	0	0	1	0	4	0	12	1	0	8	11	0	3	0	0	0	5	0	8	3	0	0	8	1	4	0	0	0	0	1	0	0	0	0	0	0	0	0	0	0	0	0	0	0	1	5	0	0	0	0	0	0	0	6	0	0	0	0	
2	0	0	0	0	0	4	0	2	0	3	0	0	0	0	0	0	0	0	0	8	10	0	4	0	0	0	3	0	0	0	3	0	36	2	0	0	0	0	0	0	0	7	0	1	1	16	0	1	0	0	6	11	0	0	0	0	0	2	0	0	0	12	0	0	15	0	2	0	0	0	4	7	0	12	0	0	0	0	0	1	0	0	0	0	8	0	0	0	0	6	0	8	0	0	0	10	0	2	0	0	0	0	7	2	0	0	2	1	0	0	0	11	0	0	0	16	0	0	0	0	11	0	0	0	0	0	0	0	0	2	0	0	0	12	0	5	0	11	0	0	0	0	0	1	1	0	0	0	0	6	0	2	0	10	1	0	1	3	4	0	1	1	0	0	0	1	0	1	0	0	0	0	0	0	0	0	0	0	1	0	0	0	1	1	0	0	0	8	2	0	0	0	0	0	4	0	0	0	0	
0	1	0	0	0	0	0	0	0	0	16	2	3	0	0	4	0	6	2	0	0	0	0	0	0	0	1	0	6	0	0	0	0	0	0	0	0	0	1	10	0	0	0	0	0	0	0	3	0	2	0	0	0	0	0	1	12	0	0	0	0	0	0	0	0	0	0	0	0	2	1	2	1	0	4	0	0	0	0	0	4	1	6	0	0	2	2	0	0	2	0	0	0	0	0	0	0	1	0	0	0	0	0	0	0	0	0	0	1	0	37	0	2	17	0	0	0	1	0	0	0	0	5	0	1	0	0	10	0	0	6	1	1	44	0	0	0	0	1	1	0	0	0	3	13	0	0	4	0	0	0	5	0	0	7	1	0	0	0	0	0	0	0	0	0	0	0	0	2	4	1	0	0	0	0	0	0	0	7	0	0	0	4	0	0	0	0	4	0	9	0	0	2	0	5	1	0	0	0	0	
0	2	2	0	0	2	5	100	0	2	2	0	1	35	10	1	0	0	1	0	0	0	0	0	0	0	0	0	0	0	0	0	0	0	6	1	0	0	2	0	0	0	0	2	0	1	0	0	0	0	0	2	0	0	0	0	0	2	0	0	0	3	0	0	7	0	0	7	0	0	2	0	2	0	0	0	0	7	0	0	0	2	0	3	0	1	6	0	0	0	7	13	0	0	0	0	0	1	0	0	0	0	10	0	2	0	2	23	0	0	1	4	0	0	0	3	0	15	1	0	0	0	0	0	0	0	0	0	0	0	1	0	0	0	1	0	1	0	11	0	0	0	0	0	0	4	0	1	2	0	11	15	0	1	0	0	0	9	1	0	0	10	0	1	0	2	0	5	4	0	0	0	5	0	0	0	0	0	0	0	0	0	0	0	0	10	1	0	1	0	0	4	0	1	0	0	0	3	0	0	
0	0	100	0	0	0	0	0	2	7	0	1	6	55	0	0	0	0	0	0	1	7	0	5	205	0	0	0	0	0	0	0	0	0	0	7	0	0	0	0	15	9	0	0	0	0	0	0	0	1	1	0	0	0	0	0	1	0	6	0	0	0	0	16	9	0	0	0	0	0	0	8	6	0	6	0	0	0	0	8	0	0	0	6	8	0	6	0	0	0	1	0	6	0	0	0	1	0	0	0	0	0	0	23	0	6	0	0	0	1	0	0	0	0	10	0	0	1	0	0	16	18	0	0	0	1	2	0	0	0	0	5	0	1	0	0	0	0	0	3	0	0	0	13	0	0	0	0	0	0	0	0	0	0	9	3	24	0	4	1	2	2	0	0	0	0	0	0	12	0	0	0	0	0	5	0	0	0	0	0	0	0	0	0	0	1	0	3	0	0	0	0	0	4	2	0	0	0	0	0	
0	0	4	0	0	3	0	0	0	0	0	60	0	0	0	0	1	0	0	0	0	0	0	0	1	0	1	0	0	12	0	6	10	0	0	0	0	0	1	0	1	1	1	0	1	0	0	0	0	5	1	0	0	0	0	0	0	0	0	0	0	0	2	0	2	0	0	0	0	0	0	0	0	0	0	0	0	0	0	0	0	0	0	3	0	13	0	0	0	0	4	1	0	0	0	0	0	0	3	0	0	0	1	0	1	0	0	1	0	0	22	0	0	0	0	0	0	11	0	0	9	0	0	3	0	0	0	0	0	0	0	0	3	1	20	0	1	0	0	0	0	0	0	0	0	0	5	13	4	0	0	0	10	0	17	0	0	1	0	0	0	0	0	2	1	0	0	1	0	0	0	0	1	0	0	0	0	0	1	1	0	0	0	0	1	0	0	0	0	0	7	0	0	0	0	0	0	1	0	0	
0	3	0	1	0	0	0	0	6	0	3	2	0	0	9	0	1	0	0	0	0	3	1	2	0	0	0	0	0	0	0	8	1	0	0	0	0	1	0	0	1	0	0	6	0	0	0	0	0	0	1	1	36	0	0	0	0	0	16	3	0	6	12	0	0	0	2	0	0	0	0	0	0	1	22	0	1	0	0	0	0	0	1	0	0	0	3	0	0	4	0	1	0	0	2	0	2	0	0	0	8	0	0	0	0	0	1	6	14	0	0	0	0	22	0	3	0	0	0	0	0	0	6	0	0	1	2	0	1	4	0	0	0	3	1	0	0	1	0	0	0	0	4	0	0	0	0	0	0	8	7	0	0	0	1	0	0	0	0	0	0	0	2	0	0	1	0	0	0	0	4	10	1	0	0	0	0	0	0	0	4	4	0	3	0	0	0	1	0	0	2	0	0	0	0	0	0	0	0	0	
0	0	4	0	0	1	0	6	0	0	0	0	0	1	0	0	1	0	0	15	0	0	2	0	0	2	1	0	0	19	0	0	0	0	0	0	0	0	0	1	1	0	0	0	2	0	0	2	0	0	2	0	0	0	0	3	4	1	0	0	0	0	12	4	2	1	0	0	6	16	0	13	1	0	0	3	0	0	0	0	0	0	2	5	0	0	0	1	0	5	0	0	0	0	0	1	0	0	4	9	0	1	4	0	0	0	13	0	0	0	0	10	1	0	3	3	0	0	2	0	0	0	0	1	0	0	0	0	0	0	0	4	0	0	4	0	0	0	0	0	0	0	2	0	0	0	0	0	1	0	0	0	2	0	3	3	0	5	0	0	0	0	0	0	0	0	0	1	1	0	0	0	0	0	1	0	0	0	0	0	0	0	0	0	0	0	3	0	0	0	0	1	0	0	0	0	8	1	0	3	
0	4	29	19	0	0	16	0	0	3	0	0	0	0	0	0	1	0	0	0	0	0	3	2	16	0	1	0	0	0	0	1	1	12	0	1	0	13	33	2	2	0	0	0	10	0	0	21	8	11	0	2	3	1	0	0	1	0	0	0	0	19	0	13	0	0	0	0	2	6	0	0	1	8	0	0	0	0	0	0	0	113	0	0	0	0	0	0	5	0	0	7	0	0	0	0	42	0	6	0	0	0	0	0	0	0	0	0	0	0	1	11	0	0	0	1	2	9	2	3	0	0	0	0	0	0	0	1	0	0	0	0	0	3	0	0	2	0	12	6	0	3	1	7	1	0	1	0	0	2	0	0	4	2	1	0	0	1	4	3	0	0	0	0	0	0	2	4	0	0	1	0	0	1	2	0	11	0	0	0	0	0	0	5	0	72	0	0	0	0	0	0	0	0	0	0	0	0	7	0	
0	8	19	0	0	0	6	0	3	1	0	0	0	5	0	1	0	12	0	1	3	0	0	0	0	0	4	12	0	0	0	1	0	0	0	0	13	6	0	0	6	0	6	2	7	0	4	1	0	1	3	0	3	0	0	0	0	0	0	0	0	0	7	0	0	0	0	0	0	11	0	6	0	3	0	1	0	1	0	0	1	0	0	0	0	0	2	0	1	0	1	1	0	0	0	0	0	0	12	0	0	0	0	0	0	0	2	0	0	1	17	33	0	0	3	0	0	0	1	0	0	7	0	0	0	0	0	0	0	0	0	4	0	5	0	1	0	0	0	3	12	0	5	2	0	0	0	0	0	7	0	0	0	0	0	0	0	0	1	0	0	1	0	0	2	0	0	0	0	3	0	0	0	2	0	1	1	0	0	0	0	0	0	0	0	0	0	0	0	0	0	0	5	0	0	0	0	0	0	0	
1	0	0	0	0	0	4	2	0	0	0	0	1	0	3	23	0	0	0	0	0	0	0	0	0	0	0	0	1	0	0	0	0	16	0	8	0	0	0	0	0	7	0	0	0	0	0	0	0	3	4	0	2	3	2	0	0	0	0	0	0	0	0	3	1	1	0	1	0	1	0	0	0	6	0	3	0	0	0	0	0	7	4	0	0	0	0	5	11	1	0	1	0	4	0	0	0	0	5	11	9	23	1	0	0	0	0	0	8	0	0	0	0	2	1	3	0	5	3	0	0	2	0	0	0	0	2	0	0	4	0	0	1	10	1	0	4	12	11	0	1	15	0	0	0	0	0	0	13	0	0	0	0	7	0	0	0	1	0	0	0	2	0	0	0	0	0	0	0	10	6	0	0	0	0	0	0	0	6	0	0	0	0	0	0	1	1	8	0	0	0	1	0	0	0	0	0	0	0	0	
8	0	0	0	0	1	0	0	0	0	0	0	0	0	0	0	0	3	5	0	0	40	10	2	0	1	0	8	0	0	0	3	0	0	0	0	0	0	0	19	0	0	0	0	0	0	1	0	1	0	0	0	0	0	0	2	0	1	0	0	1	5	2	1	0	0	6	0	0	0	12	0	0	0	6	0	0	0	0	0	0	0	14	0	0	0	0	0	0	3	0	0	0	1	0	0	1	0	4	3	0	0	0	0	0	1	0	0	0	0	0	9	0	0	0	0	0	0	1	0	0	0	1	0	0	0	1	0	0	5	0	0	0	12	0	0	0	0	13	0	0	0	0	0	5	13	1	0	0	2	0	0	8	0	0	2	0	0	0	0	0	1	0	0	0	0	0	0	1	0	0	0	0	0	0	0	0	1	3	0	0	0	0	0	0	2	0	2	2	0	2	0	1	4	0	0	0	0	0	0	
2	0	3	5	3	0	6	0	1	0	0	4	2	0	0	0	1	5	0	1	0	1	1	0	6	0	7	0	2	11	3	0	0	11	0	0	0	0	0	14	0	31	2	0	39	1	2	0	0	0	0	0	0	0	2	0	0	0	3	1	2	0	0	0	0	1	1	5	0	2	0	0	0	0	0	0	4	0	0	0	0	0	1	0	0	7	0	1	5	0	1	0	0	0	1	0	0	0	4	0	0	0	0	0	0	0	0	0	0	0	0	0	0	0	0	0	0	2	0	0	0	0	0	0	1	11	4	0	19	0	0	0	0	0	0	0	0	0	0	5	0	4	0	0	1	8	3	2	0	0	1	0	0	0	1	0	0	0	0	0	0	1	1	0	0	0	0	0	0	0	0	0	7	0	0	1	0	0	0	0	3	3	0	1	0	5	0	0	0	0	0	0	0	0	1	0	0	0	1	5	
0	0	0	0	0	0	0	1	1	0	1	3	0	5	0	0	0	0	0	0	10	0	0	0	5	0	0	0	0	0	0	0	0	0	0	0	6	1	2	0	8	0	0	5	0	0	10	0	0	0	6	0	16	0	1	0	0	8	0	0	0	1	0	0	0	0	1	0	0	4	7	12	0	0	0	2	1	4	0	0	0	0	0	0	0	1	0	1	4	0	2	0	0	0	0	4	0	0	0	0	4	0	0	12	12	4	0	2	0	0	0	0	17	10	0	0	0	0	0	0	0	0	0	0	13	0	0	3	0	0	0	0	0	0	0	0	0	0	0	0	4	0	0	0	7	0	0	0	0	0	0	1	0	0	5	0	1	0	0	0	3	5	0	0	0	0	0	0	1	7	0	0	0	2	0	0	0	0	0	7	0	0	0	0	0	1	0	0	2	0	0	0	1	0	0	0	0	1	0	0	
0	0	0	1	0	0	0	3	1	0	0	0	0	0	2	0	0	1	0	0	0	1	0	0	0	12	4	0	1	9	2	0	0	0	2	0	0	7	2	0	0	0	0	0	0	0	0	0	0	0	12	0	16	0	16	0	0	0	0	0	0	1	28	1	0	0	0	0	0	0	0	0	0	1	0	0	0	0	1	0	0	0	1	0	0	10	3	0	1	1	0	23	0	0	6	0	0	23	7	0	0	21	0	0	0	0	0	0	15	0	0	2	2	0	1	0	0	1	0	0	4	0	0	0	0	0	0	0	0	0	0	3	0	0	0	0	0	1	0	0	0	0	0	0	0	1	0	0	1	0	0	0	0	3	0	0	1	0	2	0	0	0	0	0	0	0	0	2	0	2	0	0	0	1	0	0	0	0	0	2	0	0	1	0	0	0	0	0	0	1	0	0	0	0	0	0	0	0	0	2	
0	0	0	0	1	2	0	0	0	0	14	0	0	0	0	0	0	0	0	34	0	0	0	2	0	0	8	0	11	3	0	0	0	0	0	0	0	0	0	1	0	0	3	0	0	7	35	0	9	16	0	0	0	0	0	0	0	0	10	0	0	5	0	0	0	0	0	0	0	0	15	0	0	0	0	0	0	0	0	0	2	0	0	0	0	0	10	0	2	0	5	0	0	0	0	0	0	4	9	3	0	0	6	9	0	0	0	0	0	0	0	5	0	0	0	0	0	0	5	5	1	2	0	0	0	21	1	0	5	0	0	5	0	0	0	1	0	11	1	13	3	0	4	0	1	2	0	2	2	0	0	1	10	4	0	0	0	2	0	0	0	0	0	0	0	0	0	0	5	0	0	0	0	0	0	0	0	0	0	0	1	3	11	0	1	0	0	0	8	2	0	4	0	0	0	0	0	2	0	0	
0	53	0	0	0	0	1	9	2	0	0	0	0	11	28	0	2	0	0	0	0	0	0	0	0	8	0	14	0	1	5	0	4	0	0	0	0	0	2	0	0	3	8	0	0	0	0	0	0	0	0	4	0	0	0	9	0	1	2	7	8	0	1	0	0	0	4	0	8	0	0	0	6	0	0	0	0	0	0	0	2	13	1	10	0	26	0	0	1	0	37	0	1	7	0	0	5	0	0	3	0	0	4	1	16	0	0	0	0	24	1	0	0	0	0	25	0	0	1	4	0	2	1	0	0	1	30	0	0	5	0	0	0	2	0	0	0	25	11	0	0	0	1	0	16	8	1	0	0	0	0	1	0	0	0	0	0	6	0	0	0	0	0	0	0	6	0	0	0	0	0	1	0	2	0	0	0	0	0	0	0	0	0	0	0	0	6	0	1	0	7	0	0	5	0	2	16	0	50	0	
0	0	0	16	1	1	0	0	0	0	0	0	0	1	4	0	0	0	0	0	2	1	17	0	8	0	0	0	0	4	0	0	0	1	0	0	0	2	0	0	0	2	2	0	3	0	0	2	0	0	0	1	3	0	1	19	22	0	0	7	0	0	0	0	0	1	1	3	3	0	0	12	0	0	0	0	0	7	4	0	0	0	2	3	0	32	0	0	0	0	3	0	0	0	0	1	0	0	0	3	7	1	0	0	0	10	0	0	1	0	0	0	9	0	0	1	0	0	0	0	0	0	0	0	0	0	0	7	0	0	0	1	12	0	0	0	0	5	0	0	0	0	0	1	0	2	3	0	0	0	0	0	0	1	0	0	0	0	1	0	4	0	0	0	0	0	0	0	0	0	0	0	0	8	0	3	0	0	0	0	0	0	0	0	0	0	0	4	1	0	0	4	0	0	0	0	0	0	0	0	
0	0	0	1	9	0	0	0	2	0	5	0	0	0	9	0	0	0	0	0	66	4	0	0	0	0	0	0	0	4	0	0	0	0	0	0	0	0	11	0	0	0	0	0	2	0	0	2	3	0	0	0	1	0	23	0	0	0	0	0	1	0	0	1	0	0	0	0	4	0	0	0	0	0	0	0	0	0	0	0	11	26	0	0	1	0	3	0	3	0	0	0	7	22	11	0	0	5	0	0	0	2	0	0	0	0	0	0	16	0	0	0	17	1	2	0	0	0	2	1	0	0	0	0	0	4	5	0	12	0	1	0	1	0	0	9	2	0	1	0	7	0	0	0	0	0	2	2	0	0	1	0	15	0	0	2	3	0	0	0	3	0	24	0	0	3	0	1	0	0	3	1	4	0	1	2	4	0	0	0	0	4	9	0	0	0	0	0	0	0	0	0	0	0	0	0	3	0	0	0	
0	0	0	1	2	2	1	0	3	0	0	0	10	0	0	0	0	0	5	8	29	3	0	0	5	4	0	5	5	0	3	32	18	1	0	1	0	0	4	11	1	0	1	0	2	3	3	1	0	0	1	0	0	0	0	0	0	5	0	0	10	0	15	0	0	0	0	0	0	0	3	0	0	0	0	3	1	4	5	0	0	0	0	0	0	0	0	0	0	3	0	0	0	0	0	0	6	8	0	0	0	0	0	9	0	0	4	0	0	0	1	0	19	0	0	0	1	4	0	2	0	0	0	0	3	1	0	0	1	0	8	0	7	0	0	0	0	0	0	2	0	0	0	2	0	0	0	0	0	0	0	0	0	0	0	0	0	1	0	0	0	0	0	0	0	1	0	0	0	5	0	0	0	0	0	0	2	0	0	0	0	0	3	0	1	0	0	0	0	2	0	0	0	0	57	1	0	2	0	0	
7	0	0	11	10	0	0	0	4	0	0	3	3	0	0	0	8	0	36	0	0	0	8	1	0	0	0	9	0	0	0	0	0	13	14	0	0	0	0	4	23	0	0	0	0	0	0	0	0	19	0	0	0	0	5	0	0	12	0	0	0	24	2	0	0	6	0	0	0	0	3	0	11	0	2	0	0	0	1	1	0	1	0	0	1	2	0	0	0	0	0	0	0	0	1	0	0	0	0	2	0	0	0	9	0	0	0	0	0	1	0	0	0	0	0	0	0	0	0	0	0	0	0	0	0	0	0	2	0	0	0	0	2	1	6	0	1	1	0	0	0	2	1	0	0	0	0	4	0	0	10	0	2	0	0	0	3	0	0	0	4	0	0	0	0	0	0	0	0	1	0	0	0	0	1	0	0	4	0	14	0	0	0	0	0	0	0	0	0	0	0	0	0	0	0	6	0	0	11	1	
1	0	0	0	0	2	0	0	1	4	0	0	0	0	1	0	8	0	0	2	0	10	0	2	10	0	0	0	0	0	0	0	35	1	0	0	2	0	1	0	0	0	0	0	3	2	0	4	5	3	0	0	0	0	19	0	0	0	0	0	0	0	6	7	0	2	0	0	0	0	0	0	2	1	0	4	0	0	1	0	0	16	3	0	10	0	0	0	18	0	0	20	1	17	3	1	1	0	4	0	0	0	0	0	0	0	0	0	2	0	0	4	1	0	2	0	0	0	0	0	0	0	1	1	0	0	0	0	8	0	0	0	0	0	0	0	4	1	0	0	0	4	0	0	0	0	0	0	1	0	3	1	0	0	0	0	1	0	0	0	0	0	0	0	5	0	0	0	0	5	0	0	14	0	0	0	0	0	1	1	0	0	1	0	0	0	0	0	0	0	0	1	2	0	0	0	1	0	3	1	
0	0	1	4	0	0	0	0	0	5	0	18	0	9	9	0	0	0	0	8	1	1	0	0	0	11	0	0	0	0	0	0	0	0	0	0	0	0	24	0	0	0	0	1	0	0	1	0	0	0	2	0	0	3	0	1	1	0	0	0	6	0	0	0	0	0	0	3	0	0	0	0	1	22	0	0	0	0	0	9	0	0	0	0	0	0	0	16	2	0	0	0	6	0	3	0	0	0	0	0	0	10	11	1	0	4	2	0	0	0	0	5	0	0	0	0	0	0	0	0	0	0	0	2	24	0	13	0	0	0	1	0	1	0	0	0	1	0	0	2	0	1	0	0	13	2	4	0	0	13	1	1	0	1	0	0	0	0	0	0	0	0	0	0	0	0	0	0	4	0	0	3	4	0	0	2	0	10	4	0	0	0	9	2	1	0	0	1	0	0	0	0	0	0	2	0	0	9	0	0	
4	0	1	1	3	0	16	0	0	0	0	1	0	0	6	0	6	0	0	0	0	10	0	0	0	6	4	0	0	0	0	4	3	0	1	0	0	0	0	4	0	0	0	2	0	0	1	0	0	1	9	0	0	0	0	0	2	1	0	0	1	5	0	0	0	3	0	0	0	2	0	12	0	0	0	0	0	0	0	0	0	0	0	0	0	0	0	0	0	0	0	0	0	1	0	6	0	0	0	0	0	0	0	0	1	0	1	25	10	0	0	0	0	0	0	11	0	0	0	0	0	7	1	0	4	3	8	0	4	18	0	0	0	0	0	0	0	0	4	0	0	0	0	0	0	0	0	0	4	0	0	0	0	0	0	2	0	1	0	2	0	0	0	0	0	0	0	5	1	0	0	8	0	0	0	0	0	1	0	5	1	0	2	3	0	3	0	0	0	0	5	0	0	0	0	1	1	3	1	0	
0	0	0	0	0	0	0	0	0	0	0	0	2	2	0	0	0	0	0	0	0	5	0	1	0	0	0	0	3	4	3	22	5	0	0	0	0	4	0	0	0	0	0	0	0	4	2	0	0	0	14	0	0	0	1	0	2	0	0	0	0	1	3	2	5	0	0	0	0	0	1	1	4	11	5	0	10	0	0	0	0	1	1	5	0	0	0	5	6	0	0	2	12	3	1	0	0	2	0	0	0	0	1	0	2	9	0	0	0	0	0	0	0	0	0	0	0	0	1	0	0	0	0	0	0	0	0	0	0	0	0	0	0	0	0	0	3	0	0	0	0	0	0	0	1	1	0	1	0	0	0	0	0	0	3	0	0	0	0	0	0	0	0	0	0	0	1	0	2	0	0	0	0	0	0	0	0	4	0	0	1	0	4	0	0	0	1	0	0	1	0	1	0	0	0	2	0	0	0	0	
205	5	0	0	0	0	0	0	0	0	0	5	0	0	0	0	0	0	0	0	0	1	0	3	3	2	0	0	0	0	1	0	0	1	0	0	20	0	0	6	0	0	1	10	0	0	0	0	0	0	0	0	0	6	1	1	0	0	0	0	1	0	0	0	0	0	0	1	4	1	0	0	0	1	0	0	0	0	0	0	0	0	11	5	0	0	0	0	8	5	3	1	0	1	3	0	0	1	0	0	0	1	0	1	0	0	0	2	0	0	0	0	0	0	0	0	8	0	1	0	0	0	0	1	0	4	0	0	3	0	0	0	0	0	0	0	24	0	0	0	0	0	0	1	2	0	0	0	0	0	0	0	1	0	0	0	0	1	0	0	0	0	11	0	0	0	0	1	9	0	0	0	2	2	0	0	0	0	0	0	0	4	0	0	5	0	5	0	0	1	0	0	0	5	4	3	3	7	0	0	
1	1	0	6	0	0	0	0	0	0	0	0	3	0	0	0	0	0	0	0	1	0	0	0	0	0	0	0	0	0	0	0	1	2	9	0	0	0	0	0	1	0	2	1	0	0	16	0	0	0	3	0	0	0	0	0	0	0	0	3	0	0	0	0	0	0	0	0	3	10	4	0	0	0	0	0	1	0	0	6	0	9	0	0	0	0	3	1	0	5	0	0	0	3	0	10	2	0	1	0	10	0	0	4	0	0	0	0	0	0	1	1	0	0	1	0	0	0	0	0	1	0	0	0	0	3	0	0	0	0	0	0	0	0	0	0	0	0	0	0	0	0	0	0	0	5	1	2	0	0	4	0	0	0	19	0	5	0	0	0	0	0	0	0	8	0	0	2	0	0	0	1	0	0	0	0	0	0	0	0	0	0	2	0	18	0	0	0	0	0	0	0	0	5	1	0	0	0	10	0	
3	0	3	0	1	0	0	0	6	0	0	38	0	0	0	0	8	1	0	10	0	0	1	0	0	39	3	0	0	0	0	4	0	0	0	0	0	0	0	0	4	1	3	5	0	2	0	0	0	0	2	0	0	0	0	0	0	0	0	0	0	0	1	0	6	0	0	0	1	3	0	0	0	0	0	0	6	0	0	0	0	3	7	0	3	2	12	7	0	1	0	0	3	0	2	9	3	0	0	6	0	3	0	0	1	0	0	6	0	1	0	0	0	2	0	0	0	0	0	0	0	13	0	1	0	5	3	0	0	2	18	1	0	0	2	1	1	0	4	0	1	0	0	0	1	2	0	0	0	5	1	0	0	0	12	0	0	0	0	0	0	1	0	9	0	0	0	0	0	0	0	0	0	0	0	0	0	1	10	0	1	0	13	0	7	0	7	0	0	1	0	5	53	0	0	0	0	0	3	2	
0	0	5	0	0	0	0	0	0	0	0	29	0	0	0	0	8	0	0	4	0	0	10	13	4	1	0	4	0	0	2	1	0	1	0	0	4	3	0	0	1	0	0	0	2	5	2	0	0	0	0	0	0	0	0	3	0	0	0	0	0	0	0	0	0	1	0	0	0	0	1	0	0	0	1	1	27	0	2	0	0	0	0	0	0	0	0	3	16	0	0	0	1	0	0	12	0	0	1	0	0	0	0	7	2	0	0	0	0	0	8	1	0	0	13	0	44	0	0	0	12	0	1	0	0	8	7	0	0	0	0	1	0	0	0	0	0	0	0	0	0	6	0	0	5	0	5	1	0	0	0	1	0	0	0	0	0	0	0	0	0	0	0	6	0	0	0	12	0	0	0	3	3	0	0	0	1	0	0	0	1	0	0	0	0	0	0	0	1	0	0	9	87	0	0	0	0	3	0	0	
12	7	7	0	0	0	4	0	0	0	7	11	4	1	0	4	5	0	0	0	22	0	0	8	0	0	0	0	0	11	0	0	0	1	2	0	0	0	0	0	2	1	2	0	1	0	0	0	0	0	0	0	2	0	0	0	0	0	0	0	0	0	3	0	0	0	0	0	0	0	1	2	1	1	0	0	0	0	0	3	0	0	0	4	2	0	2	13	0	0	1	0	0	4	0	1	0	0	25	0	0	0	0	1	0	0	0	44	8	0	0	0	11	4	0	0	1	1	0	0	0	3	0	0	0	0	1	0	5	0	0	0	2	4	0	0	0	0	0	0	0	18	0	0	0	0	0	1	0	0	0	0	0	0	0	0	0	0	0	8	12	0	0	2	8	0	10	1	0	0	0	0	1	0	0	0	1	0	0	0	0	0	0	25	2	0	1	1	4	0	0	0	0	0	1	0	0	0	0	0	
1	0	0	6	0	0	0	1	0	0	3	0	35	0	0	0	0	5	18	1	2	0	0	0	27	14	0	0	11	0	0	0	1	0	0	0	0	0	0	0	0	0	0	1	1	0	6	8	0	1	0	0	0	0	0	0	0	0	0	0	0	0	0	0	0	4	0	0	0	14	1	0	3	0	1	0	0	0	0	0	0	0	0	0	13	0	4	0	0	9	0	0	0	3	9	1	0	1	0	1	0	4	0	0	1	5	0	13	2	0	11	0	0	0	1	5	0	0	0	0	1	0	0	0	13	0	0	0	0	0	0	0	0	0	0	0	0	0	0	0	4	3	0	0	0	0	0	0	0	0	0	0	1	0	4	0	1	0	1	0	0	0	0	0	0	0	0	2	0	0	0	0	1	0	0	2	0	0	0	0	1	0	0	0	18	24	0	0	0	0	0	0	3	0	0	1	0	1	0	0	
0	0	15	3	1	0	0	0	0	0	0	5	0	0	0	0	0	0	0	3	0	0	0	0	2	0	2	0	0	0	0	0	1	0	0	0	2	2	0	2	0	0	5	1	1	0	0	1	7	7	6	0	0	0	0	0	0	0	0	0	0	1	0	0	0	0	0	0	0	3	0	0	1	0	0	0	0	0	0	0	7	11	0	0	0	0	13	6	9	7	0	0	0	0	3	0	3	3	1	1	2	2	2	0	1	11	0	0	0	0	0	0	0	0	0	1	0	0	4	20	1	0	0	0	4	0	0	0	0	4	0	0	0	0	0	0	0	0	0	0	0	0	0	0	0	5	0	0	0	0	1	0	0	0	0	0	0	0	0	0	0	0	0	0	0	0	0	0	0	0	0	0	0	0	2	0	0	0	0	0	1	8	0	2	0	0	6	0	0	0	206	11	13	0	0	0	0	0	0	0	
0	1	0	25	0	8	38	0	0	0	0	0	0	0	38	0	0	0	0	0	0	0	0	0	10	0	0	1	18	13	1	0	0	0	0	1	0	0	3	0	8	0	0	6	0	19	0	5	20	0	0	3	0	0	0	0	0	0	0	3	0	0	3	0	1	0	0	0	1	0	0	0	16	0	3	0	3	7	2	0	1	0	0	0	0	0	0	0	0	0	1	0	0	0	0	0	0	0	0	1	13	0	2	0	0	0	0	2	0	0	4	0	0	0	0	0	0	4	0	3	0	0	0	0	0	0	2	0	1	1	0	0	1	0	0	0	0	1	0	0	0	5	0	4	0	0	0	0	0	0	0	0	0	0	0	0	0	5	0	0	0	0	0	1	0	0	0	0	1	0	0	2	0	0	0	0	0	0	0	0	7	0	0	0	0	2	0	3	0	0	0	0	91	0	1	0	0	0	0	6	
0	4	0	0	0	0	4	4	9	0	0	0	0	0	0	1	0	3	0	0	2	2	0	0	2	5	0	0	0	0	0	0	0	0	0	0	0	0	16	0	2	0	0	0	0	1	0	0	8	20	0	0	15	1	0	0	0	12	0	0	0	1	12	0	0	0	0	0	0	0	0	0	0	0	0	0	0	0	0	0	4	0	3	0	0	1	0	0	3	10	0	0	10	3	19	6	15	0	10	1	0	0	0	0	1	1	0	0	0	0	2	0	0	0	0	3	1	0	0	0	2	1	0	0	0	0	1	2	0	0	0	0	0	0	0	0	2	0	0	0	0	19	0	5	0	19	1	4	0	0	0	0	0	0	0	0	4	0	4	0	0	0	2	1	0	0	0	0	0	0	0	0	0	0	0	1	0	0	2	2	0	0	0	0	21	5	0	0	0	0	3	15	0	1	0	0	0	0	1	0	
0	2	0	0	0	0	0	1	0	0	0	4	0	0	0	0	1	0	0	0	7	0	0	13	0	0	2	0	0	1	0	1	0	0	0	1	0	0	0	1	0	0	3	0	5	0	0	1	0	0	0	0	0	1	1	0	0	0	0	1	0	0	4	0	1	2	0	2	0	0	0	0	0	0	3	1	0	0	3	0	0	0	0	12	0	0	0	0	0	0	0	6	0	1	19	0	2	0	5	0	4	0	0	0	0	2	0	0	0	0	0	7	0	0	5	0	8	0	2	0	1	0	0	0	0	0	0	0	1	0	0	0	2	0	4	0	0	0	0	0	0	0	0	0	1	0	0	0	0	0	2	0	0	1	2	0	0	0	0	0	0	0	0	0	0	1	0	2	0	0	0	0	0	0	0	0	0	0	0	0	0	0	0	1	0	0	0	0	2	4	0	0	0	0	4	0	0	0	52	0	
0	1	0	0	0	1	0	0	0	8	0	0	4	0	0	0	0	0	0	0	0	0	3	9	0	0	4	0	0	0	0	0	0	3	0	0	2	0	2	0	0	3	1	20	20	0	0	0	0	0	2	0	0	0	0	2	0	0	1	4	0	0	0	0	0	1	0	0	0	2	0	0	29	7	0	0	18	0	0	0	0	2	0	0	2	1	0	4	3	0	4	0	3	0	0	0	0	0	0	0	6	0	2	0	0	0	0	0	0	0	0	0	0	0	3	0	2	19	0	0	0	0	0	0	0	0	0	0	1	0	0	0	0	4	0	0	2	0	1	0	0	0	0	0	4	0	0	0	0	1	0	0	0	0	0	0	0	0	9	0	0	1	0	0	0	0	0	0	0	0	0	0	0	0	0	0	0	0	0	3	0	0	1	1	2	0	0	34	0	5	1	3	0	0	0	0	11	0	0	3	
1	1	0	0	0	0	1	0	0	12	6	0	0	3	14	0	1	0	2	0	0	13	0	0	0	0	0	11	0	1	2	8	0	2	0	6	0	0	0	0	0	0	0	0	24	0	0	0	1	0	0	1	14	0	0	0	0	1	0	0	0	0	0	0	0	0	0	0	0	0	0	3	1	0	0	1	0	0	4	0	0	42	0	0	0	0	0	2	0	0	3	0	1	2	1	0	3	0	0	0	1	0	0	0	0	0	0	0	2	1	0	0	0	0	1	0	1	0	0	0	1	0	0	0	7	0	0	0	0	0	0	1	0	0	0	0	2	0	0	0	0	0	0	0	0	0	0	0	0	0	0	0	1	0	0	0	0	0	1	0	0	0	0	0	3	0	0	2	0	2	5	0	1	0	0	0	1	0	0	0	0	0	0	0	5	0	0	1	0	9	1	0	0	0	0	0	0	0	0	0	
1	2	0	3	0	0	0	0	0	0	0	0	13	0	0	0	2	0	0	9	0	0	1	1	0	0	1	0	0	0	0	0	0	10	0	2	0	22	1	1	0	0	0	0	0	0	0	0	0	7	9	0	0	0	0	0	0	0	0	1	1	0	0	0	0	0	17	0	16	7	0	0	0	0	0	1	0	0	0	1	0	0	0	0	0	0	0	0	4	0	0	0	2	0	4	0	6	0	0	0	0	0	0	0	0	0	4	1	0	0	0	0	25	6	1	0	0	0	5	1	0	0	0	2	0	0	2	0	0	0	0	0	2	0	0	0	0	0	0	0	0	0	13	0	0	0	4	0	0	0	0	0	0	0	11	0	6	0	0	2	0	0	3	11	0	0	0	0	0	0	0	0	2	0	0	0	0	1	1	1	0	0	0	0	0	1	1	5	0	0	0	0	12	0	0	1	0	0	3	0	
0	0	860	0	1	0	0	0	0	7	0	0	5	0	0	0	0	0	0	2	0	1	0	0	2	0	0	0	1	5	0	0	0	2	0	0	0	15	0	0	0	0	0	0	0	0	0	0	1	0	0	2	0	0	0	2	1	0	0	0	0	1	0	1	2	0	3	0	0	0	0	0	2	11	0	0	3	0	0	0	0	0	0	0	15	0	0	0	0	0	0	0	0	0	2	0	0	0	0	0	0	3	0	7	2	0	0	2	0	0	0	0	0	0	0	0	0	7	0	4	0	3	10	1	0	6	0	0	0	1	0	0	0	3	0	4	3	4	0	3	0	0	4	0	0	0	0	0	5	0	0	6	0	6	0	0	0	0	0	0	0	0	0	0	4	0	0	0	2	0	0	0	0	0	0	0	0	0	0	1	0	0	1	0	5	0	1	0	0	1	1	1	0	0	3	4	3	0	0	0	
0	13	0	0	0	0	0	0	0	0	3	0	3	0	3	0	0	0	2	3	8	0	0	0	0	0	0	0	0	0	18	6	0	0	0	0	0	1	0	1	0	0	0	13	1	3	7	0	0	0	0	3	0	0	3	0	1	0	0	0	2	0	0	0	2	0	2	1	0	0	0	0	0	2	0	0	11	0	0	0	0	0	2	1	3	0	2	0	0	0	0	0	7	0	1	1	8	0	7	0	0	1	0	0	0	0	9	1	3	0	0	3	0	0	0	9	2	15	0	0	1	0	0	1	0	0	0	0	0	1	2	2	0	4	1	0	0	0	3	0	0	0	1	0	0	0	0	0	0	0	6	1	0	0	0	0	0	0	0	4	0	4	1	0	1	0	0	0	0	0	0	0	0	0	3	0	0	0	0	0	0	0	0	0	3	0	0	0	5	9	0	0	0	0	0	0	0	0	0	0	
19	0	0	0	1	0	1	0	0	0	0	0	0	0	3	1	0	0	0	0	0	0	1	0	25	14	0	1	0	0	0	0	3	0	5	0	0	0	0	0	0	0	6	0	6	0	0	0	0	1	0	0	0	0	0	0	0	0	0	0	0	0	0	1	0	0	6	4	0	0	0	0	1	0	23	1	0	0	0	8	0	1	3	0	9	0	1	18	0	0	3	5	8	0	1	1	0	0	2	7	14	1	0	0	0	0	0	4	0	3	0	0	0	17	0	0	4	0	0	0	3	24	0	0	0	0	0	4	0	0	0	0	0	1	0	0	0	16	0	0	0	0	0	0	0	4	0	0	0	0	0	0	8	0	0	0	0	3	0	2	0	0	0	10	2	6	0	1	0	0	0	0	0	0	1	5	0	0	0	1	1	0	0	0	0	0	0	2	5	0	0	0	2	0	15	0	0	0	0	0	
0	0	4	9	0	1	0	0	0	0	1	0	0	0	0	2	0	1	0	3	0	0	0	0	0	0	0	3	1	0	0	0	0	4	0	0	0	0	0	0	24	0	0	3	1	2	0	0	0	0	13	0	0	0	0	0	0	0	0	21	2	0	3	0	0	0	0	1	0	0	0	0	0	0	2	0	0	0	2	0	8	0	3	1	0	1	0	0	0	0	0	0	2	0	0	0	1	0	0	0	0	5	1	0	0	0	0	15	0	0	0	2	0	0	12	0	0	8	1	0	0	1	4	0	1	5	0	0	0	0	0	13	4	1	1	3	3	0	0	0	7	0	6	0	1	0	0	0	0	0	0	2	0	0	0	0	0	0	0	0	2	0	0	1	0	0	0	6	2	0	0	0	0	0	0	0	2	7	1	0	0	0	2	1	0	0	0	0	2	0	0	0	3	1	0	0	0	1	0	10	
0	0	0	4	0	5	0	0	0	0	11	7	6	0	1	0	0	0	0	0	0	0	7	2	0	0	0	1	0	0	0	0	2	0	5	5	0	0	0	0	0	1	0	3	0	0	0	2	0	0	4	0	0	0	1	0	0	0	0	0	42	0	3	0	3	0	0	0	0	0	0	0	23	0	0	2	0	0	8	0	0	0	1	0	1	0	1	1	1	0	0	0	0	0	0	0	39	7	0	0	0	0	0	0	22	0	0	0	0	0	0	5	0	14	0	0	0	0	0	0	1	0	0	0	2	0	0	0	0	0	0	0	0	0	0	0	3	0	0	0	0	4	0	6	0	0	0	0	12	0	0	0	0	0	0	0	0	0	0	0	0	0	0	0	0	1	0	0	0	0	1	0	0	0	0	0	0	0	0	0	0	1	0	1	1	0	1	0	0	0	0	0	0	0	0	0	0	0	0	0	
9	0	0	0	0	0	10	1	0	0	0	0	0	0	0	0	479	1	0	3	0	0	0	0	0	0	3	8	0	0	0	0	0	0	0	0	0	0	0	1	0	0	0	1	0	8	4	0	18	0	0	0	0	14	0	0	0	0	0	7	5	0	0	0	6	0	0	0	0	0	0	0	0	0	5	0	0	29	0	0	4	3	6	0	0	3	0	16	0	0	0	0	12	4	1	2	0	0	0	0	0	0	0	0	1	13	0	0	0	0	1	0	0	0	0	0	0	0	4	0	0	0	0	0	0	0	3	0	0	0	0	0	2	0	0	0	5	1	0	0	0	0	9	0	0	0	9	0	2	0	0	2	0	3	1	0	0	0	0	2	0	0	6	5	1	1	0	0	6	0	1	0	3	0	0	10	1	0	0	1	1	7	0	0	0	0	0	0	2	0	37	0	0	0	0	1	0	1	0	0	
0	0	0	19	0	2	5	0	0	40	0	0	0	9	0	0	0	0	4	0	0	0	0	2	0	0	9	1	0	0	0	0	0	0	6	0	0	0	0	0	12	0	12	0	0	0	0	0	0	0	0	0	0	0	0	0	1	0	0	1	5	0	0	0	0	1	0	0	0	0	0	0	0	0	0	0	1	0	0	4	0	0	1	0	1	15	0	0	1	0	0	0	2	0	0	0	0	1	0	0	0	0	15	0	0	1	0	0	0	6	0	0	13	0	0	0	0	0	0	0	0	0	0	0	4	0	0	0	0	0	0	0	0	0	0	0	0	13	12	0	0	0	0	0	0	0	0	9	0	0	0	0	2	0	0	0	1	0	0	0	0	0	0	1	0	2	10	0	0	0	0	0	0	0	0	3	2	0	0	1	0	0	5	9	0	1	0	3	6	0	1	18	0	0	0	0	0	12	1	0	
0	0	1	0	40	8	0	0	0	0	0	0	0	9	0	0	0	0	0	0	0	2	1	0	1	0	1	0	1	0	2	0	6	0	0	0	0	0	0	15	0	0	0	0	0	0	4	0	0	0	0	2	1	0	1	0	0	0	8	0	0	0	0	0	4	3	0	0	4	0	0	0	0	0	0	0	0	3	0	4	0	0	0	0	0	1	0	4	0	0	2	2	0	1	2	4	0	0	0	2	0	0	0	0	0	1	0	5	0	8	0	0	0	0	0	1	0	0	0	0	1	0	0	0	1	0	1	0	0	0	0	0	0	0	0	1	0	0	0	0	0	0	0	0	3	0	0	0	0	0	0	2	0	10	0	4	0	0	0	1	0	0	1	0	0	1	0	0	1	0	0	0	1	0	0	0	0	0	1	0	10	1	1	1	1	0	0	11	0	5	9	0	0	0	0	35	1	0	0	0	
0	16	0	0	0	1	0	0	0	0	2	0	0	0	0	0	1	0	1	0	0	0	16	0	6	2	0	0	0	0	0	0	0	0	1	0	0	0	0	0	0	0	0	0	14	0	0	0	0	0	0	0	0	11	0	1	0	6	2	0	4	0	0	1	0	1	0	0	0	0	0	0	0	0	15	3	1	0	1	0	0	6	3	2	0	0	10	0	0	0	0	0	0	1	1	9	0	3	0	0	0	2	1	3	0	0	0	0	0	0	5	0	0	2	0	1	1	0	0	0	0	0	0	0	0	0	2	0	0	0	0	0	0	7	0	0	7	0	7	0	0	10	0	0	0	0	8	0	0	1	8	0	0	0	10	1	1	0	0	0	0	0	0	0	0	0	1	0	0	0	1	1	3	1	0	0	0	0	2	1	0	0	0	5	1	1	37	4	0	0	1	1	0	1	0	1	0	4	0	0	
0	32	1	10	0	0	0	0	0	4	0	26	9	2	0	0	0	0	0	0	0	11	0	32	0	0	0	0	0	0	0	13	0	1	0	3	0	0	0	7	0	0	0	1	1	7	8	0	1	0	0	11	0	2	7	0	0	2	6	23	0	0	4	0	0	10	0	0	0	2	0	0	1	0	0	1	0	0	1	0	9	25	0	0	0	4	10	0	6	0	0	0	0	0	0	0	2	0	2	0	0	0	0	0	16	0	0	0	0	4	1	29	3	2	0	0	0	0	0	0	0	0	2	0	4	0	1	0	19	0	0	0	0	0	0	0	0	0	0	0	0	1	0	0	0	0	3	0	1	0	0	0	1	0	0	0	4	0	0	1	1	0	0	0	0	0	0	0	0	0	0	5	2	0	0	1	0	3	0	1	0	0	0	0	0	4	4	12	4	0	11	3	0	0	0	1	12	0	0	4	
0	0	0	0	0	0	0	0	9	0	0	0	0	0	2	1	0	0	5	0	2	0	0	0	0	0	1	0	8	1	1	0	0	1	0	3	0	0	0	0	0	0	0	4	0	0	0	2	0	0	11	0	0	1	0	0	1	1	0	1	0	9	1	0	0	0	0	18	0	0	0	0	0	0	4	2	0	0	0	1	3	0	0	1	0	0	0	0	0	0	1	11	3	0	1	0	4	0	0	4	6	0	0	5	5	0	0	0	2	0	0	0	1	0	0	12	0	0	0	0	0	2	2	0	0	8	0	0	0	0	0	0	0	0	0	0	0	0	0	0	0	0	0	0	0	0	0	0	0	0	0	0	0	3	0	1	0	0	0	0	0	0	2	2	0	0	0	0	0	1	6	3	22	4	0	5	0	0	0	1	0	0	0	0	0	1	1	1	0	34	4	0	0	0	0	0	9	14	0	0	
0	1	1	0	0	0	1	23	1	0	1	0	0	0	3	6	0	2	0	3	1	2	0	0	0	0	0	6	1	0	0	1	0	0	0	7	0	0	0	0	1	0	3	0	1	0	0	0	0	0	0	0	0	0	0	1	4	0	0	6	0	5	0	0	11	1	0	0	0	0	0	0	0	0	0	0	0	0	0	1	0	2	0	0	0	5	0	0	0	3	0	0	0	12	0	0	0	0	0	0	24	1	7	11	10	0	0	0	0	2	0	0	0	0	2	0	0	0	4	0	0	1	0	0	0	0	0	0	0	4	0	4	3	0	0	0	0	0	0	0	0	0	0	0	0	0	0	1340	0	0	2	0	6	0	0	0	2	1	0	1	0	0	0	0	0	0	0	0	0	0	0	1	0	0	5	0	3	0	0	0	0	0	0	2	8	1	0	0	0	3	0	0	1	8	0	1	0	6	0	0	
0	34	0	0	2	2	0	2	0	0	0	8	1	9	0	2	4	0	1	0	0	0	0	1	0	0	0	6	0	0	0	1	0	0	0	4	0	0	0	0	0	0	1	0	1	0	0	0	1	22	1	2	0	0	0	4	1	3	2	0	0	2	0	0	0	6	0	0	1	0	1	0	0	0	0	6	0	0	0	0	1	0	0	0	0	0	5	0	1	0	0	0	2	0	0	0	0	0	3	0	0	0	0	0	10	0	5	12	0	0	0	0	0	0	0	0	0	1	0	4	1	0	0	0	5	4	0	3	0	11	0	0	0	0	0	0	0	0	0	0	0	0	0	0	0	0	6	0	0	0	0	2	3	1	0	0	0	0	0	0	0	0	3	2	0	1	0	0	1	2	0	1	3	9	4	0	5	7	0	4	0	0	0	0	4	0	0	0	1	0	0	0	2	0	0	0	0	0	0	0	
0	3	1	1	0	0	0	0	2	0	0	2	4	4	0	0	1	0	0	6	1	0	1	0	6	9	0	0	0	0	4	0	0	1	0	0	0	7	0	3	1	4	0	2	6	0	4	0	0	10	0	0	0	0	0	2	0	1	0	0	0	0	0	0	0	0	0	0	0	23	0	0	0	3	0	5	2	0	0	0	1	0	0	0	0	13	0	0	0	1	0	1	0	0	0	2	4	6	1	0	0	3	16	0	3	25	0	0	0	0	0	0	1	3	0	0	0	1	0	0	2	0	0	0	1	1	3	0	0	0	0	0	0	0	0	0	1	0	0	0	11	0	0	0	0	3	0	0	0	0	0	8	1	0	1	0	0	0	0	0	5	1	0	0	0	0	0	0	5	0	0	0	0	0	5	2	0	0	3	0	0	5	1	0	0	0	0	0	0	0	0	0	0	10	0	0	4	4	0	0	
3	0	0	0	0	0	0	0	0	0	0	1	6	0	0	2	0	0	0	0	0	0	1	1	3	0	0	2	0	0	0	0	0	0	0	0	13	0	5	0	0	0	0	0	0	3	0	0	5	0	7	2	38	0	0	0	0	3	0	16	0	0	0	2	0	2	0	0	0	0	0	0	6	3	15	9	16	1	0	0	0	6	2	0	0	0	0	1	0	1	0	0	1	0	0	0	2	3	21	11	0	6	3	0	2	0	0	1	0	0	0	0	2	0	0	0	3	1	0	0	0	0	0	0	0	0	0	0	0	1	0	0	0	0	0	0	0	0	0	0	1	9	0	0	0	0	0	0	0	0	0	1	0	0	0	0	0	0	4	0	0	0	0	0	0	19	1	3	0	0	0	0	0	1	0	4	0	0	0	0	0	0	6	9	23	2	0	0	0	0	0	15	0	2	19	2	0	0	0	0	
0	0	0	0	0	0	0	1	0	3	0	0	5	0	3	0	0	0	0	2	2	10	0	2	0	1	0	0	0	8	3	0	0	0	0	0	0	0	0	4	0	0	0	0	0	0	0	0	0	0	0	5	0	0	3	3	0	1	0	0	0	0	0	0	1	15	5	0	2	0	1	1	19	0	0	0	0	1	1	0	0	0	2	2	0	0	0	2	0	0	0	0	0	14	0	2	0	0	0	0	1	0	0	0	0	15	0	0	1	0	0	3	0	1	0	0	0	0	12	0	0	0	0	0	1	0	0	1	0	4	0	2	1	0	0	3	0	0	1339	0	0	0	3	0	0	0	0	0	0	16	0	0	0	0	0	2	7	0	0	0	4	5	0	0	3	0	17	0	0	2	0	4	0	0	2	1	2	0	1	1	0	0	0	0	0	18	1	0	0	0	1	0	0	0	0	0	0	0	0	2	
0	0	0	1	0	0	0	0	0	0	0	21	6	0	0	0	2	0	0	0	0	0	17	0	9	1	0	0	0	2	0	0	0	0	0	0	5	0	0	0	1	0	15	0	1	0	0	0	3	0	1	7	0	1	1	2	0	0	19	0	0	0	0	1	3	1	0	7	1	20	0	0	0	0	0	0	3	0	15	0	0	0	0	0	0	1	0	0	1	0	0	0	0	0	0	0	0	0	0	2	0	5	0	4	0	0	0	2	0	0	0	0	0	0	0	1	0	0	4	0	0	4	0	2	4	0	0	0	0	0	0	14	1	0	0	5	0	1	0	0	0	2	0	0	0	0	0	0	0	0	1	0	0	0	0	2	0	1	1	0	0	2	0	156	0	0	0	1	0	0	0	0	0	0	0	0	0	0	1	34	0	0	30	0	0	0	0	0	0	0	1	1	0	7	0	0	2	0	0	1	
0	0	1	1	3	0	18	0	0	0	3	0	0	0	0	1	4	0	5	0	0	0	0	0	0	0	0	1	0	0	0	0	0	0	0	0	1	0	0	0	0	0	2	0	0	0	1	0	0	0	0	0	2	0	0	1	0	0	0	0	0	7	3	0	0	4	0	5	3	2	0	2	0	11	0	0	0	2	0	0	2	0	0	1	0	2	0	0	0	0	7	12	0	0	0	12	0	0	0	0	1	0	2	3	0	0	1	0	0	0	0	0	0	0	0	0	0	0	0	0	0	0	0	0	0	12	0	0	0	0	0	0	0	0	0	0	0	0	0	0	1	0	0	2	0	0	0	0	0	0	0	10	0	2	0	0	0	0	0	0	1	0	0	0	3	0	0	0	0	0	0	0	0	8	1	5	0	0	0	0	4	0	0	12	1	0	0	0	0	0	2	0	5	0	0	0	0	1	0	1	
0	0	1	1	0	0	0	0	0	2	4	1	0	0	0	0	0	6	1	0	0	0	0	0	0	6	19	0	0	4	0	0	0	0	0	0	0	0	0	0	0	0	0	0	0	0	0	0	0	0	0	0	0	1	10	0	0	0	0	0	0	5	0	0	0	0	0	0	0	0	0	0	0	0	0	0	2	0	2	1	0	0	3	0	0	7	2	0	0	1	4	0	0	0	0	0	0	0	0	0	10	0	0	0	0	0	0	0	0	0	0	0	0	0	0	0	0	0	0	0	0	4	0	1	0	0	0	1	12	0	0	0	0	0	0	0	0	3	0	3	0	0	0	1	0	0	1	0	0	0	6	0	0	0	0	0	0	0	1	0	0	3	2	8	1	0	0	0	0	0	2	0	6	1	0	6	0	0	0	0	0	5	0	0	1	0	0	0	0	0	0	3	0	4	0	0	1	0	1	0	
4	0	1	1	0	0	1	0	0	0	0	5	1	0	1	0	1	0	5	0	1	0	0	0	1	4	0	0	0	0	0	0	0	4	0	3	0	7	1	4	0	0	0	0	0	0	0	0	3	4	4	0	0	0	5	0	1	0	0	0	0	0	0	0	2	0	0	9	0	2	1	5	0	0	0	0	0	0	0	0	0	2	9	0	16	1	0	0	0	5	0	11	0	0	0	0	2	0	0	1	3	0	4	0	0	0	4	0	1	4	1	0	1	1	0	1	0	0	12	0	1	0	0	1	0	0	0	0	0	0	0	0	0	0	0	0	0	0	0	0	0	0	0	1	0	0	0	0	0	0	0	0	0	0	0	0	0	0	0	0	0	4	1	8	1	0	0	0	0	7	0	3	0	1	0	0	0	0	0	52	0	0	1	12	0	0	0	0	0	0	0	0	0	8	5	0	0	0	0	0	
0	0	9	4	0	0	0	0	0	0	0	1	0	0	0	0	1	7	0	0	1	0	0	3	7	1	3	0	12	0	0	0	0	0	0	0	0	0	2	0	0	0	0	0	1	0	0	1	1	0	0	0	0	11	7	0	0	29	0	0	1	7	0	0	0	5	0	4	8	0	0	0	8	0	0	0	0	0	2	0	0	0	1	14	0	0	2	1	10	1	2	2	1	1	0	0	0	0	5	0	0	9	0	0	0	1	0	0	0	0	0	0	0	0	0	0	0	0	5	0	1	0	0	5	0	0	0	4	0	14	0	0	0	0	6	1	0	0	0	2	0	0	4	2	0	0	0	5	1	0	0	0	0	0	1	0	0	0	3	6	0	2	0	9	0	0	4	0	0	0	0	0	0	4	0	0	4	0	1	0	0	0	0	0	10	32	0	0	0	0	0	0	45	2	0	0	0	1	0	0	
3	0	2	0	1	4	0	0	1	0	0	0	0	4	0	0	0	0	6	6	0	0	0	0	15	1	0	0	0	0	0	0	13	0	1	0	0	0	0	1	0	0	0	3	0	0	0	0	1	8	5	0	0	0	22	0	0	0	0	5	0	0	1	0	5	0	5	0	3	0	0	0	0	0	0	0	0	0	0	2	0	0	0	49	0	0	1	0	0	0	0	0	0	0	1	1	0	0	0	0	3	0	0	0	0	0	0	0	0	0	1	0	0	0	2	0	1	13	0	0	0	0	0	0	0	0	12	4	0	0	0	11	0	12	0	0	0	0	0	0	0	0	0	0	0	0	0	2	0	10	0	0	0	0	0	0	0	2	0	0	0	4	0	2	1	0	0	0	6	0	0	0	1	0	0	0	0	0	0	0	0	0	0	0	0	0	18	0	0	0	1	0	0	0	1	1	0	0	18	0	
0	6	1	0	0	0	16	0	0	4	1	7	0	0	0	0	2	0	7	0	0	1	0	0	0	0	0	0	7	0	0	0	0	0	2	0	0	0	0	0	0	0	0	0	0	0	1	0	0	0	0	0	0	0	0	0	0	0	0	0	0	10	0	0	0	1	2	0	2	3	0	0	0	1	4	1	0	0	0	0	3	1	0	14	0	7	0	0	0	0	0	0	0	0	0	1	0	2	0	0	0	0	0	0	0	0	0	0	0	0	0	0	0	0	0	0	0	19	0	0	0	0	0	0	0	0	0	0	5	0	0	8	0	3	1	0	0	0	1	0	0	0	0	0	0	0	0	0	0	0	1	0	0	0	16	0	3	0	0	0	0	0	5	0	0	0	0	0	0	0	1	3	0	29	0	0	1	0	0	0	0	6	8	0	0	0	0	15	5	1	6	1	0	0	0	1	0	1	0	0	
0	0	2	0	0	0	0	0	0	0	0	0	3	4	0	0	0	0	0	11	2	0	3	0	0	0	0	0	0	0	0	1	4	0	0	0	1	1	0	0	0	1	0	0	1	0	0	0	0	0	0	0	0	0	0	0	1	0	0	0	0	0	8	0	0	6	1	0	0	0	0	0	0	4	0	0	6	0	0	2	0	0	5	0	0	0	0	2	0	0	0	0	0	0	0	0	0	0	0	6	0	0	0	0	0	2	0	0	0	0	0	0	0	7	0	0	0	5	0	0	0	0	0	0	0	0	0	0	0	0	0	0	11	0	0	0	0	0	0	12	0	2	0	0	0	0	0	1	5	1	0	0	0	0	0	0	0	0	0	0	2	0	2	2	1	0	16	0	0	0	0	0	0	0	0	0	0	0	0	0	8	13	1	0	32	0	0	0	16	6	0	0	0	0	0	0	0	0	0	0	
4	1	1	0	0	9	1	0	0	0	2	7	0	2	0	1	1	6	6	0	3	0	0	1	0	0	0	0	0	0	0	0	0	0	0	0	1	6	7	0	0	2	0	20	0	0	0	0	0	0	0	0	23	0	4	0	0	0	2	0	2	1	0	9	1	0	0	5	0	6	0	1	0	0	0	0	5	4	0	11	0	0	0	0	0	0	0	0	0	0	1	0	0	0	0	0	0	1	0	0	0	0	1	2	0	0	0	0	0	0	0	0	0	0	0	0	0	0	0	4	0	14	0	0	4	0	0	0	0	0	0	0	2	1	0	0	2	0	1	0	0	0	0	0	1	0	0	0	0	3	0	0	0	1	0	0	0	1	0	2	0	0	2	10	0	0	0	0	0	0	0	1	4	3	0	0	0	6	8	0	0	0	0	0	1	0	1	0	0	2	8	0	4	0	17	2	0	0	0	0	
0	0	0	0	0	3	0	0	15	0	0	0	13	4	2	0	0	0	0	0	0	0	0	0	6	0	0	0	0	0	0	0	0	0	0	0	0	0	1	0	4	2	0	5	2	0	1	0	5	0	0	0	0	3	0	0	0	4	0	0	0	1	2	2	5	1	0	1	1	4	0	0	0	1	14	5	0	0	0	0	0	0	0	0	0	0	2	0	0	2	0	0	0	0	4	0	2	4	0	0	4	0	1	0	0	0	0	0	0	2	0	0	0	0	3	0	0	0	0	1	0	0	0	0	0	0	0	0	0	0	12	0	0	0	0	2	0	0	0	0	0	0	0	0	0	0	0	0	0	0	1	0	0	3	0	0	0	0	8	4	4	0	0	0	0	7	0	0	0	8	6	0	0	0	0	0	0	0	0	0	1	1	0	0	0	0	0	0	8	0	1	0	0	0	0	1	2	0	0	0	
0	0	0	9	0	0	0	0	0	0	0	0	2	0	0	0	2	0	0	0	0	0	0	3	0	0	0	0	0	0	0	0	0	0	2	0	0	0	0	0	0	0	3	0	0	2	4	0	0	42	2	1	0	0	15	5	0	3	0	0	0	0	0	0	0	0	0	6	0	0	0	0	0	0	7	0	0	22	0	0	2	0	0	0	0	1	10	0	5	0	1	0	0	0	0	0	1	0	0	0	0	0	0	0	0	0	0	0	5	0	0	0	0	1	0	2	0	1	0	0	0	0	4	7	0	0	0	0	0	0	1	1	4	0	0	10	0	0	1	7	2	0	0	0	0	0	0	0	1	0	1	0	0	3	7	1	0	0	0	1	6	0	0	0	0	0	0	5	0	0	0	0	6	0	0	0	6	0	40	38	0	1	17	0	12	0	0	3	0	0	1	0	0	0	0	0	0	0	0	0	
0	0	0	0	0	0	0	0	1	5	0	0	0	7	1	0	0	0	0	0	0	1	0	0	0	0	1	0	0	0	0	10	0	0	0	0	20	1	1	0	3	0	0	0	0	0	0	7	1	0	0	0	0	1	0	0	7	9	0	1	0	0	0	1	0	0	6	0	4	7	0	0	0	0	0	0	1	0	0	0	0	0	2	6	0	0	0	8	0	0	0	0	0	0	0	0	0	0	0	4	0	1	0	0	0	0	0	0	2	0	0	1	0	0	0	0	0	0	0	10	0	0	0	0	0	0	0	0	0	0	0	0	1	0	2	0	0	0	0	0	0	5	11	0	0	0	0	1	0	0	8	8	0	0	0	17	0	3	0	0	0	0	0	0	0	7	1	3	0	0	0	0	0	4	0	0	0	0	7	8	0	0	0	0	0	0	0	0	1	0	0	1	0	0	14	0	1	0	1	0	
0	0	0	0	0	0	1	0	0	11	0	0	9	0	0	4	0	0	9	1	11	0	0	0	0	0	0	0	0	0	12	0	0	0	3	0	23	0	18	0	2	0	2	42	0	3	6	0	0	2	7	0	0	0	0	0	0	1	0	0	0	1	0	0	0	0	0	2	6	0	0	1	39	0	7	0	0	0	0	7	6	0	0	2	0	9	0	0	0	0	0	0	4	2	0	0	0	2	0	0	0	0	2	0	0	0	0	14	0	0	0	0	0	0	0	0	0	0	0	0	0	0	0	0	0	0	0	0	0	1	0	0	0	0	0	0	0	7	0	0	1	0	7	0	2	0	0	5	1	0	0	0	0	0	1	0	5	1	0	0	0	0	0	0	2	0	3	0	1	0	0	0	0	4	0	0	1	0	13	0	13	0	0	0	0	0	0	0	0	1	0	7	1	14	0	0	0	4	0	0	
0	0	9	1	0	0	1	0	0	0	0	2	7	0	0	0	4	8	759	0	0	0	0	0	0	7	0	2	0	0	2	0	0	2	0	0	9	6	0	0	0	0	1	6	2	3	13	6	0	0	1	0	0	0	0	14	0	1	0	3	0	4	1	0	0	0	1	0	2	0	0	0	0	0	1	0	1	0	0	0	1	0	1	0	0	4	0	5	0	5	1	0	0	0	0	0	0	1	0	0	2	0	0	23	5	7	0	0	1	0	0	0	0	0	0	0	0	0	0	0	0	0	0	0	0	0	0	3	0	0	8	0	2	0	0	0	3	0	12	1	0	0	0	0	0	0	0	0	0	1	1	0	0	0	17	9	4	4	1	0	0	0	0	0	31	6	484	0	0	0	0	0	7	3	15	0	0	4	0	10	1	0	0	8	2	8	0	0	0	0	0	9	0	0	0	0	0	4	0	2	
0	1	0	0	0	1	0	1	0	0	0	0	0	9	0	0	0	0	0	0	0	8	0	0	0	11	3	2	0	0	2	0	3	0	1	0	0	1	0	0	0	0	0	0	0	0	0	0	0	0	0	0	0	0	10	0	7	4	0	3	0	2	7	6	7	0	0	0	0	0	0	0	0	0	15	0	1	0	0	0	0	0	2	0	0	7	0	0	0	0	0	0	2	0	0	0	0	0	0	1	0	0	0	0	0	0	0	0	5	0	0	0	0	0	0	0	0	0	0	0	0	4	0	11	0	1	0	0	3	0	0	0	1	0	0	5	0	0	1	2	4	5	620	0	0	0	0	0	0	1	61	3	29	0	2	0	0	0	5	0	0	0	0	0	0	0	0	3	0	0	49	0	0	0	0	0	0	0	2	0	0	0	0	3	0	0	0	0	1	4	0	0	0	0	0	0	0	0	0	0	
0	8	0	0	0	0	0	0	0	0	0	3	0	8	0	0	0	0	3	0	2	0	0	0	0	0	3	0	0	0	0	0	2	0	1	10	7	1	0	0	0	11	0	0	0	34	0	1	0	0	0	0	0	1	0	0	0	0	0	2	0	1	11	2	0	1	0	0	0	0	0	0	0	2	0	0	0	0	11	0	2	0	0	0	0	0	0	0	1	9	0	5	1	0	0	0	4	1	0	24	3	0	1	0	0	0	0	0	1	0	0	0	4	0	0	0	0	0	0	0	3	0	3	1	0	0	0	0	0	1	0	0	2	0	0	0	0	4	0	0	0	0	0	2	0	0	2	0	0	0	0	3	0	0	2	0	0	6	0	2	0	0	0	0	0	3	0	0	0	0	0	0	0	2	1	0	0	0	0	13	1	0	8	2	6	9	0	1	0	0	3	0	0	0	0	2	0	0	0	0	
0	0	0	0	0	0	0	1	0	0	1	1	0	9	1	14	0	1	3	0	15	0	0	0	2	0	5	0	0	3	0	0	0	0	0	0	0	0	0	0	10	0	18	7	0	0	2	1	0	3	5	0	1	3	0	0	0	0	0	0	1	7	0	0	0	0	0	0	0	0	0	3	2	0	0	0	2	0	0	0	0	0	0	0	7	5	0	0	0	0	0	2	0	0	0	1	0	0	8	7	0	0	0	0	0	0	0	19	0	0	1	0	0	0	0	0	0	0	0	0	0	0	2	0	0	0	0	0	7	0	0	0	11	1	0	0	0	0	0	0	0	2	0	0	0	1	59	0	0	0	1	0	3	0	34	2	0	0	0	1	0	0	16	1	10	0	0	4	9	0	0	0	0	0	0	0	0	6	0	0	0	0	0	0	0	0	6	0	0	9	3	0	0	0	0	2	0	0	0	0	
0	6	0	0	16	0	0	0	0	0	0	11	0	1	0	1	0	0	0	0	0	0	0	0	2	2	0	0	0	1	0	0	0	14	1	2	0	0	0	0	0	0	0	0	1	0	3	0	0	0	2	3	0	0	0	1	0	0	0	0	4	0	0	0	1	7	0	0	2	0	0	0	2	0	0	0	1	0	1	5	0	0	0	3	4	3	0	2	0	0	0	0	0	0	0	0	0	0	0	5	0	0	0	0	0	0	0	1	0	0	0	0	0	0	0	0	0	0	0	0	0	0	0	0	0	0	1	0	0	0	7	0	0	0	0	0	0	0	18	0	0	0	1	1	0	0	0	0	0	0	0	0	0	0	0	0	0	0	12	2	0	4	0	0	3	0	0	4	0	0	9	0	0	1	38	0	0	0	2	5	0	0	0	1	0	0	3	1	2	10	0	23	0	0	0	0	25	0	0	0	
0	9	0	23	0	0	2	3	0	1	8	0	3	0	0	1	0	0	0	0	0	0	0	4	0	12	4	0	0	0	0	2	0	0	0	2	0	0	0	0	2	0	0	0	0	0	0	9	0	0	1	0	0	0	2	0	0	4	3	2	7	0	0	0	0	0	3	2	0	0	0	3	2	3	0	0	0	3	2	0	0	0	0	3	0	0	0	0	2	0	6	0	0	0	0	0	0	0	0	0	5	0	1	1	0	0	0	0	0	0	0	0	3	0	0	0	4	0	0	7	1	0	0	0	0	1	0	0	0	1	6	0	0	0	4	0	0	0	0	0	0	0	0	0	0	0	0	1	12	8	0	0	0	0	0	0	0	0	0	4	0	0	0	0	1	0	0	1	0	0	0	0	0	0	0	0	0	0	1	0	1	0	1	1	0	0	2	12	0	3	0	5	0	0	2	0	0	1	0	0	
0	0	2	0	0	0	0	0	0	1	0	0	6	0	0	2	0	0	0	6	0	0	1	0	1	0	0	0	0	2	0	0	0	0	0	0	0	0	0	0	5	10	0	0	0	0	5	0	0	2	0	3	0	0	0	4	0	0	4	0	0	0	0	3	1	0	0	4	0	2	0	0	0	3	0	0	3	0	0	0	0	0	0	0	0	0	0	12	4	0	0	0	0	0	0	1	0	0	0	1	0	0	0	0	0	2	0	0	0	0	3	0	6	0	0	0	0	0	0	0	0	2	0	0	0	10	0	1	0	1	0	0	0	0	0	0	0	0	0	2	0	0	0	15	0	1	0	0	0	0	0	0	0	0	0	0	1	0	0	2	0	1	0	10	0	6	0	0	0	0	1	0	38	0	0	0	0	0	0	0	0	0	0	4	0	1	0	0	0	0	0	0	0	0	8	26	0	0	1	0	
0	5	8	5	0	24	1	19	0	0	20	0	0	0	0	1	0	0	0	0	0	2	0	0	0	0	4	0	0	0	0	1	0	3	10	0	0	0	2	0	2	0	0	4	0	0	8	0	0	0	0	7	0	2	0	0	1	0	0	0	4	2	7	0	0	0	1	0	3	0	0	0	0	1	0	0	0	0	0	1	0	7	0	0	1	1	1	0	0	0	0	5	0	0	0	0	0	0	0	0	0	0	0	0	0	2	0	2	11	0	0	0	0	3	0	0	0	4	0	2	0	0	0	0	0	0	0	0	0	0	0	0	0	0	0	1	0	0	0	0	0	0	0	0	25	0	0	203	1	1	0	1	0	0	0	21	1	1	6	0	0	0	0	4	0	34	18	8	0	0	0	0	0	0	0	0	0	0	0	0	1	0	0	1	0	1	0	1	0	0	0	0	8	0	2	0	3	5	1	0	
1	0	0	0	0	0	0	0	1	0	1	0	0	0	0	0	0	0	0	0	2	0	0	3	0	4	0	0	1	0	0	0	0	0	0	0	2	0	0	0	0	0	0	2	0	0	6	0	10	0	0	14	0	1	0	20	1	0	1	0	0	0	8	0	0	45	0	0	1	0	0	7	8	0	3	0	0	0	6	0	1	1	0	10	2	0	0	0	0	2	1	0	0	0	0	0	4	5	0	0	1	0	0	7	4	0	0	0	0	0	0	0	0	0	3	0	0	0	0	0	0	1	0	0	0	1	1	0	0	0	0	1	1	1	4	0	1	0	1	0	0	0	0	0	0	0	0	0	1	0	0	5	0	0	0	0	0	0	0	2	3	0	23	0	0	5	0	12	2	0	0	0	0	1	9	0	1	0	7	0	0	0	0	0	6	0	0	0	9	1	1	0	0	1	19	1	0	0	0	23	
0	1	4	1	0	1	2	2	0	0	0	0	5	0	0	0	0	0	0	1	0	0	0	6	0	2	0	0	0	0	0	1	0	1	0	0	0	0	0	0	0	0	0	0	6	0	4	1	3	0	8	0	0	5	0	3	0	0	0	3	2	0	1	7	0	0	0	0	0	0	0	0	3	1	4	0	1	0	0	0	0	0	0	0	0	1	0	0	1	0	0	0	0	1	1	0	0	1	0	0	0	0	0	5	0	0	4	0	0	0	0	0	0	0	0	0	0	0	0	0	4	5	8	10	13	0	0	0	0	0	0	0	0	0	8	0	0	1	0	5	0	0	0	0	0	1	0	0	0	1	0	0	0	2	1	0	0	0	0	4	0	0	0	0	0	1	0	10	33	7	0	0	0	0	1	0	1	0	0	0	0	0	0	1	0	0	0	0	4	2	0	0	0	1	0	0	2	0	10	0	
0	9	0	0	0	0	6	0	0	0	0	17	7	0	0	0	0	0	0	0	0	0	0	0	0	0	0	1	0	0	0	0	0	0	0	0	0	5	0	0	0	0	0	1	3	0	0	0	0	1	3	8	2	0	0	0	0	0	1	0	0	5	0	0	0	9	0	0	0	0	1	21	0	0	0	0	3	4	0	0	0	33	1	0	1	2	6	0	9	0	0	0	2	0	0	0	0	0	0	0	0	0	0	0	6	3	0	0	0	0	1	0	0	0	0	0	1	2	2	0	0	0	0	0	0	0	0	0	0	0	0	11	0	2	0	0	0	16	0	0	4	0	0	0	1	1	0	0	10	0	2	1	0	0	0	0	0	0	1	0	0	0	0	0	0	0	0	2	0	0	0	0	0	1	0	0	1	0	0	0	0	0	34	4	2	0	0	2	0	11	0	0	7	0	0	0	1	0	0	31	
0	0	0	0	0	0	0	0	19	1	0	0	0	8	0	0	0	1	6	0	0	0	0	38	0	0	138	2	0	0	0	1	0	0	0	0	0	0	0	2	0	0	0	0	0	0	0	24	0	0	0	1	0	0	2	2	0	0	3	0	0	2	1	0	6	0	0	0	0	0	1	0	10	0	0	0	0	0	1	4	33	0	0	4	6	1	1	1	0	1	0	0	0	1	0	0	1	0	0	4	1	0	8	0	0	0	0	0	0	0	0	0	0	0	0	3	0	0	0	8	0	0	0	0	12	0	0	0	0	0	0	0	0	16	0	0	5	3	0	4	3	0	1	0	0	0	5	0	1	0	7	0	0	3	3	0	0	0	0	0	3	1	0	10	0	0	0	4	0	1	26	0	2	0	0	0	1	0	0	0	6	0	0	0	1	0	1	20	0	0	0	0	0	6	0	0	23	0	0	1	
5	10	0	6	0	0	26	0	0	0	0	0	0	0	0	0	0	0	0	0	6	9	0	21	0	0	0	0	0	0	0	0	0	6	0	61	0	0	0	0	0	0	0	0	0	2	0	0	0	0	0	0	0	0	2	0	10	6	0	0	0	7	3	0	11	0	0	0	0	0	0	0	0	0	0	0	0	4	0	0	1	0	0	0	2	0	0	0	2	0	0	19	0	0	0	0	0	0	0	0	0	0	0	0	0	0	0	0	0	0	0	0	1	0	0	1	0	3	0	0	0	0	0	0	218	0	0	0	0	0	0	2	2	0	3	0	0	0	1	0	1	4	0	0	0	0	7	5	3	1	1	0	0	0	0	21	2	0	0	0	0	0	0	11	0	7	0	0	0	0	3	0	1	0	0	0	1	0	0	0	2	0	0	0	6	0	0	0	0	0	0	1	1	22	0	0	0	2	0	7	
0	0	0	0	0	0	0	0	0	0	0	0	0	0	8	1	1	10	1	0	0	0	21	0	137	0	0	0	0	1	2	0	8	0	0	7	0	0	0	0	0	0	0	0	0	0	0	0	0	0	0	8	1	0	0	1	0	0	0	0	0	0	40	0	0	3	0	0	0	0	2	9	0	0	0	0	0	0	0	0	10	1	1	0	0	1	0	1	1	0	0	0	0	0	0	7	0	0	0	0	0	0	0	0	0	0	0	2	0	8	2	1	0	0	0	0	0	0	0	8	8	1	0	3	1	0	0	1	2	0	0	0	0	0	0	0	0	3	0	0	0	0	1	0	0	0	0	0	0	0	18	0	0	0	4	0	0	0	0	0	0	0	4	0	0	0	0	0	0	0	0	0	0	0	0	1	0	0	0	26	0	0	0	2	0	0	0	0	2	0	0	0	0	0	0	0	0	0	24	0	
0	0	0	0	0	1	1	1	13	0	0	0	0	0	0	0	0	7	0	0	2	0	0	0	0	0	0	0	0	1	0	0	0	0	0	0	0	0	0	0	0	0	0	0	0	3	0	0	1	0	0	1	0	0	0	2	0	0	0	0	0	0	0	0	0	0	0	0	0	0	0	0	5	0	9	0	0	0	0	0	2	0	0	4	4	1	0	1	0	0	0	0	0	0	3	0	0	0	0	0	0	6	4	0	0	1	0	0	7	0	0	0	0	0	2	0	2	0	7	0	0	0	0	0	0	0	5	0	0	0	0	0	0	3	0	7	0	0	12	4	0	0	0	0	6	7	0	0	2	0	0	11	0	3	0	0	0	0	0	0	0	0	0	0	6	0	5	1	0	0	31	0	0	2	0	0	1	0	0	0	6	0	0	0	0	25	3	0	0	0	4	0	0	0	0	0	0	0	1	0	
0	0	0	0	1	0	0	0	0	8	0	2	0	1	6	1	0	1	12	0	0	0	0	8	0	0	0	0	11	0	0	0	0	21	0	0	0	0	0	2	0	0	0	1	0	0	0	7	0	0	0	0	0	0	0	0	1	6	0	0	1	0	0	0	2	0	0	5	0	4	0	2	2089	0	1	0	3	0	0	0	0	0	1	0	1	4	1	0	24	4	0	5	19	0	8	6	1	1	0	1	0	0	0	0	6	0	0	0	0	0	0	9	0	0	0	0	0	0	0	12	0	0	1	0	0	0	1	3	0	0	0	0	0	0	0	1	61	0	0	1	0	0	1	1	2	0	0	0	0	0	0	2	14	0	0	0	0	0	0	1	0	0	1	0	1	0	0	5	2	0	0	26	0	0	0	4	0	0	1	3	0	1241	0	19	1	0	4	2	4	3	0	0	0	0	7	0	0	0	0	4	
0	0	13	2	1	0	1	0	1	0	0	0	0	0	0	0	0	1	2	0	0	0	0	0	0	0	0	0	2	0	0	0	0	0	0	0	0	9	0	0	7	0	6	0	15	0	0	4	0	0	2	0	0	0	0	0	6	1	0	0	0	0	0	0	0	0	0	0	1	0	3	0	0	0	0	0	0	0	0	0	1	0	0	0	0	0	1	0	0	0	0	1	0	0	0	0	0	0	0	0	0	0	0	0	12	1	0	3	0	1	1	14	0	0	0	1	0	2	2	0	4	0	1	0	0	0	0	0	0	0	0	0	0	2	0	0	1	0	1	0	1	0	0	0	0	1	0	0	0	2	0	5	0	6	0	8	22	3	11	12	0	0	12	0	0	1	1	0	0	0	0	0	1	0	0	0	0	4	3	0	6	0	0	0	3	0	0	1	0	0	0	28	0	0	0	0	1	0	0	0	
0	0	0	0	0	1	0	0	6	0	0	0	0	0	0	5	0	0	21	1	2	1	0	1	0	3	0	0	2	4	1	0	0	0	0	0	1	9	0	0	0	4	6	0	0	1	0	0	0	0	0	0	0	0	0	0	0	7	0	2	1	0	0	0	0	0	0	0	4	0	0	0	0	0	0	6	0	0	0	1	0	0	0	0	5	2	0	1	1	0	0	0	0	0	0	0	0	0	5	0	12	0	6	0	0	0	0	4	2	0	0	0	0	3	0	0	7	1	0	1	0	0	0	3	0	0	2	0	0	19	0	0	0	1	0	0	16	0	0	6	4	10	5	16	0	0	0	37	0	0	0	0	9	0	4	0	0	11	18	0	2	9	0	1	0	0	12	0	1	1	0	3	1	0	0	0	0	2	0	0	0	4	0	0	0	0	1	0	0	6	0	0	0	0	0	0	0	0	0	0	
1	0	0	1	0	0	0	0	0	0	1	0	0	6	0	0	0	0	0	0	2	0	0	0	3	2	0	3	0	0	0	0	0	0	10	0	1	0	0	3	0	0	0	1	0	0	0	0	22	0	0	5	1	0	0	0	0	0	0	1	0	0	14	11	5	0	0	2	0	0	0	0	11	0	0	0	0	0	0	0	0	0	4	0	0	0	0	0	1	0	0	0	0	11	0	0	0	2	2	0	0	1	0	0	0	0	0	0	0	0	0	2	0	0	0	0	0	0	0	0	5	3	4	0	19	0	0	0	0	0	0	0	0	2	3	0	3	0	0	1	0	0	0	0	3	0	5	0	0	0	0	3	7	0	0	0	4	0	0	0	0	0	0	1	1	0	0	0	0	0	0	0	0	0	0	0	2	0	0	1	5	1	4	0	0	0	1	0	0	0	0	0	0	0	2	0	0	1	0	0	
0	0	0	0	8	0	0	6	0	0	0	0	0	0	0	0	0	1	0	0	2	0	0	0	0	6	0	42	2	0	0	0	0	2	0	3	0	0	0	2	0	8	5	0	0	7	0	0	5	0	4	0	0	0	0	0	0	0	0	0	0	0	0	0	0	0	0	0	1	0	4	0	1	1	0	0	2	0	0	0	0	0	0	0	0	0	0	0	0	1	0	0	0	11	0	0	0	0	0	0	0	4	0	0	0	0	0	0	0	0	0	0	1	2	10	0	0	0	2	0	0	0	0	0	4	0	0	0	0	0	0	0	0	0	0	0	0	10	2	0	0	0	0	0	0	0	10	0	0	4	6	0	0	0	1	0	0	5	0	3	0	0	0	0	0	1	4	0	1	1	0	0	1	0	0	0	0	0	0	0	0	1	0	1	0	0	24	0	0	0	0	1	0	1	3	0	0	1	4	0	
0	0	0	0	0	12	0	1	0	3	2	0	0	0	0	0	0	0	0	2	0	0	1	0	0	0	0	0	0	0	0	0	0	1	0	0	0	0	20	4	0	0	8	0	0	1	1	0	0	0	0	0	2	0	2	0	4	6	0	0	0	0	0	0	0	0	0	0	0	0	0	0	0	4	0	0	1	0	2	0	0	0	0	1	0	0	0	0	0	0	0	0	1	0	1	0	6	0	0	0	0	0	0	0	0	1	0	0	0	0	0	0	0	0	0	0	0	0	2	0	0	0	0	1	19	1	0	0	1	0	3	2	0	2	0	0	0	0	0	0	4	1	0	0	0	0	0	2	0	1	33	0	0	0	0	0	0	3	0	0	0	2	0	1	0	0	0	4	1	1	0	0	22	0	0	0	5	0	0	0	0	0	1	3	3	0	12	0	6	0	0	0	0	0	10	0	0	0	0	4	
0	0	0	6	7	0	0	11	0	0	0	0	0	4	37	0	2	1	0	2	3	0	1	0	6	0	0	0	4	0	0	0	0	0	1	0	9	0	0	0	0	0	0	0	7	0	2	0	0	1	0	9	0	4	0	4	1	0	0	0	0	1	0	0	4	0	0	0	5	0	0	0	3	0	0	0	0	0	4	0	0	0	0	0	0	0	0	0	1	0	0	0	5	0	1	0	0	0	5	0	0	0	0	6	0	0	2	12	4	0	1	5	0	0	0	0	0	0	1	2	2	0	2	1	0	0	0	0	0	0	0	0	0	4	0	15	0	9	2	0	1	9	0	0	21	0	0	0	0	6	0	0	0	3	0	0	8	1	0	0	17	0	0	0	34	4	1	0	0	0	1	2	0	0	32	0	0	1	0	4	0	0	16	0	0	0	7	0	8	0	0	6	0	2	0	8	0	10	0	0	
3	0	0	0	0	0	0	0	0	0	0	0	0	0	0	2	0	0	5	0	1	22	4	7	0	0	0	0	1	6	1	0	0	0	0	0	8	5	0	0	0	0	0	4	0	0	10	0	0	0	1	0	0	0	9	0	0	0	0	4	0	0	0	0	7	2	0	0	1	1	9	0	0	0	0	0	6	0	0	0	0	0	0	0	0	0	1	0	0	0	6	0	0	0	0	0	0	0	0	0	0	0	1	0	1	3	0	0	0	0	0	0	0	0	0	0	0	0	2	0	17	1	0	0	0	0	0	0	0	0	0	0	0	16	3	0	0	0	0	0	0	0	0	0	0	0	21	3	0	5	2	0	33	0	0	0	4	1	9	4	9	0	2	0	0	0	3	0	0	6	0	0	6	0	1	2	0	0	0	0	0	0	0	1	1	0	0	0	0	0	11	0	2	0	0	1	0	0	0	4	
0	1	0	5	0	0	0	1	0	0	10	0	0	0	0	0	0	0	0	2	12	0	4	0	0	0	0	0	0	0	0	0	0	0	2	0	0	0	0	7	0	0	0	0	0	0	0	0	0	0	0	0	0	0	0	21	0	1	0	0	20	0	0	0	0	2	0	1	4	16	4	0	0	0	0	1	0	0	0	0	0	0	0	0	0	14	0	0	0	10	0	5	0	1	0	2	0	0	0	0	0	5	3	0	0	0	5	9	0	0	0	0	2	0	17	0	1	2	1	0	12	0	0	19	11	0	1	1	11	0	9	0	0	0	0	0	0	0	0	0	0	0	0	0	1	0	3	2	0	0	0	16	0	4	0	1	0	6	3	0	0	5	0	0	0	0	26	3	0	2	0	33	0	0	0	0	0	3	0	0	0	0	0	0	0	1	1	0	0	1	0	0	0	0	0	4	0	0	8	5	
0	0	0	0	0	0	0	0	0	0	2	1	0	0	1	2	0	5	0	3	0	0	3	0	0	0	0	0	1	0	0	0	0	16	0	0	7	0	0	0	15	0	0	0	0	0	0	0	2	0	13	2	7	5	0	0	0	1	1	1	0	0	0	0	0	0	0	0	0	0	0	0	0	0	0	2	0	6	0	5	0	0	0	4	0	1	0	1	0	4	0	0	0	0	0	2	0	0	0	0	0	0	0	6	0	0	0	3	0	6	1	2	0	1	2	0	0	0	0	0	0	0	0	0	0	0	4	0	0	0	0	3	0	0	0	0	0	0	0	458	0	0	0	0	7	0	0	0	0	0	0	14	0	1	8	0	0	0	0	8	0	0	0	0	1	0	0	0	4	0	0	1	0	0	0	0	0	0	0	12	0	0	0	0	0	0	0	0	22	6	0	12	0	2	4	2	11	5	12	0	
0	0	0	0	11	0	0	0	1	0	2	0	0	0	0	0	0	0	10	0	0	3	1	0	0	0	0	0	0	0	0	0	0	0	0	0	1	1	0	2	6	0	0	0	1	0	0	0	0	21	4	0	10	0	0	1	0	2	0	1	4	0	7	1	0	1	0	8	0	0	0	0	0	0	0	0	0	1	0	0	0	0	0	0	0	0	0	0	0	0	0	0	0	0	0	13	0	0	0	0	0	0	0	0	0	1	0	0	0	0	0	0	2	5	0	0	0	13	2	0	12	2	15	0	0	2	0	3	1	0	0	0	0	0	4	1	0	0	0	0	37	0	0	1	0	3	0	0	1	0	5	0	35	0	0	1	1	0	0	0	0	0	0	0	0	0	0	37	2	0	5	0	0	0	0	0	0	0	3	0	2	1	0	0	0	0	0	0	0	0	13	0	0	0	0	0	0	0	0	0	
0	1	0	1	0	10	0	0	20	2	0	0	0	8	2	9	0	0	0	19	0	0	0	0	0	0	0	0	5	0	0	0	0	1	0	1	3	1	0	0	20	2	0	0	0	0	0	0	3	0	1	0	21	0	0	0	3	0	0	0	0	0	0	0	0	33	7	0	0	0	0	0	0	0	4	0	0	1	8	0	0	25	1	2	0	0	0	0	0	0	0	0	0	0	0	1	13	1	0	1	8	0	0	0	0	1	0	1	0	4	0	2	0	0	4	0	0	0	0	0	0	0	1	3	0	1	0	0	0	0	0	0	0	0	202	0	1	0	3	0	0	13	4	0	0	1	3	0	0	0	5	0	1	0	2	0	1	0	4	0	0	1	4	0	1	0	0	0	0	1	1	1	1	0	1	5	2	0	0	0	3	0	0	0	1	0	0	0	6	0	0	0	0	0	4	0	0	0	0	0	
0	0	0	0	0	0	0	0	0	1	0	0	0	0	0	0	36	2	0	0	0	0	0	0	0	0	0	0	0	0	0	0	1	0	0	3	1	0	0	0	0	0	0	0	0	1	0	0	0	0	0	1	0	0	0	0	0	0	0	1	0	0	0	0	0	0	2	1	0	1	1	0	0	0	0	0	0	1	24	0	0	0	0	0	0	0	0	0	0	0	0	0	0	0	0	6	0	1	0	0	0	0	2	0	0	0	0	5	0	0	1	4	0	0	1	0	1	0	5	0	0	2	2	0	2	28	0	0	0	1	1	1	0	36	0	0	0	0	0	0	0	0	5	0	0	0	0	1	0	7	0	0	1	0	0	0	0	0	4	0	0	0	0	0	0	0	0	0	0	2	2	0	0	0	0	0	0	0	0	2	0	0	2	0	0	0	0	0	4	2	0	0	0	0	8	0	0	0	0	0	
0	0	0	0	0	0	22	0	0	0	0	0	0	16	0	0	0	4	0	0	0	0	0	0	0	2	0	0	7	0	0	0	0	7	1	0	0	0	2	0	3	1	4	0	1	0	0	0	11	0	13	0	5	0	1	0	0	0	0	0	4	0	3	0	0	0	7	0	0	0	1	0	0	1	0	0	0	0	0	0	1	12	4	0	0	0	0	0	0	10	0	0	0	0	0	0	0	1	0	0	0	0	0	0	0	3	0	1	0	0	0	0	0	0	0	0	0	0	0	1	0	0	0	0	0	2	0	0	1	24	1	0	0	0	0	0	0	0	7	0	0	0	0	1	0	0	0	0	3	4	7	0	9	0	0	0	8	1	1	4	0	4	0	0	0	1	0	0	2	0	0	2	0	2	0	0	0	2	0	1	0	0	0	4	0	0	1	0	0	0	13	0	0	0	0	0	9	6	0	0	
0	0	0	0	0	0	0	0	0	0	0	11	10	0	0	0	0	0	0	4	0	9	1	0	0	0	1	2	0	1	0	2	0	0	0	0	2	0	0	2	0	0	15	0	0	0	0	0	4	0	11	0	0	0	0	0	1	0	21	0	0	0	0	9	0	2	0	0	0	0	0	0	0	0	1	0	4	0	0	0	0	0	0	0	1	0	0	0	0	0	0	0	4	0	0	0	0	0	0	0	0	3	0	1	0	0	0	0	0	0	0	1	0	0	0	0	0	2	60	16	0	2	0	0	2	0	0	0	0	0	18	0	0	0	0	0	0	17	0	0	0	0	4	0	0	0	0	16	0	7	1	1	0	6	0	0	0	0	0	3	32	0	0	1	2	0	1	3	0	20	0	0	0	0	0	3	0	1	18	0	0	0	0	0	3	1	0	0	0	7	0	0	0	0	0	9	0	0	0	0	
0	0	0	0	4	0	0	0	0	1	0	5	0	0	0	0	0	0	0	7	0	0	2	0	0	0	0	0	7	0	0	0	4	3	0	0	0	0	4	0	0	6	0	0	0	4	0	11	0	0	0	4	0	7	4	5	0	0	9	0	0	2	0	1	0	10	0	0	0	0	0	0	0	0	0	0	0	0	0	0	0	0	0	2	0	1	2	0	0	0	0	1	0	8	0	1	0	2	6	0	0	0	0	0	0	0	11	4	0	1	0	2	0	0	0	0	1	0	6	0	0	1	0	0	17	0	0	0	1	0	0	0	16	0	0	0	0	0	25	0	0	0	0	0	0	7	0	15	0	0	7	0	0	0	0	0	0	0	4	3	11	10	0	0	0	0	1	0	0	1	12	0	0	0	0	0	1	0	1	0	0	2	5	0	0	7	9	0	0	6	0	0	0	0	0	0	0	0	0	0	
1	0	0	2	1	1	0	0	0	0	5	0	4	0	0	0	0	0	0	0	0	0	0	0	0	1	0	3	0	1	0	2	0	0	0	0	1	2	2	0	9	0	0	0	0	0	5	0	0	0	0	6	0	30	0	0	2	0	0	0	1	0	0	9	0	0	5	2	0	0	0	0	0	3	0	0	0	0	0	2	0	3	0	0	0	0	10	0	0	4	0	0	0	0	18	0	0	0	6	0	1	0	0	0	0	0	0	0	0	2	0	2	0	17	0	0	15	0	1	0	3	0	0	0	0	0	30	169	0	0	0	0	0	0	0	7	0	0	0	0	0	0	0	0	0	0	8	0	1	0	0	5	3	4	0	0	1	0	2	0	3	0	0	0	0	0	1	7	2	0	3	0	0	0	0	1	0	0	0	0	0	0	0	4	0	0	0	8	0	0	0	0	1	0	0	5	0	0	1	0	
0	0	0	0	0	0	0	0	0	0	0	36	0	0	2	0	0	42	0	0	0	2	0	0	0	0	0	0	0	0	0	0	1	0	0	0	7	0	0	0	0	0	0	0	0	4	0	4	3	0	5	0	13	5	0	0	0	1	2	1	0	0	6	0	5	0	5	1	0	0	4	2	0	0	0	0	0	4	0	0	0	0	0	0	0	0	0	0	0	0	0	6	0	0	0	1	0	0	0	3	0	2	0	2	0	0	0	0	0	0	0	0	0	0	0	0	0	0	0	0	0	2	0	0	0	10	0	0	0	4	13	0	3	0	4	0	6	2	0	49	0	2	0	0	0	0	0	11	0	8	0	10	0	1	0	10	0	0	0	0	1	0	0	21	0	0	0	0	0	0	0	23	0	1	0	0	26	0	1	2	24	0	1	0	0	0	0	2	1	0	7	6	0	0	0	0	0	0	0	0	
0	0	0	0	0	0	0	0	1	0	0	0	1	0	0	0	0	1	2	0	0	0	0	0	0	0	0	1	0	8	0	0	2	2	2	5	0	4	2	1	4	2	0	0	1	2	4	0	0	1	2	7	0	2	2	1	0	0	0	0	1	0	1	0	0	0	0	0	0	0	0	0	0	0	0	0	11	0	0	0	2	0	0	0	0	10	0	1	0	0	0	3	0	0	8	0	7	2	1	0	0	0	0	0	0	0	1	0	0	0	3	0	1	0	0	0	0	0	0	0	0	0	1	0	170	0	1	0	1	0	0	0	0	0	0	0	13	0	1	0	5	3	0	0	0	0	11	0	0	0	0	2	0	0	0	0	0	0	0	4	0	0	0	0	0	0	1	0	0	12	0	0	2	0	0	0	0	0	8	0	2	9	0	0	0	3	0	0	0	0	0	7	1	2	5	0	0	0	11	0	
0	0	0	5	0	0	0	0	20	0	1	0	29	0	0	0	0	0	7	0	0	0	5	0	9	1	0	0	0	16	14	0	0	1	0	0	0	0	0	0	0	0	0	0	0	0	0	0	0	0	0	12	0	1	0	0	8	4	0	0	2	1	0	6	0	0	0	0	0	0	0	0	0	0	0	0	0	0	0	5	0	0	0	0	1	0	0	0	0	0	0	0	0	0	3	0	0	0	0	1	1	2	6	0	0	0	0	0	0	4	1	16	0	0	0	0	9	0	0	0	0	0	2	3	0	0	10	3	0	1	0	4	0	0	35	4	0	0	0	1	0	0	3	0	3	0	0	0	0	0	0	0	0	0	0	0	0	0	2	9	3	1	0	0	0	1	0	0	0	0	0	1	0	0	0	0	0	0	0	0	0	0	0	0	0	0	0	0	8	0	0	0	0	0	0	0	0	0	0	0	
0	1	1	2	0	0	0	0	0	0	0	0	0	0	0	0	9	0	0	3	0	0	0	0	1	0	3	0	0	0	0	7	3	8	0	0	0	1	7	0	0	0	0	0	0	4	4	0	0	0	0	0	4	0	2	5	0	0	0	5	0	4	0	0	0	0	0	0	0	0	0	3	0	0	0	0	2	0	0	0	0	0	0	0	0	0	1	0	0	0	0	0	1	0	0	0	0	0	0	0	0	0	0	0	13	3	0	0	0	0	0	0	4	0	0	0	0	18	0	0	4	0	0	202	0	22	0	5	0	4	4	0	1	11	0	6	0	0	0	3	18	0	0	0	0	0	3	1	0	6	0	1	0	0	0	0	1	0	0	0	0	0	3	1	6	3	0	0	0	2	7	0	0	9	1	0	0	9	0	7	2	0	0	3	0	0	0	11	0	2	0	0	2	0	0	0	2	0	0	15	
0	0	1	0	0	0	0	48	1	0	0	15	0	1	0	0	0	0	7	2	0	0	0	0	0	1	0	1	1	0	0	1	1	0	0	0	2	0	4	4	0	1	0	0	0	0	0	3	0	0	0	0	1	0	0	0	8	1	0	0	0	0	1	0	0	0	8	0	0	1	0	0	0	1	0	0	7	0	0	0	0	0	0	1	0	0	0	0	0	0	0	0	1	2	0	0	0	4	0	0	0	2	0	0	0	0	3	0	0	0	0	0	0	1	3	15	0	0	0	0	0	0	0	11	3	22	0	9	0	0	0	42	2	0	0	0	0	0	4	0	0	0	3	0	0	0	0	0	0	0	0	1	0	0	1	1	0	0	3	0	7	1	0	0	0	0	0	1	0	0	0	0	0	1	0	0	10	0	0	0	0	0	0	4	0	0	0	0	1	0	0	0	0	0	0	0	0	0	0	0	
0	0	1	0	0	7	0	0	0	0	0	5	0	0	0	0	2	6	0	0	0	0	0	16	0	0	0	0	0	4	0	0	46	0	0	0	3	11	0	1	0	4	0	0	0	0	0	155	0	0	1	0	0	0	0	2	0	1	0	0	0	0	0	0	0	0	0	0	0	9	2	0	0	0	0	0	0	0	0	0	0	1	1	0	0	0	0	0	0	1	0	0	1	0	1	0	2	0	3	0	2	0	2	0	0	1	8	0	3	0	1	0	0	0	1	2	0	1	0	0	0	0	0	0	0	0	0	0	0	3	0	0	0	0	0	0	0	0	10	0	0	0	0	0	0	0	6	0	4	0	0	0	1	0	0	0	0	0	0	0	0	2	2	1	0	0	0	1	5	0	0	0	0	0	6	2	0	0	0	0	0	0	0	12	0	0	0	0	12	0	3	2	0	1	0	0	0	2	0	0	
0	0	0	2	0	0	2	2	0	0	1	0	0	0	0	0	1	1	0	1	1	1	0	0	6	4	1	1	1	8	0	0	0	0	0	6	0	0	7	22	0	0	2	0	0	0	0	11	0	0	0	0	0	0	0	0	0	0	0	4	5	0	0	0	3	0	0	1	8	0	0	0	0	0	0	0	0	0	0	0	0	0	0	0	1	0	0	0	0	0	0	0	6	0	7	0	0	0	10	0	15	0	1	4	0	0	0	0	0	0	0	0	0	0	0	0	2	1	0	0	2	0	0	11	0	15	2	4	1	0	0	0	10	0	25	0	0	0	0	4	0	1	0	8	0	0	0	0	0	1	0	0	0	1	0	3	1	0	1	4	0	0	1	0	0	2	4	3	0	9	12	0	24	0	0	0	0	5	0	1	0	13	0	1	0	0	0	0	1	0	0	0	0	0	2	0	0	0	0	0	
0	0	5	0	0	9	0	0	1	0	33	0	10	0	0	0	0	0	0	7	0	0	13	0	0	20	2	0	0	1	0	0	4	25	0	0	39	2	1	0	0	0	0	0	4	0	0	0	0	2	1	8	1	0	0	0	3	0	0	0	1	0	5	0	0	0	0	4	1	0	0	0	20	0	0	0	4	1	0	0	0	0	0	0	0	0	0	1	1	1	2	2	0	2	0	0	1	0	0	0	0	0	0	0	0	0	0	0	0	0	0	1	1	17	0	0	0	0	36	0	0	1	1	4	0	0	0	0	0	0	0	0	0	0	0	0	0	0	10	0	6	0	4	0	1	0	0	0	0	3	1	0	0	0	0	0	0	7	3	0	0	9	0	7	0	0	0	26	13	0	0	0	7	0	0	5	0	0	0	0	0	0	0	0	0	0	0	0	1	0	27	0	0	0	2	0	0	0	1	0	
0	2	0	0	0	0	19	0	0	19	6	0	0	3	0	0	0	3	0	1	0	2	0	0	0	0	0	0	0	5	2	0	0	0	0	9	0	0	0	0	1	0	0	0	1	0	0	0	0	0	0	2	0	0	0	1	4	0	6	0	0	0	0	0	0	0	0	0	0	0	1	2	0	0	0	0	0	0	0	0	0	0	0	8	0	0	7	0	0	0	0	0	2	0	2	0	0	0	2	0	0	0	0	0	13	0	25	0	0	17	0	0	0	0	0	0	0	0	0	0	0	0	0	0	0	0	1	0	4	3	0	0	0	0	0	0	0	3	37	0	0	3	0	0	1	0	0	0	0	4	0	0	0	0	1	0	0	0	0	0	0	1	0	0	0	0	0	0	1	0	0	0	0	0	0	1	0	0	0	9	0	0	0	0	0	0	0	0	0	0	0	1	0	0	1	0	0	0	0	0	
17	2	0	0	0	0	0	0	3	0	0	0	0	0	0	1	0	0	1	0	0	0	0	0	1	0	5	0	3	3	0	7	0	0	3	0	0	0	0	0	0	0	1	0	0	0	0	10	1	4	1	0	0	0	0	0	0	0	0	0	5	0	0	9	0	0	0	0	0	0	0	0	0	5	1	0	1	0	1	0	0	1	0	7	0	0	0	2	4	0	0	3	0	0	4	0	0	0	0	0	0	8	0	0	3	6	3	0	16	0	0	0	1	0	0	0	0	0	0	3	0	1	0	1	4	0	5	0	12	0	0	0	0	0	0	0	0	0	0	0	3	12	0	0	1	0	7	2	1	0	0	0	0	0	0	0	0	0	0	0	0	0	0	6	0	0	0	0	0	0	0	0	0	2	2	0	0	7	0	0	0	0	0	0	1	5	0	0	0	2	37	0	0	0	0	0	0	1	0	0	
0	0	0	0	0	0	0	0	0	6	0	3	0	0	0	0	1	0	0	0	0	3	3	0	0	0	0	4	0	0	23	1	0	0	0	0	0	0	0	0	0	0	0	0	0	0	0	1	1	0	0	0	4	0	0	4	0	0	0	0	0	0	0	0	2	0	0	0	0	0	0	0	1	0	0	1	0	0	0	0	0	0	0	0	1	12	0	0	0	0	0	3	8	0	1	0	0	0	0	0	0	0	0	1	0	0	3	0	5	1	1	0	0	0	0	4	0	0	20	0	0	1	9	0	0	0	0	1	0	0	0	1	2	0	0	12	0	0	0	0	0	0	27	0	4	1	0	1	0	0	40	0	0	0	0	2	2	11	0	0	0	0	1	0	1	10	0	0	0	13	0	5	0	0	1	11	0	0	0	0	0	0	0	0	0	0	0	0	0	1	0	0	0	0	0	1	0	0	0	4	
0	0	1	0	0	0	0	3	9	0	0	0	0	0	0	0	0	0	0	1	0	2	0	4	0	1	1	1	0	0	0	1	0	0	0	0	0	4	0	0	1	0	0	0	0	0	0	0	0	0	0	0	4	0	2	0	0	1	1	0	1	0	0	1	0	0	4	2	0	0	0	0	0	0	0	0	0	0	0	0	0	0	1	1	0	0	0	0	0	5	3	0	11	0	3	0	0	0	0	0	0	0	0	0	16	0	2	5	1	3	0	0	1	0	0	0	0	0	0	0	0	0	2	0	0	2	0	10	11	0	0	0	0	0	0	0	0	6	0	0	5	8	0	0	0	0	1	0	0	2	4	0	0	0	0	14	0	0	0	0	0	0	23	0	2	0	11	4	0	9	0	0	0	0	0	0	0	6	0	0	0	0	0	0	3	2	0	0	0	0	0	22	0	0	0	1	0	0	0	0	
0	0	0	0	0	0	0	2	0	0	5	0	1	0	0	0	4	1	0	0	0	2	0	0	0	0	0	15	0	0	0	9	0	0	4	3	0	1	0	0	0	0	0	0	0	0	4	0	0	0	0	0	0	0	0	0	0	0	0	0	1	0	0	0	4	2	0	0	1	0	4	0	0	0	0	0	0	0	0	1	0	0	0	0	0	0	3	0	0	0	0	0	0	5	0	0	0	0	0	0	0	0	0	0	0	0	0	1	2	0	0	0	0	0	0	0	1	0	0	34	0	0	4	4	0	1	0	0	0	0	1	0	4	0	5	0	0	4	1	0	10	10	0	0	2	0	0	3	0	0	1	0	0	0	0	0	0	0	9	0	0	3	0	0	0	9	0	0	8	3	0	0	14	0	8	1	0	0	6	0	0	0	1	0	0	0	4	0	0	0	2	2	0	0	1	0	0	0	1	0	
0	0	0	0	10	7	0	6	0	0	0	4	0	4	0	16	0	0	6	0	0	1	0	0	11	0	3	0	0	0	0	0	0	0	0	3	2	0	4	0	11	0	0	0	0	0	0	2	4	1	0	0	0	2	0	0	0	1	0	0	0	0	0	0	0	0	5	0	0	0	3	0	0	0	0	0	1	0	0	0	0	0	1	0	2	0	0	0	0	0	14	0	0	0	0	0	0	0	8	0	0	0	0	0	0	1	16	0	0	0	0	0	0	0	2	3	0	0	0	1	0	0	0	0	0	1	0	4	4	0	1	0	0	15	6	3	0	5	1	5	0	0	0	0	0	0	0	0	0	5	12	0	0	0	0	2	13	0	0	0	2	1	0	0	0	0	1	0	0	9	0	0	4	1	0	0	0	2	0	0	0	0	0	0	1	0	0	14	4	2	0	0	0	0	1	0	23	1	0	0	
0	0	0	0	2	0	0	1	0	0	0	7	0	0	1	0	0	1	0	0	0	0	0	0	0	0	0	0	0	3	2	0	0	0	7	3	0	12	2	0	0	0	0	0	0	1	0	0	1	0	0	0	1	0	1	0	0	0	0	0	0	0	0	17	0	0	0	0	0	0	7	0	0	0	0	0	0	0	0	0	0	0	6	0	2	0	0	0	3	0	0	0	0	1	1	4	0	0	0	0	10	2	0	1	0	0	0	0	0	1	0	0	2	0	0	1	0	0	0	0	6	0	0	0	0	40	34	0	0	0	0	34	0	0	1	0	0	2	34	1	0	4	0	0	0	0	0	4	0	1	0	0	0	0	0	13	0	0	0	0	0	9	7	0	0	0	0	0	0	0	0	0	0	0	4	0	0	0	0	7	0	1	0	0	0	1	0	0	22	20	0	0	0	0	0	1	0	0	0	0	
38	0	0	1	1	0	0	6	0	0	8	1	0	2	0	0	0	0	0	4	7	0	0	0	0	10	0	0	8	0	0	5	0	0	0	0	0	1	0	0	0	0	0	8	0	0	4	0	0	0	2	0	0	6	0	0	0	0	0	0	0	0	0	0	0	1	0	4	0	0	0	0	0	0	0	11	0	3	0	0	0	0	0	2	0	0	0	1	1	0	2	4	0	0	5	0	3	0	4	0	0	0	0	68	0	1	0	4	0	0	0	0	4	2	7	5	0	13	0	0	0	0	11	0	0	0	13	0	4	0	16	18	0	0	5	0	0	0	2	0	0	7	0	10	0	0	1	0	0	0	0	1	3	4	0	0	0	0	0	2	6	0	0	5	0	0	0	2	8	0	0	0	4	0	0	0	6	3	0	0	0	0	0	0	0	0	0	0	0	0	0	0	0	0	0	0	0	0	0	0	
10	0	0	0	0	0	1	0	5	0	0	0	0	0	0	0	0	0	1	0	0	0	9	0	0	9	0	5	0	0	0	0	0	0	0	0	0	2	0	0	0	9	0	0	0	0	0	0	0	0	0	0	2	2	0	0	0	0	0	1	1	0	0	0	0	0	0	0	0	0	0	0	0	1	6	0	1	3	3	1	1	0	0	1	0	0	0	0	0	0	9	0	0	0	0	6	0	0	6	0	0	0	0	3	1	1	3	0	9	0	0	0	0	1	0	1	8	0	5	3	0	0	0	0	0	0	0	0	2	0	0	0	0	0	1	0	0	0	0	0	0	0	0	0	0	3	0	1	0	0	3	1	0	6	0	0	0	0	0	13	0	6	0	0	0	3	4	0	2	0	0	0	0	13	0	0	0	1	2	0	0	0	0	0	0	0	0	0	8	0	0	0	0	0	2	0	0	0	0	0	
0	0	0	0	0	0	0	2	1	0	0	0	0	0	4	0	0	0	0	0	0	0	24	0	0	2	0	1	1	0	0	1	1	0	2	0	0	0	3	0	0	1	0	5	0	0	0	0	0	1	0	5	0	11	0	0	0	0	0	14	5	0	0	0	6	0	0	0	5	0	1	0	0	0	0	0	15	0	5	0	1	0	0	0	1	0	1	0	0	0	0	0	0	3	0	0	0	6	0	0	1	0	3	0	8	0	0	0	0	11	0	0	27	0	0	6	0	0	2	1	0	0	11	0	3	0	20	0	10	0	24	0	3	0	0	0	0	0	0	0	6	0	2	6	0	0	1	0	13	0	0	2	0	0	6	3	0	0	0	1	9	12	0	0	0	0	0	1	0	0	1	0	0	15	0	1	0	0	0	1	0	0	0	0	0	1	0	1	0	0	0	0	31	0	2	0	4	0	1	4	
0	0	0	0	2	0	0	0	0	0	15	0	2	1	2	0	0	0	0	0	0	2	1	0	0	0	4	0	0	0	0	0	1	0	0	0	0	0	0	0	0	3	0	0	0	4	0	0	0	0	0	0	0	1	11	0	2	12	0	0	0	0	0	0	0	0	0	0	0	0	10	0	0	0	0	0	0	0	6	0	3	3	2	9	1	0	0	3	0	0	0	0	1	4	0	17	0	4	1	0	0	0	0	20	0	0	0	0	0	0	0	0	0	2	0	0	1	6	2	0	3	1	0	2	10	0	0	0	0	0	1	0	3	0	0	0	0	0	0	0	1	0	0	0	0	5	1	2	0	0	2	1	1	0	0	0	0	2	5	0	5	0	0	0	0	0	0	0	0	0	7	1	0	0	0	0	0	0	1	2	0	0	0	0	6	0	0	1	4	0	0	32	0	0	0	0	11	0	2	0	
0	0	0	0	0	0	0	0	0	3	0	0	1	0	0	9	0	0	6	0	5	0	0	0	2	16	3	0	2	0	0	0	3	0	30	13	0	0	0	0	0	11	0	0	0	24	0	0	2	0	0	0	0	1	0	1	0	0	0	0	0	0	0	0	0	0	0	0	8	5	0	0	8	1	1	0	0	0	0	0	4	0	3	0	0	0	0	0	5	0	0	0	4	0	0	0	0	0	0	0	0	10	1	0	0	0	0	0	0	5	0	0	0	0	0	0	5	7	12	0	0	7	0	0	0	2	0	0	1	0	0	3	0	0	0	1	0	0	0	2	2	0	0	0	0	0	0	22	2	0	0	0	0	0	1	1	0	0	1	8	0	0	1	13	0	0	0	2	0	4	0	1	0	2	0	0	0	2	4	0	0	6	0	5	22	0	0	0	0	0	0	0	0	0	0	0	2	2	0	2	
0	0	0	0	0	0	7	0	0	0	0	0	0	0	0	0	15	0	0	0	0	0	0	0	1	7	2	0	0	0	0	21	1	0	0	0	0	56	0	0	0	0	0	0	0	0	0	0	1	0	1	2	0	0	7	0	5	1	0	0	0	0	0	0	0	0	0	8	0	0	0	0	0	1	0	0	0	0	1	0	2	0	0	0	0	2	0	11	1	0	0	24	4	46	0	0	0	0	0	0	0	0	1	0	0	11	3	0	0	6	0	6	0	5	0	15	0	4	0	0	2	2	0	0	4	0	0	0	13	2	0	0	0	3	0	0	0	1	0	0	1	0	0	0	0	0	0	4	1	5	0	0	0	2	2	0	0	0	3	0	18	0	0	8	0	15	0	0	3	0	0	0	2	0	0	0	0	0	0	0	7	0	1	0	0	7	0	5	0	0	0	0	0	0	0	0	0	0	1	2	
0	0	0	13	0	0	2	0	0	0	4	4	2	0	0	0	0	17	0	0	0	0	0	0	0	2	2	0	0	0	1	0	0	0	0	0	0	1	0	2	0	0	0	0	0	1	0	0	2	0	0	0	0	0	1	0	0	0	0	24	0	0	0	0	0	1	0	8	0	0	0	0	1	0	1	0	0	0	0	0	4	2	9	0	0	0	0	1	0	1	0	2	0	4	5	0	1	0	0	0	2	0	11	6	0	0	0	0	0	0	0	0	0	0	7	0	0	0	0	0	0	0	0	0	1	0	18	1	0	0	0	0	2	1	0	0	10	0	0	3	0	0	0	0	0	0	0	0	1	0	0	1	0	0	0	2	0	0	0	0	0	4	0	1	7	0	7	19	6	0	0	0	0	0	0	1	0	0	0	0	0	0	0	0	0	1	0	1	4	1	0	0	0	0	0	9	0	35	0	0	
0	0	0	0	1	0	1	0	0	0	0	1	1	0	10	0	0	0	7	14	0	0	0	0	0	0	1	0	0	0	0	0	0	0	0	0	0	2	5	3	0	0	0	2	0	1	0	0	0	0	0	0	0	0	0	7	0	0	0	0	0	0	10	0	2	0	1	0	0	1	15	0	0	0	6	0	1	2	0	0	0	1	0	0	1	0	0	0	2	6	0	0	0	5	0	9	0	1	0	0	0	2	0	0	7	0	0	0	0	4	0	0	0	0	0	26	12	0	0	0	0	3	10	0	0	2	1	0	0	8	1	0	1	0	0	0	8	0	0	0	0	0	0	0	0	2	6	0	0	1	23	0	0	6	0	0	7	1	0	0	5	0	3	1	1	0	8	0	0	0	0	1	0	0	0	0	3	0	10	9	0	0	0	0	0	0	0	0	0	0	0	1	0	0	0	0	0	0	0	0	
0	0	0	0	0	13	5	0	0	1	0	0	0	11	0	0	0	0	8	1	0	0	0	0	0	0	0	0	1	0	0	0	16	0	5	0	0	0	1	1	4	3	0	0	0	0	0	1	1	0	0	0	0	0	0	0	0	2	0	2	0	1	0	0	0	0	0	0	1	0	0	0	2	0	1	0	0	4	0	0	0	0	3	0	0	0	0	0	0	0	0	1	0	0	16	0	3	2	0	0	0	0	4	3	0	0	0	0	10	0	10	0	3	0	17	2	7	13	0	0	1	0	0	6	5	1	0	0	0	6	0	0	0	0	0	7	3	3	0	1	0	0	0	0	0	3	0	0	0	0	4	0	24	0	0	0	0	0	0	2	0	2	0	0	0	0	0	7	7	0	36	0	0	0	0	0	0	0	0	0	9	1	0	0	0	7	0	2	0	0	0	7	10	0	0	0	2	0	0	0	
3	1	0	0	1	0	0	0	1	0	0	22	0	0	0	0	0	6	3	0	0	7	0	0	4	0	0	2	1	5	0	0	0	1	0	1	0	0	1	0	1	0	0	0	5	0	1	0	0	0	0	0	1	0	2	0	1	0	0	0	0	0	2	0	2	12	1	0	3	1	0	0	0	0	0	10	0	11	0	0	0	2	1	0	0	4	0	0	2	0	16	0	0	0	0	0	0	0	0	0	1	0	0	0	0	0	0	0	0	0	0	3	9	0	0	34	0	0	0	0	4	1	0	0	0	0	0	0	1	2	0	0	10	0	3	18	1	0	0	0	0	0	0	0	4	3	0	0	0	0	0	0	0	8	21	0	0	0	0	12	0	0	4	0	0	0	0	0	0	0	0	0	0	36	0	0	0	0	1	0	1	0	0	0	7	0	0	0	0	0	2	0	2	37	7	0	1	0	0	0	
2	0	0	0	3	0	2	0	0	0	0	0	2	0	2	0	0	0	0	6	21	0	0	0	6	0	2	0	0	0	2	0	0	0	0	0	3	1	0	0	0	0	0	1	0	0	0	5	0	0	0	0	0	0	0	0	0	5	1	0	0	0	0	0	6	0	0	0	9	0	8	1	6	0	0	8	0	1	0	0	1	0	0	0	5	9	39	1	0	0	0	17	0	0	1	0	0	68	2	0	0	0	0	15	0	1	0	0	1	0	11	2	0	0	0	0	0	2	0	7	0	0	0	0	0	1	16	0	0	0	10	1	3	0	10	21	22	0	0	0	0	1	0	0	1	0	4	10	2	0	0	0	0	0	2	0	1	1	0	0	1	0	0	0	1	1	0	5	0	0	0	0	0	4	0	0	0	1	0	0	5	0	1	0	0	0	0	2	3	2	0	0	0	0	0	0	0	5	0	0	
1	2	0	0	0	0	0	0	19	0	0	0	0	0	0	0	0	0	0	0	0	2	0	0	0	0	0	0	0	2	1	8	0	0	5	0	1	0	0	0	0	0	1	0	0	0	2	0	0	0	0	0	0	0	5	4	0	0	0	5	0	0	1	4	0	0	0	6	0	8	3	0	0	0	0	0	1	3	0	0	1	5	0	0	0	0	0	0	0	8	0	0	0	2	0	0	0	0	10	0	0	0	9	0	7	0	1	0	0	2	0	0	0	0	0	10	1	0	0	0	0	0	1	0	1	9	0	0	0	0	0	8	0	1	1	0	0	0	1	0	2	0	1	0	1	0	6	0	9	0	9	0	0	0	0	0	0	0	0	0	2	2	7	0	0	11	8	0	0	0	0	0	0	0	0	16	0	0	1	0	0	0	0	4	0	0	5	7	0	0	0	0	2	0	4	0	1	2	1	0	
6	0	16	0	3	0	0	0	0	1	0	0	0	0	0	1	0	0	0	5	6	7	0	0	0	10	0	0	0	1	1	0	0	0	0	0	1	0	0	1	0	4	0	0	1	0	4	0	0	2	0	0	4	1	1	0	3	0	0	12	0	0	0	1	2	0	0	0	0	0	8	1	0	0	0	2	10	5	0	2	0	0	2	0	17	0	6	0	0	0	0	4	0	0	0	0	0	0	0	0	4	0	0	0	1	0	0	0	0	0	0	0	1	0	2	3	1	0	4	0	0	0	0	0	1	16	5	0	0	33	0	8	5	1	0	0	1	0	0	0	0	0	0	0	2	0	0	2	1	0	0	0	21	0	0	0	0	0	0	0	0	0	7	0	0	0	0	0	0	0	0	0	0	0	0	14	0	1	1	0	0	1	0	0	0	0	10	0	0	0	0	0	0	0	0	0	0	0	10	1	
0	0	0	0	0	0	2	1	0	0	0	0	5	0	3	0	0	0	0	0	1	0	1	0	0	0	4	0	0	0	4	0	0	3	2	0	3	0	0	0	0	0	0	0	0	7	0	4	4	2	0	0	2	0	0	10	1	7	0	0	0	0	0	0	0	0	5	4	0	9	0	0	0	0	0	0	0	0	0	10	1	2	0	0	0	19	0	0	0	0	0	0	8	0	0	1	0	1	0	17	0	8	0	7	1	15	4	0	8	3	6	1	3	16	0	2	0	3	1	3	0	0	3	6	0	3	0	0	1	0	0	0	0	0	0	0	0	0	0	1	0	0	0	0	0	0	0	1	0	0	0	0	0	4	1	0	0	6	1	0	6	0	2	0	8	1	0	0	0	0	0	0	1	0	0	0	0	0	0	0	0	0	0	2	0	0	2	0	0	0	2	0	15	8	9	2	2	0	0	0	
0	1	0	0	0	0	2	0	0	0	0	0	0	0	1	0	0	0	12	0	0	0	0	0	0	0	0	1	0	0	1	0	4	7	0	0	1	0	0	0	4	0	0	13	0	0	0	0	0	13	0	0	2	0	0	0	0	0	1	0	0	3	0	0	0	0	2	0	0	3	0	1	1	0	0	0	0	0	0	10	0	0	3	0	0	0	0	0	0	0	0	0	1	0	36	0	0	0	0	0	7	0	0	0	0	0	0	4	0	2	0	1	18	0	0	3	0	0	0	0	0	0	1	34	0	0	1	0	0	0	0	3	0	0	0	0	0	13	0	0	0	3	0	1	2	0	2	0	0	20	13	0	1	7	1	10	1	15	0	0	0	0	0	0	12	0	0	0	0	0	0	0	0	0	0	0	0	0	0	0	1	0	0	19	0	6	0	1	22	0	0	1	1	4	0	10	2	0	0	0	
0	0	0	5	0	0	0	12	0	0	0	0	0	0	0	0	0	0	0	0	4	0	0	0	0	0	0	0	0	6	5	1	4	5	0	0	5	1	1	0	0	7	7	2	0	0	7	4	1	1	0	2	0	1	0	0	0	0	0	0	0	0	0	0	8	0	0	0	6	0	2	0	0	0	0	0	0	0	0	0	6	0	0	1	0	0	18	0	0	0	0	0	0	0	0	0	0	0	0	1	0	0	0	0	7	0	9	0	1	0	0	0	0	0	0	0	1	0	1	3	0	2	0	0	0	0	0	0	9	0	0	3	0	3	0	1	0	0	0	0	4	0	0	4	0	0	6	0	24	0	0	2	2	0	0	0	1	0	3	0	2	0	0	0	0	0	0	3	1	0	1	1	0	0	0	24	0	0	24	0	0	1	0	0	0	0	0	0	0	0	0	0	0	2	1	0	0	0	0	0	
0	1	4	0	3	2	0	0	0	0	0	0	0	0	0	0	0	0	2	0	5	0	1	0	1	0	1	0	1	0	3	2	0	5	0	0	0	0	0	0	0	0	0	0	0	0	0	1	4	0	0	1	0	0	0	0	0	0	8	1	0	8	2	0	0	0	0	0	0	4	0	0	0	0	3	0	0	0	0	0	2	0	0	1	10	0	0	3	0	0	0	0	0	0	0	0	32	0	0	0	0	0	8	0	13	0	3	0	0	9	0	0	0	12	3	0	3	0	0	0	12	1	0	7	0	0	0	0	0	2	1	0	0	0	1	0	0	0	0	0	0	0	9	6	0	0	0	0	0	5	4	0	3	0	2	0	6	0	0	1	0	0	0	0	0	1	0	0	4	0	4	0	0	0	0	2	48	0	0	5	0	0	0	0	22	4	0	0	0	0	2	7	2	0	0	1	0	1	0	0	
4	0	0	0	0	0	0	6	0	0	17	1	0	1	15	3	1	1	0	0	0	0	0	2	0	4	0	0	0	0	0	0	8	0	0	0	0	0	0	0	0	0	0	0	0	4	1	0	0	0	0	9	0	0	2	1	0	6	2	0	0	8	2	1	0	0	0	0	0	0	13	0	1	3	0	0	0	0	0	0	0	17	17	17	0	0	0	0	0	0	0	1	1	1	0	2	0	0	0	0	5	0	1	0	22	0	1	0	0	0	0	0	0	0	7	0	2	18	0	0	2	0	0	8	1	0	3	0	3	0	0	0	0	0	0	0	0	1	0	2	0	0	0	0	0	0	0	0	0	2	0	6	17	0	0	0	3	2319	1	0	0	0	6	0	0	0	0	1	6	0	0	14	0	0	0	0	0	0	0	0	4	0	1	0	0	0	0	0	0	0	0	0	0	0	0	0	0	3	0	4	
0	21	0	0	1	0	0	7	0	0	0	0	4	2	1	0	0	0	0	4	0	0	0	10	7	0	4	2	0	0	0	1	0	1	0	0	0	0	0	0	0	0	7	0	0	0	0	0	0	0	0	0	0	0	0	0	9	12	15	9	0	0	0	0	0	0	0	8	0	2	0	0	2	8	0	0	1	14	0	0	0	0	0	0	0	0	0	16	0	0	37	0	0	9	6	1	0	0	0	0	0	0	0	0	0	0	0	3	11	18	0	4	0	35	1	0	1	3	3	2	0	1	6	16	0	0	1	3	0	1	0	10	0	0	0	6	0	1	0	0	12	1	2	0	0	0	2	0	0	4	0	0	0	0	0	0	0	0	0	0	0	0	0	0	0	1	4	0	0	0	4	0	0	0	0	0	25	0	0	1	0	0	0	7	0	0	0	9	1	4	0	0	0	0	0	0	0	23	0	0	
0	20	0	0	0	3	0	0	16	12	0	0	0	14	1	10	0	10	0	0	3	0	0	1	0	1	0	8	0	0	1	0	0	0	0	1	0	0	0	0	0	1	0	0	2	0	0	0	2	0	0	0	1	0	15	0	0	0	1	0	0	0	3	0	3	10	0	1	0	2	0	8	0	0	0	0	0	0	0	3	0	0	1	0	0	0	0	0	0	0	0	1	0	0	0	0	0	5	0	0	6	0	0	1	0	0	0	0	1	0	10	0	0	0	0	0	1	0	0	0	1	0	2	0	0	0	0	0	0	0	2	0	0	0	0	0	0	0	9	0	15	0	3	0	20	0	6	0	0	0	0	4	0	0	0	4	0	1	0	2	0	0	0	0	6	1	0	0	1	0	1	12	0	5	15	0	0	0	0	0	2	3	1	0	0	0	0	5	1	0	0	0	1	0	0	0	0	0	0	0	
