1002	131	0	5	5	0	8	5	1	9	0	5	1	7	2	3	481	4	1	0	0	0	0	0	0	0	1	11	1	4	0	1	0	0	11	0	2	0	3	5	1	7	1	1	0	2	4	3	7	0	1	18	4	5	0	1	10	3	0	0	3	2	0	23	0	2	0	8	0	3	0	0	0	0	9	11	0	0	4	0	0	11	3	3	3	0	0	2	0	0	0	0	0	6	0	12	0	0	3	20	7	0	0	0	13	1	0	0	5	0	5	0	0	3	0	0	3	13	1	2	2	5	12	6	0	0	8	5	0	286	2	14	0	1	4	0	70	0	3	2	5	0	6	0	10	4	10	0	1	0	6	2	5	3	3	4	0	5	3	7	0	1	0	2	7	2	0	2	0	0	0	0	0	0	0	2	0	50	15	1	15	8	0	13	0	0	0	0	4	6	75	0	4	6	1	4	3	22	2	1	
8	3	2	0	38	29	0	3	0	0	3	5	2	1	3	1	5	52	459	0	2	1	6	1	0	0	0	1	1	0	0	0	4	0	0	3	1	6	1	0	0	0	3	9	5	1	0	29	17	7	2	0	6	6	12	0	2	29	2	1	12	1	0	0	1	1	12	4	0	1	0	1	1	2	3	1	10	0	0	0	7	0	1	2	0	0	3	3	0	1	9	0	0	0	0	1	0	0	0	72	7	1	13	1	1	0	0	0	1	2	1	7	0	0	0	1	1	924	0	4	1	5	0	1	1	0	5	0	0	3	0	5	110	34	29	4	1	0	2	0	1	0	1	0	3	5	12	2	0	1	0	9	0	14	0	0	0	5	7	2	0	1	2	0	1	0	0	0	0	0	0	1	0	2	0	0	0	0	2	5	0	1	1	0	0	1	0	0	0	4	5	0	11	0	15	25	4	2	0	2	
26	19	7	3	0	0	4	8	0	0	4	0	2	1	14	49	0	0	20	5	8	0	1	4	4	0	453	1	1	1	0	0	3	6	3	0	1	6	0	9	3	3	2	16	0	0	2	3	0	9	0	0	5	1	8	1	0	0	3	102	1	3	1	0	3	1	0	0	1	3	6	2	22	0	2	0	5	0	3	6	0	0	18	1	0	0	2	37	2	0	2	0	0	0	0	18	0	0	3	2	0	1	0	1	0	0	3	0	0	5	3	1	12	0	0	11	909	0	0	5	1	3	0	0	4	6	12	0	43	2	0	0	3	7	4	0	17	3	0	0	41	2	2	1	0	62	0	6	0	14	0	0	0	30	0	14	1	5	0	1	0	3	13	12	0	3	32	0	3	0	1	17	7	1	0	17	0	0	1	3	0	0	6	0	2	1	1	1	1	25	0	10	9	11	0	0	0	0	10	292	
9	0	0	18	11	0	2	4	2	0	3	3	2	4	1	5	3	0	447	0	0	0	0	0	0	1	24	0	2	7	6	0	0	7	14	8	0	2	2	1	7	4	3	8	0	3	3	1	4	0	95	4	13	2	5	0	2	1	0	0	5	5	0	0	0	0	0	2	1	0	0	13	14	1	5	0	0	1	0	3	0	1	0	0	0	5	5	0	8	0	0	0	0	2	0	16	1	0	37	7	2	8	40	3	2	0	1	3	0	3	2	16	20	9	4	4	8	10	24	0	4	0	0	4	32	4	0	16	9	12	939	2	0	6	12	1	904	0	0	844	3	1	9	10	1	1	18	0	0	0	118	0	0	2	5	0	0	1	0	39	0	48	0	10	0	0	3	1	1	0	7	1	0	5	8	9	6	2	0	0	20	0	1	1	1	7	6	2	10	115	5	33	2	63	14	0	1	2	0	0	
12	0	1	0	0	4	5	1	1	8	0	2	36	1	0	0	1	39	11	2	6	5	0	2	4	11	0	1	39	2	1	1	1	0	1	1	2	1	4	1	0	0	0	0	2	0	0	0	1	0	1	8	3	1	1	0	3	6	0	0	0	3	3	1	0	1	1	20	0	0	19	3	0	2	21	7	2	1	18	0	11	0	2	1	3	0	0	1	0	3	0	0	0	2	27	0	28	0	0	3	0	9	0	0	0	27	0	3	3	1	0	3	1	2	0	1	0	0	18	0	9	0	8	3	0	0	5	0	0	4	25	1	6	4	2	0	0	0	3	22	0	0	55	2	0	0	0	0	15	1	15	29	0	3	8	0	0	0	2	9	0	4	1	6	1	4	0	5	0	1	3	0	2	2	3	0	0	4	0	307	54	1	1	5	4	0	3	0	7	5	1	27	0	21	52	2	2	39	1	3	
11	1	6	0	1	24	1	0	0	2	0	11	0	0	3	1	1	0	6	2	8	29	0	7	2	0	0	8	1	0	1	11	7	4	1	2	3	49	9	5	3	4	4	13	0	2	9	0	0	1	2	15	3	0	24	8	9	0	0	5	0	0	1	0	0	0	6	1	0	2	0	0	4	1	2	4	0	0	6	1	0	1	0	3	0	1	0	0	0	1	0	0	2	0	0	11	0	7	1	0	0	4	2	1	2	0	2	3	1	2	2	0	0	0	0	153	9	5	2	5	0	7	1	0	1	0	0	0	0	0	4	1	2	25	1	0	5	8	2	2	2	3	2	2	0	2	1	2	4	2	10	522	16	3	4	0	57	1	1	0	0	4	4	1	5	0	0	0	43	1	0	0	4	0	5	11	1	0	0	2	22	0	13	3	4	1	5	6	1	1	0	0	3	0	0	1	6	3	0	3	
4	33	14	0	7	4	0	0	1	1	1	1	3	0	4	0	0	3	0	0	3	40	6	0	1	7	0	406	0	2	1	0	0	5	0	1	1	4	8	2	1	7	0	0	0	0	3	3	0	1	2	1	11	12	3	3	2	4	1	1	1	255	0	0	0	3	0	0	6	1	11	48	5	0	3	0	1	4	2	14	1	8	0	3	0	0	0	23	0	1	0	0	1	0	15	0	1	0	27	3	0	0	1	0	3	6	1	1	0	1	1	0	4	0	1	3	0	0	2	0	15	59	9	7	0	0	113	0	0	7	0	3	0	4	2	20	9	2	0	0	6	2	4	17	0	25	3	68	6	0	5	2	1	0	2	0	0	1	7	16	3	1	42	0	6	4	0	15	0	3	107	16	2	0	0	9	0	10	0	0	1	0	0	0	0	0	4	0	1	1	0	1	6	1	24	0	0	1	1	2	
1	5	9	2	8	4	92	1	3	0	1	8	0	5	0	0	2	10	4	5	102	0	11	11	3	1	0	0	0	0	0	0	2	11	12	4	0	0	0	11	0	3	5	108	0	0	6	2	0	8	0	3	2	0	0	3	8	1	0	0	0	0	2	4	0	1	0	0	0	1	1	1	0	4	0	1	1	12	0	0	0	3	2	30	0	28	0	8	0	1	2	1	0	0	6	3	2	4	0	2	14	3	2	1	0	6	0	1	3	15	0	0	0	1	0	17	3	0	1	6	0	9	1	7	2	3	7	987	0	0	11	0	0	4	9	9	0	2	3	0	3	0	1	0	7	0	0	12	0	0	19	1	4	0	4	1	1	6	7	35	4	16	2	0	0	0	11	4	1	1	0	0	0	9	2	0	13	12	2	4	0	0	2	6	0	0	1	0	4	1	0	3	0	2	1	14	1	5	0	2	
0	1	4	1	1	1	0	0	1	0	1	350	0	0	0	0	0	3	3	2	1	0	1	0	0	7	1	440	1	2	0	0	1	394	0	5	0	4	1	2	2	7	0	37	11	1	0	1	0	105	0	0	7	9	0	5	2	65	0	1	4	0	11	13	0	0	2	0	0	6	0	0	0	6	0	1	0	0	0	15	3	0	1	5	0	0	0	3	2	12	0	0	14	1	1	0	0	4	0	0	0	7	1	1	3	4	2	0	0	0	7	0	13	0	62	0	3	0	0	9	9	7	8	3	5	5	2	6	0	23	1	0	0	0	0	4	17	1	0	0	0	2	0	7	0	1	1	8	1	0	0	4	2	10	17	4	3	6	0	11	0	0	1	1	2	1	0	3	0	3	0	0	6	24	0	1	0	2	1	4	0	0	0	18	6	5	5	0	0	1	11	5	0	1	10	2	0	0	3	4685	
0	6	13	0	2	13	8	1	12	1	0	0	0	6	0	2	1	0	1	0	0	405	2	0	0	1	1	1	17	0	6	0	1	5	0	0	3	5	0	7	0	4	0	1	0	1	0	16	1	20	17	0	0	12	0	0	6	3	0	0	1	0	0	17	0	2	0	0	5	1	0	0	1	194	7	0	3	0	2	2	1	0	2	17	0	0	0	0	1	7	0	4	72	0	0	0	2	6	0	0	1	24	11	0	1	0	0	2	0	1	2	2	10	1	7	0	0	0	1	16	0	1	7	1	0	8	2	11	0	1	7	0	8	0	12	26	49	0	0	3	0	2	1	0	0	0	7	8	11	1	1	1	16	0	0	0	6	9	18	0	0	9	4	7	2	0	0	8	0	6	0	0	6	8	3	2	0	0	0	0	2	14	0	0	6	49	0	0	0	4	0	1	5	4	0	0	2	0	8	0	
3	4	0	0	5	1	0	0	0	2	53	0	1	2	0	4	1	2	1	0	1	0	1	1	1	23	1	2	8	1	6	0	3	1	5	1	0	16	1	6	0	0	0	0	99	0	0	18	14	11	0	0	4	0	0	6	0	0	4	0	0	0	0	4	2163	1	3	1	4	2	2	1	0	0	3	9	4	0	14	0	0	0	76	1	0	6	0	2	3	1	3	2	0	0	0	0	1	2	81	0	0	1	1	0	13	6	2	1	4	4	0	6	0	9	0	0	0	0	6	2	8	0	4	10	0	0	2	12	2	0	0	1	1	0	1	2	0	0	2	4	3	9	3	13	1	0	10	19	0	0	3	6	0	3	1	0	0	3	0	2	9	1	0	5	1	3	12	0	2	8	8	0	11	41	0	18	4	3	19	3	7	15	0	60	8	5	3	0	1	4	28	2	0	0	6	16	6	2	5	2	
0	0	7	2	0	0	6	2	0	0	1	0	2	7	0	1	1	1	0	459	2	13	7	947	7	0	4	0	0	0	2	0	0	0	0	0	5	0	0	3	0	0	10	0	0	0	6	0	2	0	2	0	0	12	0	1	0	1	4	22	5	6	0	0	3	2	4	0	1	9	3	2	8	0	16	0	0	0	0	1	1	1	0	0	0	1	0	1	1	5	20	5	0	0	0	0	0	0	0	2	2	6	4	0	1	1	0	0	0	3	5	2	0	0	1	3	2	0	0	4	3	3	4	3	8	6	22	4	4	0	9	6	0	0	9	0	8	4	0	0	0	12	16	0	0	0	0	0	1	61	12	8	0	0	17	95	0	10	6	5	0	2	1	0	184	1	2	0	19	1	4	0	0	0	11	8	0	1	0	3	20	7	2	1	1	5	0	0	1	0	2	4	5	1	4	12	9	22	4	0	
0	2	0	0	5	3	0	0	0	1	0	0	0	3	7	0	1	6	4	0	19	0	0	2	2	2	1	2	0	4	2	0	0	0	0	3	0	1	40	0	0	0	7	7	11	0	0	8	0	4	5	15	1	1	25	3	2	2	1	0	0	0	4	0	2	14	0	11	0	7	0	0	4	0	0	0	1	0	2	0	16	0	0	5	1	0	3	1	1	5	4	5	0	0	2	2	0	1	0	3	3	3	3	0	0	6	3	19	7	24	5	0	10	22	0	35	20	0	28	0	1	2	2	5	0	7	0	0	6	2	9	6	8	0	12	117	2	6	0	1	1	0	2	23	0	0	3	3	0	1	0	7	0	9	1	0	151	0	1	0	1	0	0	6	0	2	1	0	11	3	0	3	1	1	8	4	704	0	5	0	0	1	0	0	11	1	5	2	0	23	0	13	2	3	1	2	5	6	6	10	
0	1	6	0	0	1	3	30	0	10	0	5	2	0	0	8	0	7	1	0	4	3	2	5	5	0	0	1	5	0	388	3	395	2	7	1	2	3	4	0	4	0	5	17	0	1	0	0	8	12	1	0	5	0	0	3	1	9	1	7	0	7	0	0	4	1	0	8	13	0	6	2	0	40	0	1	0	4	3	12	0	2	2	1	0	0	0	0	0	0	7	0	85	2	22	28	0	13	0	0	1	1	2	5	1	1	0	0	1	8	0	90	1	2	38	141	2	1	2	2	6	1	5	24	0	0	5	1	5	24	0	15	1	4	4	0	0	11	2	1	1	1	9	1	1	1	3	0	1	5	2	0	0	1	1	0	0	2	3	0	0	18	7	0	1	6	4	0	1	5	1	1	1	17	1	14	10	0	0	0	0	5	0	12	4	2	4	0	7	4	4	25	5	4	0	0	1	0	1	0	
1	0	4	0	0	9	0	6	2	2	1	0	7	1010	2	12	6	1	0	3	0	7	0	4	0	0	1	0	0	2	2	1	1	3	7	2	22	0	0	2	0	0	11	0	1	1	0	2	6	1	2	16	1	2	2	1	0	8	0	0	6	10	1	1	2	24	3	0	4	1	3	0	2	4	6	0	0	0	0	0	0	10	0	0	0	0	2	1	31	2	0	0	5	0	0	0	0	3	1	3	0	0	4	4	12	6	7	0	11	6	1	1	4	0	2	0	4	4	13	4	8	30	0	0	7	61	0	4	1	2	39	1	3	8	0	1	1	16	2	2	14	1	4	0	16	0	12	0	14	0	0	4	1	0	9	2	0	0	23	98	2	0	4	0	0	0	1	0	0	0	0	1	1	1	0	0	7	2	0	0	15	14	2	8	2	2	0	1	12	0	1	0	0	4	6	13	1	4	9	1	
3	11	1	0	0	2	4	0	1	0	0	0	12	0	0	1	12	1	0	7	0	29	3	3	0	6	1	3	0	5	0	6	0	0	0	3	19	0	5	0	5	12	252	112	2	1	1	13	0	0	0	15	3	0	2	2	0	1	0	0	1	0	0	1	0	2	69	5	4	6	0	0	1	0	6	1	1	0	0	0	1	1	0	2	4	1	23	0	0	2	0	6	0	1	5	2	0	0	1	0	1	0	0	5	0	2	5	16	2	37	0	2	0	20	13	19	0	5	106	5	2	1	13	8	0	0	2	4	3	0	1	0	2	3	5	886	11	0	36	10	2	12	0	2	0	3	1	0	0	14	2	0	6	3	5	307	16	4	2	0	2	0	4	37	2	2	3	3	0	0	0	2	4	24	1	3	29	39	0	15	1	0	9	4	2	0	0	0	16	6	5	3	0	6	33	100	1	0	0	0	
6	7	3	0	457	52	0	1	28	11	11	7	17	5	0	0	1	0	1	0	5	4	0	4	0	0	14	0	0	8	1	0	0	0	1	6	3	4	2	11	1	2	3	0	2	4	2	0	2	1	198	2	0	2	3	0	1	1	0	0	0	3	0	0	0	13	0	0	0	1	0	20	1	2	0	0	0	1	0	1	1	0	20	0	0	0	0	4	1	3	7	13	20	10	7	0	0	10	1	2	2	6	1	0	2	5	1	4	9	19	10	0	2	1	2	0	2	0	2	0	2	1	5	0	1	0	6	3	1	2	1	8	0	1	5	0	1	8	2	6	4	3	48	0	0	2	1	5	35	4	9	0	0	4	0	0	5	45	4	47	6	5	3	49	0	1	0	0	10	5	0	0	0	2	4	0	7	1	2	9	0	0	0	0	0	0	5	7	36	14	22	0	0	1	0	7	0	2	1	0	
0	5	1	23	4	0	0	0	0	3	1	1	0	0	3	412	1	10	0	1	3	2	5	38	1	0	0	0	2	0	14	0	5	0	4	0	1	0	27	4	1	0	0	1	0	0	0	0	0	0	1	25	5	1	11	1	1	1	2	2	4	0	1	0	0	1	1	0	1	0	1	1	0	0	0	2	0	0	0	0	0	0	4	0	0	0	7	0	2	0	3	0	0	2	17	2	5	6	2	2	1	0	2	2	2	2	18	0	2	6	0	5	0	0	1	2	0	1	1	0	1	0	8	7	0	1	1	5	0	3	3	0	3	8	1	30	510	0	0	2	1	0	14	511	4	1	9	0	1	0	1	324	0	4	10	19	5	0	0	0	2	3	2	8	0	0	9	0	17	1	7	0	6	0	0	4	0	10	22	0	2	5	21	0	1	1	1	2	0	3	0	1	7	0	5	4	4	1	0	7	
0	1	3	0	2	1	2	0	3	4	0	1	1	6	1	448	4	2	8	9	1	0	2	0	0	4	0	12	2	0	7	4	5	1	0	7	0	3	17	2	0	2	2	6	11	0	3	3	0	2	2	0	6	0	0	0	4	0	0	0	6	1	1	5	0	1	0	0	0	6	2	0	3	0	0	16	2	0	2	4	0	2	1	7	6	0	0	0	0	0	2	11	0	0	2	6	2	1	0	0	6	2	1	0	11	5	3	0	0	0	0	65	14	0	11	9	0	101	4	7	26	0	2	0	1	17	2	0	0	5	1	0	2	1	12	6	4	0	11	1	21	0	0	0	7	2	3	1	2	2	2	1	0	0	0	12	0	24	4	10	2	0	0	0	0	1	3	6	7	13	0	0	0	0	49	8	0	9	1	0	9	44	0	291	125	0	0	7	0	2	0	0	0	6	4	0	2	4	11	0	
3	0	21	0	1	0	1	0	0	12	0	0	0	0	1	5	26	7	0	4	4	0	0	1	1	0	0	0	0	236	5	1	6	0	2	7	0	2	6	2	13	1	10	0	8	0	11	25	81	20	0	0	0	0	12	1	5	1	0	21	0	3	0	0	0	0	0	1	2	0	4	0	4	0	0	18	0	2	1	0	0	0	1	0	13	23	0	1	6	0	0	0	2	2	15	8	0	0	3	0	0	1	20	38	1	8	0	1	2	6	7	902	3	2	27	0	1	1	9	0	0	0	0	1	0	14	16	0	3	7	2	0	8	57	8	0	0	1	3	2	0	0	2	11	0	3	2	11	0	0	0	8	0	4	1	3	0	8	1	3	8	0	13	0	2	0	6	15	1	0	305	117	118	22	0	5	0	0	19	5	7	0	3	0	0	11	7	0	0	22	34	0	1	28	0	11	0	0	13	0	
8	4	0	2	10	0	2	0	1	0	1	0	1	8	3	476	0	9	2	5	0	0	0	7	1	40	5	1	1	0	0	6	10	12	0	1	0	2	3	27	17	0	0	0	0	3	4	10	26	0	1	5	0	0	29	0	0	4	3	0	3	3	0	195	3	0	0	17	0	0	1	1	0	1	1	13	2	0	0	0	0	0	0	4	5	1	10	0	8	18	4	2	0	5	0	0	3	1	0	18	3	0	59	0	4	24	16	1	2	1	4	12	0	1	1	0	23	0	2	5	0	0	0	3	0	59	1	3	0	0	5	2	12	0	0	0	16	1	0	0	7	4	0	4	1	0	0	7	4	5	18	2	3	0	0	10	0	1	0	0	0	6	4	0	0	0	14	9	2	2	6	15	16	12	0	8	2	13	1	9	0	0	4	9	0	0	2	3	10	1	0	0	1	17	13	7	1	4	1	3	
10	6	11	0	0	3	0	8	8	8	0	1	0	29	1	0	0	0	2	0	8	0	8	0	4	0	1	9	13	1	10	3	0	0	6	3	6	9	16	1	0	10	16	1	3	1	1	1	197	1	19	2	4	0	0	8	0	1	4	3	0	0	0	22	0	3	0	0	0	10	0	0	1	0	1	9	0	0	0	4	0	0	0	0	0	0	6	15	0	8	0	36	6	0	1	1	2	0	1	3	1	0	7	0	2	0	0	2	7	0	3	3	0	0	0	13	1	0	0	6	0	2	13	0	4	7	928	3	0	0	0	0	0	2	1	0	1	0	8	0	0	15	2	0	127	2	8	8	8	0	6	0	6	1	2	100	0	0	11	2	3	0	2	4	2	0	1	0	3	29	14	5	11	7	0	11	1	13	3	2	25	0	3	8	6	1	2	0	0	3	2	1	0	0	2	1	13	1	0	0	
11	0	1	4	1	3	0	6	0	0	4	3	0	0	434	15	1	0	43	2	0	2	1	0	6	0	9	9	0	0	0	9	0	0	3	28	2	0	14	0	0	0	1	0	2	2	0	4	3	4	2	4	0	3	1	0	10	0	0	1	0	4	0	8	0	5	2	0	0	1	2	0	0	1	0	0	0	1	14	0	1	0	0	23	1	0	39	0	0	9	0	4	1	0	9	1	0	0	7	47	0	0	39	7	0	18	4	0	0	5	0	0	5	17	0	0	8	1	0	0	8	2	0	1	3	0	17	2	0	0	0	1	17	0	0	0	7	9	0	13	0	0	2	6	1	1	5	150	4	20	0	3	3	2	2	0	6	3	4	0	3	10	1	0	2	1	0	0	12	13	0	1	24	0	0	0	1	0	5	2	3	5	0	398	1	0	1	119	53	0	3	35	0	1	0	0	3	0	56	2	
5	2	0	5	0	2	3	1	0	0	0	0	2	8	3	1	8	7	7	2	1	1007	1001	0	0	0	10	4	0	4	1	0	16	0	0	4	1	0	3	8	2	0	0	0	0	26	8	0	0	5	0	21	4	1	2	0	0	5	0	1	1	0	7	0	11	1	1	1	0	3	11	0	1	1	0	2	0	0	0	38	0	8	4	0	0	25	1	0	0	3	9	18	0	0	0	0	1	0	17	17	2	0	4	13	0	35	0	0	0	0	1	23	0	45	18	8	944	2	1	1	0	5	0	0	8	0	6	3	139	0	8	7	5	1	1	0	0	11	0	0	1	0	1	10	5	3	0	6	0	0	15	42	0	43	6	4	2	0	0	1	1	0	5	0	0	0	14	1	1	0	0	0	20	9	3	0	2	6	0	0	0	0	4710	0	0	1	17	0	0	0	0	0	4	14	0	0	0	0	0	0	
0	5	7	12	0	6	128	1	5	0	5	0	0	0	0	0	0	1	0	1	10	0	8	28	243	1	8	5	3	9	240	8	11	4	1	6	8	5	1	29	0	1	18	0	0	0	0	0	0	0	0	2	2	2	0	0	13	1	12	0	0	0	3	0	0	0	1	3	0	0	0	3	1	8	0	0	1	4	1	4	5	1	1	0	6	0	3	0	1	7	1	0	1	0	0	0	2	4	4	7	1	0	2	0	14	12	26	23	18	4	0	1	2	1	1	0	6	7	2	0	2	1	0	0	1	0	1	2	4	523	538	1	5	0	9	2	0	2	103	3	0	0	1	7	3	7	7	0	1	2	1	15	36	1	1	0	0	0	0	3	2	7	12	0	8	1	0	0	0	1	17	20	0	3	0	4	1	3	2	401	0	0	2	22	12	0	1	15	0	7	3	0	0	0	4	5	0	12	3	0	
8	2	1	0	6	0	0	0	1	0	2	2	0	2	2	0	8	0	0	10	0	28	1	41	2	0	0	0	0	0	0	0	0	21	12	0	0	0	3	4	1	0	0	3	0	0	0	2	0	4	5	0	2	1	3	0	1	0	49	28	2	3	5	0	1	4	0	0	1	0	2	2	0	0	3	0	11	0	3	1	0	1	0	2	0	1	1	0	4	5	0	3	0	4	0	0	280	2	2	1	0	1	0	0	2	0	3	3	941	1	0	0	4	4	0	0	7	7	24	9	18	1	0	3	13	15	6	5	6	8	3	0	14	7	1	2	0	11	0	21	0	5	4	0	9	0	4	12	2	47	2	0	1	0	1	2	20	18	11	0	8	2	0	10	7	0	10	0	7	0	10	0	1	0	6	0	0	4	3	1	0	0	14	0	1	0	6	2	79	0	121	0	34	0	3	0	6	0	6	40	
2	2	1	0	1	0	0	0	7	0	3	2	8	0	5	0	2	0	0	5	19	0	0	1	2	0	0	1	0	4	1	5	8	1	0	7	3	0	0	5	0	0	3	3	24	0	3	1	1	5	1	0	6	0	1	4	7	2	0	0	0	0	0	0	0	2	0	6	2	0	2	0	0	2	0	0	1	14	4	29	23	0	0	5	0	1	0	0	1	0	1	22	0	5	10	1	17	0	2	3	0	0	11	0	0	17	6	1	0	5	2	4	10	1	0	23	12	2	14	0	5	0	0	1	3	5	1	0	0	1	2	0	0	1	4	0	1	4	12	0	1	0	0	258	1	0	1	0	0	12	1	13	0	9	10	0	0	2	2	3	0	1	0	1	3	0	12	16	2	2	13	23	1	0	0	9	9	0	3	11	2	1	2	4	0	0	8	4	1	0	7	3	3	0	41	0	9	2	0	0	
1	10	1	9	0	38	0	1	0	1	0	2	0	9	0	0	0	2	4	2	6	0	8	0	1	0	0	1	0	2	0	1	0	0	0	0	4	2	0	0	0	9	2	0	1	3	1	4	0	22	0	1	1	0	0	0	3	1	0	0	1	0	0	1	2	0	0	1	0	1	1	1	0	0	0	0	0	32	2	3	0	1	0	2	1	0	1	0	0	1	0	189	0	911	3	0	24	5	3	2	0	3	1	1	4	31	0	3	0	0	4	6	8	28	0	7	7	3	9	7	2	0	8	10	6	19	1	1	2	70	0	5	1	17	0	29	8	0	1	2	1	0	2	0	2	0	1	2	2	0	5	3	0	1	4	0	2	5	10	0	1	5	3	3	2	1	7	0	6	0	1	0	2	2	4	2	2	0	0	0	3	0	127	0	0	6	0	16	0	0	0	7	0	0	2	375	0	0	2	1	
4	7	0	0	3	0	3	3	0	0	2	2	0	0	3	0	2	0	1	0	7	3	2	0	0	7	17	0	0	0	19	2	4	0	1	0	0	26	0	1	5	0	0	5	2	12	0	0	1	1	1	0	0	0	1	1	0	0	4	0	0	0	0	0	0	3	24	0	0	0	0	0	0	0	0	0	0	4	0	0	0	4	5	3	1	1	1	2	0	2	4	0	0	0	277	0	4	0	0	92	16	0	2	0	2	7	8	0	10	2	0	2	7	41	0	5	7	0	1	501	2	55	0	0	0	5	0	0	1	12	10	0	0	5	9	0	2	0	4	0	1	0	10	0	83	13	0	0	3	0	6	0	4	5	0	0	0	7	3	1	0	12	3	2	1	4	0	0	3	4	298	0	2	2	1	5	0	3	2	1	0	1	6	1	1	8	1	2	0	0	0	25	10	1	346	1	29	1	14	2	
2	12	0	0	0	0	0	261	2	0	0	0	9	0	1	1	0	1	4	6	6	0	6	3	0	1	4	0	0	0	9	2	21	1	0	2	7	0	2	4	0	10	3	8	0	1	0	1	1	2	0	2	8	2	0	0	0	8	1	1	0	1	0	0	1	0	4	1	0	11	1	13	15	30	1	1	0	0	0	1	21	0	0	12	1	1	1	0	0	6	3	1	1	1	8	2	142	13	3	13	3	0	3	1	0	2	8	13	15	5	1	4	4	0	28	1	0	0	3	8	2	0	0	2	3	3	2	3	0	1	0	0	1	5	0	0	2	10	0	0	1	6	121	1	3	2	0	13	2	1	0	2	3	0	22	2	0	1	1	5	6	0	5	1	3	1	19	0	2	22	7	2	4	1	21	0	1	0	0	4498	1	1	0	1	0	0	2	0	1	0	3	2	3	21	8	0	0	2	0	0	
456	0	8	15	7	2	1	0	1	0	0	2	0	0	5	3	1	7	0	1	8	7	0	0	0	16	5	9	1	0	9	113	1	0	3	25	4	0	1	12	1	17	0	1	11	5	0	1	0	7	0	0	7	0	0	67	0	0	0	1	1	1	0	0	0	0	1	0	5	0	1	1	0	1	2	0	0	3	1	1	0	0	2	0	0	1	1	0	0	13	8	15	0	16	2	1	2	9	2	0	3	1	1	9	0	2	5	4	0	4	0	1	2	2	3	21	0	1	2	0	1	0	0	0	0	0	2	0	6	7	1	12	0	4	3	0	8	0	1	3	8	1	0	0	8	0	3	4	4	1	0	1	4	4	3	0	4	3	9	11	20	7	1	12	1	0	1	0	19	6	4	0	1	0	6	0	1	9	22	1	0	0	2	0	8	1	2	0	8	2	0	21	23	0	2	3	1	0	2	0	
1	19	7	1	2	0	0	0	0	0	0	0	1	2	86	2	25	0	2	3	1	0	0	0	1	2	0	2	2	2	0	7	0	1	28	2	3	1	3	3	0	0	2	0	1	1	0	0	4	2	1	0	0	0	0	0	9	11	2	0	8	0	17	0	0	1	0	1	1	0	0	2	0	1	4	20	0	0	9	21	0	7	1	2	0	12	0	24	1	2	24	2	0	0	1	0	11	2	4	0	0	14	1	13	0	7	1	8	2	0	1	15	0	1	0	0	0	0	1	4	6	6	0	0	10	0	0	1	571	2	22	0	0	6	4	0	1	4	6	2	1	4	0	23	1	2	0	0	14	0	3	1	0	0	19	1	2	15	0	1	5	39	1	3	8	12	1	4	0	19	0	0	0	14	1	5	2	1	32	0	0	2	4	0	0	0	0	1	0	7	0	0	5	0	1	11	7	0	7	7	
2	0	8	2	24	0	0	0	0	15	0	4	2	6	0	5	24	0	5	0	0	2	6	0	4	6	0	3	1	0	3	0	2	0	0	2	1	1	7	1	0	0	0	3	0	0	1	3	0	0	1	0	0	0	1	0	0	18	2	1	0	5	30	3	1	0	19	1	0	1	0	0	0	0	6	4	2	0	2	1	1	1	5	1	0	2	3	6	2	6	0	2	5	8	2	0	7	29	21	0	0	0	30	0	4	1	1	0	2	6	0	0	0	6	2	16	0	8	0	0	18	5	0	1	0	0	2	6	15	2	6	2	0	0	4	12	9	1	0	1	3	0	7	1	0	1	0	0	0	3	0	1	1	0	718	0	0	1	3	0	0	0	2	0	0	0	404	2	0	1	14	0	4	0	18	21	0	0	7	2	0	17	0	0	1	27	1	0	0	5	3	7	0	14	3	0	0	0	0	0	
2	3	5	1	7	0	6	3	3	0	4	1	7	1	3	0	5	0	5	8	1	2	0	6	22	2	5	0	5	0	0	248	1	0	9	0	9	0	1	0	4	0	4	0	0	1	14	11	4	0	0	4	41	1	1	1	0	2	3	0	0	0	3	0	0	0	0	3	1	10	12	0	0	8	3	6	8	0	6	5	0	0	28	8	5	27	0	5	1	0	30	7	0	55	0	1	0	0	0	1	0	0	1	10	45	4	3	0	13	0	2	0	1	0	0	0	0	0	29	0	0	0	6	0	1	4	0	0	1	0	2	0	6	0	4	1	4	5	5	0	1	1	2	0	1	0	0	2	0	3	3	36	5	125	10	3	2	12	0	0	0	0	0	0	4	23	0	0	16	0	0	0	0	22	1	16	5	0	0	129	0	7	2	2	4	1	5	481	2	1	4	4	0	7	3	2	0	30	115	0	
0	0	0	0	2	0	0	2	0	0	17	8	5	0	1	16	0	7	10	0	0	4	0	0	11	4	28	2	3	8	2	0	0	3	0	10	17	3	0	1	4	0	0	1	7	7	2	0	0	0	4	0	0	7	0	3	0	0	0	0	0	0	2	1	1	0	1	0	5	0	26	0	0	0	13	0	4	0	7	0	8	21	0	14	5	28	9	0	24	4	2	23	0	0	6	0	97	0	943	0	2	1	3	0	1	0	5	2	19	0	1	0	11	0	0	2	6	0	12	18	4	0	3	0	17	2	0	6	0	2	5	13	0	4	8	0	1	2	9	0	11	4	1	0	10	4	0	0	0	5	4	0	1	9	0	4	0	2	0	3	1	0	41	77	0	10	1	0	0	0	1	403	0	7	0	6	9	4	3	5	436	2	8	0	2	7	2	0	1	0	0	20	0	5	0	0	0	5	1	435	
0	0	15	0	3	0	13	2	4	1	3	0	0	1	6	11	3	1	1	1	37	3	5	0	0	12	7	85	114	2	0	1	0	0	0	0	5	0	2	0	0	0	2	1	8	2	0	0	2	2	0	9	3	0	0	17	0	0	4	13	0	1	0	0	2	0	0	4	1	10	5	0	1	0	15	6	4	3	3	1	2	3	0	2	5	5	0	0	14	1	14	0	1	1	6	0	7	0	282	2	1	10	0	0	1	0	0	53	1	3	1	29	0	2	4	2	13	3	0	3	13	0	26	0	3	1	13	14	3	0	1	1	6	2	0	6	5	0	0	2	3	0	0	12	4	1	0	3	0	5	2	0	0	0	0	0	0	0	0	14	2	15	0	0	0	5	1	0	3	1	9	0	6	2	0	12	1	0	0	12	7	0	5	7	4	0	3	0	0	7	2	0	0	1	0	0	10	1	0	2	
11	6	4	0	0	1	9	0	3	0	0	15	6	0	0	2	1	1	0	2	1	1	4	0	20	4	8	2	1	0	0	0	7	0	1	3	0	1	0	1	0	13	8	0	0	2	0	1	1	1	6	1	0	1	2	0	2	1	83	0	0	1	0	0	0	1	0	1	1	2	0	0	5	1	0	0	6	0	5	0	0	2	0	4	0	3	11	1	3	9	0	141	5	1	2	1	79	0	2	6	2	0	21	6	1	30	0	1	3	5	847	7	3	0	0	1	0	0	0	5	10	6	0	0	1	0	2	1	6	0	7	15	12	0	0	84	28	3	1	7	3	8	4	5	0	43	8	3	2	0	3	2	0	0	0	2	1	0	4	2	0	0	5	1	0	0	0	0	4	0	3	7	0	0	8	0	0	13	20	0	4	0	0	1	32	6	1	0	0	0	1	8	0	3	0	1	3	1	0	5	
0	0	5	4	1	0	2	1	5	2	401	1	1	2	4	4	18	11	0	38	0	1	96	9	0	3	13	3	2	0	2	1	0	2	66	0	0	1	1	0	1	0	18	1	4	0	1	1	3	3	3	0	16	2	4	0	0	1	0	0	1	0	13	1	0	0	0	0	1	0	0	0	7	4	1	2	2	273	5	0	6	0	0	2	0	0	2	7	0	0	0	1	0	0	4	0	1	0	5	0	2	3	11	12	7	5	4	0	12	0	0	3	34	12	1	0	21	0	0	11	13	2	1	1	6	1	10	0	0	0	0	13	1	0	31	3	1	2	0	5	13	7	3	3	0	3	1	0	0	0	0	1	0	3	2	0	1	31	4	4	6	1	4	2	1	0	0	3	36	5	0	1	0	1	11	0	0	0	1	8	0	2	1	1	3	2	8	1	1	18	9	4	0	0	5	0	0	0	4	0	
0	24	6	5	2	2	4	4	0	0	0	13	0	9	5	0	97	1	4	4	2	0	19	2	1	1	0	0	22	1	200	0	0	10	0	0	0	1	0	0	0	1	0	0	2	0	1	0	0	1	0	3	3	0	14	0	10	0	85	4	0	0	2	0	1	0	14	0	7	5	3	0	18	0	0	1	0	0	18	2	1	0	1	0	8	0	3	22	2	0	10	0	3	141	10	4	0	1	0	1	5	2	4	19	0	7	1	0	0	119	0	6	2	13	7	0	0	6	1	0	4	0	0	3	1	0	0	3	1	1	18	1	0	0	6	6	10	1	20	5	2	0	0	0	3	1	3	1	0	0	3	3	1	0	13	6	10	1	11	10	7	3	0	0	49	1	3	0	0	2	0	0	2	4	1	5	1	0	0	2	0	1	5	434	5	0	2	0	0	1	0	0	0	0	3	1	1	0	0	6	
2	2	2	0	8	0	0	6	1	0	4	1	0	0	0	0	2	9	1	5	0	0	2	0	0	0	2	5	9	1	6	0	0	20	7	1	10	2	1	0	1	0	2	0	1	5	0	0	0	2	1	1	1	1	0	0	0	0	0	0	0	0	1	0	0	8	0	0	2	1	2	5	3	3	4	0	0	0	0	6	5	5	7	3	92	9	0	12	0	7	0	1	0	2	3	0	7	2	5	15	3	1	1	0	2	0	0	13	0	0	0	0	3	2	0	0	3	6	12	0	2	0	51	0	1	0	1	134	8	4	20	9	2	2	0	1	7	0	6	8	1	9	0	46	0	0	12	2	0	1	10	2	1	0	0	1	0	0	1	6	0	0	24	5	0	2	0	1	0	0	3	0	0	1	4	1	1	0	9	12	344	4	2	0	11	1	1	7	0	1	10	0	0	2	439	3	1	0	4	2	
5	1	0	1	0	0	3	0	3	2	0	1	3	0	0	0	2	1	0	0	9	0	0	0	0	1	2	13	1	0	0	0	22	2168	0	2	70	1	1	1	0	0	1	8	22	0	0	12	2	0	1	21	0	9	0	0	0	0	0	0	15	0	16	0	2	1	0	2	0	4	1	0	0	1	0	1	2	1	4	1	100	1	0	2	7	0	0	10	13	0	0	17	4	13	1	0	9	1	12	4	6	4	0	2	0	0	12	0	3	0	3	0	0	126	0	3	0	9	16	0	9	58	0	24	0	2	3	6	2	2	0	0	3	0	2	4	0	0	0	4	12	0	1	1	0	0	0	6	0	5	0	0	0	17	21	7	20	3	1	6	0	0	3	27	10	1	1	5	2	3	1	5	4	434	0	6	0	6	2	0	51	0	1	0	1	454	2	10	8	3	2	0	0	11	0	25	0	5	0	0	
2	4	14	0	6	1	10	1	0	3	0	3	0	2	6	0	1	0	5	1	1	83	0	2	5	21	0	0	1	5	1	0	0	0	1	0	0	3	16	0	4	7	1	3	0	1	0	1	5	1	1	4	0	2	0	0	1	0	6	0	2	0	9	2	0	0	3	0	0	0	0	2	0	1	5	0	1	0	3	2	2	2	7	0	6	4	0	0	2	0	0	10	3	0	1	34	0	1	1	6	0	1	1	6	0	0	3	0	0	10	3	0	0	0	0	0	1	8	0	0	2	15	0	0	0	0	2	0	2	4	1	14	0	2	0	0	8	21	41	0	0	1	2	11	3	686	2	7	5	8	2	0	2	0	0	0	4	0	7	15	17	10	1	0	0	16	7	0	4	0	4	1	5	6	7	52	0	11	8	8	0	2	0	0	0	1	14	0	0	0	0	8	0	0	12	1	4	2	6	0	
1	0	1	2	19	3	12	2	3	2	2	0	0	3	0	3	4	1	0	0	1	192	25	0	2	0	0	0	26	0	0	8	2	1	4	3	0	1	0	15	0	0	1	5	5	0	0	35	3	5	1	1	0	3	0	12	3	0	0	2	0	0	0	0	1	0	4	4	2	0	1	1	1	2	0	280	21	2	13	3	0	8	0	0	4	1	17	2	1	15	0	0	0	15	4	0	2	15	0	1	0	0	20	69	6	1	0	11	1	1	3	6	0	2	0	1	1	0	0	3	2	0	3	0	2	6	8	0	102	7	3	0	4	0	0	7	3	1	2	1	2	3	15	4	37	10	0	0	0	1	4	0	17	1	4	1	1	25	2	0	7	5	5	9	57	1	3	9	3	0	7	1	0	0	0	6	0	0	17	7	12	0	2	0	0	2	42	1	1	38	0	0	8	0	10	0	12	4	3	0	
0	6	5	12	0	43	0	0	0	1	5	7	0	5	0	22	0	2	12	0	4	0	0	4	12	3	19	0	1	0	2	7	1	0	2	0	0	2	0	0	63	8	1	7	1	0	1	0	28	0	0	0	2	0	2	1	2	5	0	7	8	0	0	1	0	0	1	0	16	2	7	2	7	0	0	0	2	1	19	0	1	0	8	4	4	0	7	7	2	3	1	994	1	3	0	5	0	2	5	0	3	1	0	1	0	3	9	0	5	0	4	1	2	19	0	0	1	1	20	1	0	32	13	2	2	0	0	2	0	0	0	48	0	1	0	1	0	0	5	0	8	2	1	4	0	1	25	23	0	0	0	297	2	0	0	0	0	0	0	41	0	4	4	4	9	13	0	9	4	6	0	4	1	0	0	0	1	0	3	1	0	14	0	0	2	7	1	96	0	3	0	12	0	0	0	0	0	13	1	1	
14	1	3	1	3	12	7	1	6	10	5	4	0	1	2	0	29	0	134	23	0	0	13	0	17	8	4	0	1	9	0	1	0	194	4	0	4	3	0	0	1	1	0	0	2	0	3	0	10	6	0	0	1	12	0	5	1	0	10	76	1	0	0	0	0	0	6	2	2	0	3	11	0	0	4	0	4	8	0	8	6	2	0	22	0	34	40	7	16	11	9	7	7	13	3	0	0	0	4	0	7	4	0	0	2	0	6	1	6	0	0	1	0	0	11	0	6	0	1	5	1	0	0	0	5	7	0	0	0	3	12	2	0	1	9	3	0	0	9	2	0	18	13	9	0	10	0	6	0	5	3	4	2	59	2	5	8	6	6	30	0	0	1	0	2	2	4	1	0	0	0	0	123	9	2	26	0	0	2	6	2	0	3	0	1	0	1	0	0	0	4	3	4	0	5	2	0	0	1	2	
2	0	9	0	0	0	243	0	1	6	3	1	0	2	1	0	0	3	3	0	2	1	0	5	0	1	6	0	1	8	0	1	0	11	56	4	6	2	0	1	3	0	0	1	0	2	0	35	0	0	0	0	0	0	0	0	0	0	0	6	3	1	3	3	0	0	0	0	17	2	0	0	0	5	0	0	9	0	0	0	28	0	0	0	0	0	0	8	0	8	12	5	1	0	25	905	0	23	0	9	9	9	2	0	0	0	1	0	0	1	0	0	7	8	0	7	11	2	4	1	0	8	0	0	1	15	7	1	2	4	0	2	0	3	1	21	0	4	38	0	0	1	0	3	6	0	9	0	1	0	0	0	3	14	4	5	2	0	2	0	0	24	0	0	3	2	1	0	1	9	0	0	6	2	2	9	14	44	0	12	0	2	0	1	1	0	2	2	0	1	1	0	26	4	1	4	4	9	2	2	
6	0	0	1	1	0	0	1	0	4	7	0	4	15	7	0	0	3	0	0	2	1	1	0	0	8	1	11	3	3	1	1	0	3	0	0	0	4	4	3	0	0	3	0	195	3	0	0	2	0	0	3	2	28	1	1	1	5	5	0	3	12	0	0	25	1	5	0	1	8	3	0	1	2	101	9	17	0	0	34	2	6	938	2	0	0	3	0	6	0	40	16	0	0	0	6	0	1	0	0	1	1	7	11	0	2	11	19	2	0	0	5	3	2	0	1	5	1	8	0	2	0	0	3	3	2	0	0	1	0	2	1	0	7	9	0	0	45	0	0	1	8	3	1	4	21	0	0	0	4	22	6	0	0	5	1	1	2	2	11	10	8	2	1	0	1	1	0	2	4	4	1	2	1	0	1	16	1	2	4	1	0	1	9	0	1	0	1	0	11	2	9	0	0	4	6	2	3	10	0	
6	2	2	4	3	10	11	2	2	252	0	255	5	1	0	5	3	1	71	0	0	6	0	6	4	1	2	11	0	3	8	0	0	0	3	2	0	2	72	0	6	0	0	0	4	0	4	0	0	0	1	0	0	0	4	0	2	0	0	0	7	72	0	27	0	1	0	192	0	3	8	0	0	0	5	0	20	0	5	4	7	5	0	2	0	284	2	2	6	0	0	7	23	1	8	9	28	7	3	0	5	1	0	6	0	0	5	2	0	0	8	16	1	0	1	261	0	3	1	0	107	0	34	0	0	0	1	0	40	3	0	5	0	0	0	0	5	0	48	3	25	0	4	0	0	18	9	6	14	16	5	1	5	23	10	0	8	21	0	4534	3	0	0	13	0	8	1	0	0	0	2	0	0	2	0	0	3	0	6	0	1	0	27	0	0	0	6	8	10	1	0	0	0	6	26	2	3	4	0	13	
1	0	4	1	5	5	4	2	13	0	134	0	2	5	13	0	0	0	2	0	3	1	3	4	9	70	0	6	1	2	2	1	7	1	0	2	70	0	0	0	2	20	2	1	4	8	1	7	12	80	1	0	0	1	4	0	1	5	1	6	0	0	0	1	6	1	11	2	0	2	4	0	1	58	0	3	18	1	0	0	0	0	7	7	12	277	933	2	0	4	8	8	0	2	3	2	0	2	0	1	12	0	2	6	1	6	5	8	1	12	1	0	1	1	0	0	5	8	0	6	6	6	0	2	54	11	8	0	0	1	0	8	7	309	1	320	1	41	10	0	0	1	2	1	2	1	7	1	0	1	0	2	2	2	291	20	0	2	17	0	1	0	0	0	15	3	0	0	22	2	8	2	0	27	465	2	0	24	1	8	1	2	0	1	16	1	1	396	5	0	0	1	0	0	6	0	7	0	0	12	
30	5	0	5	1	0	1	3	28	0	0	0	18	0	2	13	1	14	0	5	0	6	1	2	0	0	0	0	0	0	13	1	2	0	0	0	2	1	0	18	1	11	1	1	15	0	1	0	1	1	2	2	1	1	0	2	0	0	0	40	0	1	0	11	7	1	18	0	4	4	2	0	3	5	0	0	35	1	0	20	0	1	0	0	106	1	1	4	32	2	3	1	0	0	0	0	866	2	0	0	4	2	17	1	7	0	0	10	8	0	7	0	20	0	2	67	3	16	7	4	0	96	1	0	0	3	6	0	0	1	2	19	0	2	2	14	0	2	0	12	0	9	1	2	0	9	18	1	0	0	9	0	2	0	3	0	1	9	9	23	6	1	0	1	0	0	1	13	0	0	0	1	2	0	0	439	1	0	0	0	0	0	2	6	0	8	0	0	7	11	3	0	0	1	1	7	0	2	0	3	
0	0	0	4	241	3	5	1	4	98	0	10	0	3	2	5	1	5	0	0	0	0	0	1	7	0	5	0	0	2	1	11	0	3	12	0	0	0	0	0	11	0	0	0	0	1	1	2	0	1	4	0	16	1	0	1	10	2	0	0	0	18	2	0	0	11	5	10	4	5	0	0	2	8	153	0	0	1	0	12	0	1	40	3	4	9	6	2	4	1	4	2	0	4	2	7	2	0	505	0	0	3	2	0	6	1	1	1	1	2	0	0	0	0	0	2	35	4	0	5	0	3	21	2	4	54	7	11	3	4	0	2	2	1	0	10	0	0	10	0	43	10	15	5	3	10	9	1	0	2	1	3	3	4	0	0	0	1	8	0	0	0	10	2	2	2	2	0	1	9	0	0	0	0	441	1	0	0	0	0	0	0	8	0	0	22	0	26	0	0	6	4	5	0	0	0	1	0	0	2	
1	3	1	14	5	3	4	1	0	0	5	0	93	198	5	3	236	2	0	7	1	0	2	0	11	5	1	1	0	8	0	4	0	1	0	0	4	0	0	2	0	0	14	0	3	6	0	2	0	3	0	14	2	0	31	0	23	5	1	4	1	0	1	1	9	0	16	6	0	0	1	5	7	0	14	0	0	0	10	26	17	14	6	0	3	2	3	13	6	0	2	5	1	3	6	0	0	0	5	2	0	3	1	1	0	0	6	5	2	8	19	1	1	10	4	0	135	2	26	0	2	21	0	0	46	0	2	4	0	1	0	4	0	1	3	9	10	8	0	7	0	2	5	3	0	0	0	8	2	4	25	6	0	0	0	2	11	5	39	2	2	0	6	0	0	3	0	0	1	0	8	0	340	10	2	6	0	0	1	1	1	2	0	3	6	0	17	1	1	0	0	1	2	6	0	3	1	7	0	0	
6	2	0	0	0	19	3	8	0	2	87	1	0	0	0	0	13	2	0	0	0	0	4	0	1	8	3	2	4	5	0	16	3	1	3	0	9	2	0	1	1	0	0	4	0	0	4	0	30	1	0	20	69	0	87	0	1	0	5	0	0	2	9	2	11	4	0	0	1	2	0	0	1	0	1	2	11	16	2	0	6	0	7	7	3	0	0	3	5	21	2	0	45	0	0	17	8	548	2	0	511	1	13	0	0	11	0	2	0	0	0	1	7	0	0	58	36	3	3	0	0	13	1	9	0	1	5	1	22	0	7	0	3	0	1	1	0	22	3	7	0	0	2	0	14	5	0	0	1	0	0	1	0	0	0	2	12	0	0	22	5	348	0	1	1	2	12	0	347	0	2	5	3	457	1	1	0	0	1	5	0	7	3	0	1	0	3	7	0	1	8	1	10	1	1	0	5	0	2	4	
0	0	6	1	15	0	5	267	0	18	1	1	5	0	0	0	0	2	0	12	0	0	0	1	0	0	4	6	0	0	0	0	1	0	0	1	2	0	1	0	8	3	0	1	1	1	14	0	0	3	19	0	0	4	0	9	0	0	1	0	0	2	0	1	0	0	0	4	4	10	28	2	48	6	4	21	2	0	2	0	8	3	0	0	0	2	3	39	0	0	1	1	1	5	7	4	0	3	0	10	3	0	5	0	3	1	4	1	16	18	0	0	0	5	3	14	9	9	0	3	5	10	5	0	1	1	0	16	4	1	0	5	4	3	14	0	5	10	1	2	7	1	1	1	8	7	2	1	3	7	3	5	6	3	2	0	3	1	1	2	5	0	5	26	1	0	14	460	1	1	0	11	2	0	457	0	1	0	0	1	0	0	6	9	0	0	5	6	0	3	0	1	2	0	1	3	3	4	0	3	
2	2	0	111	1	0	0	7	1	0	0	0	0	2	3	1	1	2	1	3	0	0	3	2	0	1	5	1	0	0	0	0	0	1	19	2	0	2	12	4	2	0	1	0	2	19	1	20	4	4	3	7	4	1	10	0	1	22	0	1	3	0	4	2	0	0	10	0	3	21	1	18	4	0	2	0	1	2	6	6	0	6	0	0	0	0	0	4	8	1	22	6	0	4	4	0	8	56	1	1	0	0	13	0	1	0	11	32	6	7	17	4	0	19	0	0	1	6	9	3	0	13	3	0	5	0	1	1	5	3	14	2	0	0	3	0	0	5	1	0	0	0	5	22	2	1	1	1	5	31	1	0	0	29	12	0	9	0	0	1	1	5	5	0	2	0	9	9	0	2	0	9	4	2	0	2	0	0	0	4	0	0	1	0	0	0	6	0	0	1	8	12	5	4	0	0	3	0	7	0	
0	2	0	0	14	0	0	0	0	0	0	0	1	2	0	2	1	2	3	1	1	0	0	2	1	0	2	1	0	14	0	0	0	0	2	5	0	1	1	2	0	0	1	0	1	1	0	0	0	1	9	3	0	0	4	3	3	0	1	0	1	0	2	0	0	0	3	0	6	0	0	0	268	0	0	0	2	30	0	0	938	0	8	0	0	2	16	0	0	5	8	0	0	0	0	1	49	10	4	0	0	0	13	2	2	1	6	3	0	577	0	1	1	0	0	1	1	0	0	2	9	3	0	5	0	17	5	0	5	1	4	26	2	0	1	16	3	12	0	0	0	2	0	0	2	0	17	0	3	3	0	2	34	0	0	5	1	0	5	1	4	0	0	22	0	8	1	0	19	3	1	1	448	0	0	0	2	0	103	5	4	0	0	5	1	9	40	0	0	0	0	0	9	0	6	3	3	4	1	0	
0	4	0	4	6	2	1	3	1	1	0	1	6	16	7	2	0	12	0	4	2	1	0	6	5	0	17	0	0	4	7	1	1	0	0	0	2	0	0	0	0	0	2	0	3	1	22	0	1	0	0	1	0	0	3	0	0	0	1	3	20	0	0	10	0	4	0	24	3	4	0	12	5	948	1	11	0	0	0	9	1	0	2	2	1	0	44	2	0	1	6	1	3	3	0	0	1	1	2	0	1	2	17	4	0	1	0	13	1	1	4	4	0	1	3	3	3	0	0	2	7	11	8	44	0	5	0	0	0	1	129	18	0	0	4	0	1	0	11	0	0	1	1	2	8	1	0	6	0	0	0	5	14	26	0	2	0	0	4	7	4	0	0	4	0	0	4	1	0	1	7	0	11	0	0	6	2	2	0	0	5	0	46	3	8	0	9	0	5	3	0	10	0	2	0	10	0	7	0	0	
1	0	0	1	0	4	7	20	1	0	8	0	4	1	1	0	1	0	0	7	11	0	4	0	17	1	8	0	0	196	0	0	0	1	1	0	0	0	1	0	24	0	3	1	9	20	2	0	2	0	3	0	1	0	0	0	0	24	0	0	3	6	1	1	0	10	1	2	14	8	0	7	0	14	0	0	0	0	19	0	0	0	1	0	1	0	0	1	5	2	0	0	0	1	3	0	0	0	11	0	7	6	14	0	7	4	3	0	0	2	6	0	33	0	0	3	0	3	0	1	2	10	0	2	6	0	0	27	0	20	3	0	0	0	24	3	4	5	21	0	1	41	0	2	0	0	4	3	0	6	0	0	9	0	0	0	2	0	12	1	0	2	2	4	2	2	125	0	0	10	0	0	0	15	0	0	0	2	0	3	0	2	13	3	4	0	0	6	0	0	2	4	1	6	17	7	8	4	0	12	
1	11	1	0	0	1	0	24	0	200	2	0	0	0	0	1	0	2	1	5	0	5	0	3	2	0	0	0	0	0	1	0	0	0	0	1	0	0	0	1	0	2	3	1	0	1	1	0	3	1	11	4	1	0	0	0	0	5	0	0	0	5	2	35	0	6	0	1	1	5	0	3	5	4	1	0	7	0	0	9	0	14	3	4	3	2	0	8	4	12	14	6	2	3	1	1	9	3	0	2	0	2	2	0	589	1	1	1	0	9	1	0	1	4	2	2	6	0	0	1	3	5	0	2	6	0	4	3	0	7	0	4	0	1	5	0	4	15	1	31	1	3	0	0	0	0	1	0	0	5	1	0	5	3	38	28	5	12	5	14	13	2	0	0	0	47	1	0	2	1	2	16	4	1	2	8	1	0	14	1	1	0	8	0	8	6	10	4	0	0	0	1	1	4	10	0	5	8	0	0	
0	2	0	1	0	0	0	0	1	0	3	1	1	0	1	3	13	6	3	0	1	1	2	1	0	1	0	12	7	0	2	4	9	0	0	0	4	2	1	1	0	1	0	0	0	0	4	4	1	2	0	2	1	4	0	18	10	2	7	5	0	0	9	0	0	1	0	14	7	2	1	16	0	24	37	0	15	0	1	13	2	27	22	0	8	1	0	2	3	2	8	5	6	4	1	3	0	0	4	0	7	1	11	2	0	1	0	152	9	96	122	1	12	0	7	2	11	14	0	12	0	1	0	1	1	3	1	0	1	4	1	1	2	1	0	2	1	3	0	1	1	14	4747	2	7	5	2	17	0	31	0	0	1	7	2	0	3	14	1	7	7	2	7	1	3	10	2	0	0	0	4	13	0	2	1	3	6	0	0	2	0	11	2	38	2	0	0	0	0	1	0	3	13	3	0	2	0	0	1	3	
1	9	0	1	0	0	2	0	1	0	0	2	3	8	0	1	31	0	0	1	0	0	0	0	0	3	0	8	0	0	0	0	0	1	0	0	1	0	5	0	0	1	1	0	0	29	0	9	1	17	2	1	1	0	25	0	2	0	1	0	1	23	7	0	4	4	3	142	4	0	0	15	1	1	0	0	3	1	0	0	3	8	0	0	6	0	0	0	1	0	0	0	125	7	2	1	515	1	1	4	0	0	0	0	0	4	1	1	0	0	0	1	1	6	0	5	7	0	0	3	3	3	0	0	0	1	0	10	1	2	7	8	3	11	16	0	3	9	0	0	0	1	5	0	9	4	4	5	0	3	351	7	0	0	1	0	4	5	1	0	0	1	1	4	1	20	1	0	2	0	0	0	1	5	3	4	0	7	0	2	0	0	2	3	0	0	1	1	0	0	1	0	0	5	2	0	1	0	0	6	
23	3	1	4	0	0	8	6	0	2155	21	0	10	1	1	4	1	2	0	9	3	4	2	2	0	0	0	0	0	0	0	0	0	0	0	0	0	0	0	4	0	2	1	0	0	13	0	35	0	2	0	0	0	0	1	1	1	3	2	0	2	5	12	0	23	0	1	0	1	0	11	43	0	3	0	20	2	1	1	0	0	0	0	5	9	7	11	1	0	0	2	0	526	0	36	0	0	0	13	0	0	1	6	7	13	0	0	9	0	17	0	7	2	2	0	1	0	2	2	0	0	0	3	0	0	3	5	0	9	0	0	18	10	17	1	12	1	0	7	11	0	0	0	2	1	7	0	0	5	5	2	0	1	0	0	5	0	0	7	5	55	0	0	1	9	8	0	0	0	0	3	0	0	0	0	5	2	0	1	1	5	1	0	2	1	0	2	1	0	0	2	3	0	3	6	4	6	1	0	0	
2	0	0	1	2	0	0	18	1	0	8	3	0	1	0	0	2	0	3	0	0	1	1	0	2	0	0	0	1	1	0	13	0	1	1	1	0	1	3	4	1	0	2	1	1	0	3	6	0	10	1	0	0	0	0	1	2	0	7	23	0	4	7	0	8	0	0	0	0	3	0	0	0	3	3	0	1	4	3	0	0	0	0	0	7	1	0	0	9	0	0	0	13	0	0	4	6	0	0	0	0	8	0	4	5	13	5	3	6	3	5	0	4	19	1	0	0	0	49	0	1	46	2	1	15	0	0	8	2	7	0	2	0	1	2	4	1	1	352	10	3	6	1	0	1	3	0	0	1	0	4	7	2	31	0	4	19	435	0	0	0	3	4	9	0	2	16	3	438	0	2	1	0	261	2	0	0	0	16	0	2	0	12	2	0	0	25	0	0	1	2	3	1	0	5	0	0	2	0	3	
28	0	7	9	0	1	0	0	2	1	0	0	4	1	8	9	0	0	0	0	2	0	3	0	8	0	2	2	0	4	2	0	6	2	0	0	2	1	0	0	0	0	0	0	0	8	0	11	3	1	0	1	0	0	27	8	0	2	5	1	19	3	2	14	24	5	1	4	1	0	0	0	3	3	8	9	0	1	4	3	0	5	1	3	18	3	2	0	5	0	5	2	2	5	0	0	0	22	3	2	1	2	17	17	4	13	2	11	26	0	1	6	0	0	2	0	0	1	6	0	4	1	298	3	0	1	13	5	0	2	2	0	0	0	0	12	0	2	7	29	0	0	0	0	4	0	0	2	0	0	3	0	1	0	0	1	7	6	1	1	12	5	1	0	1	0	0	3	0	1	5	0	1	477	0	4	0	0	15	2	6	0	0	0	1	7	0	2	1	2	2	0	8	0	6	8	2	0	0	6	
0	1	0	0	9	1	1	1	9	6	194	1	0	0	0	3	2	3	20	7	1	0	0	3	10	2	0	2	3	3	0	1	1	1	0	1	0	0	1	2	1	0	14	4	3	1	1	1	0	2	1	0	2	0	53	0	3	0	0	0	1	17	0	0	0	5	2	1	0	1	16	18	0	4	4	9	0	1	1	2	0	3	5	2	1	0	1	11	4	1	0	5	0	5	0	1	0	1	16	6	0	3	0	2	2	1	0	0	0	16	6	0	0	0	0	2	1	6	0	15	0	10	1	9	0	14	13	0	0	7	14	2	0	14	0	0	30	3	0	0	0	0	0	1	1	2	0	7	0	0	1	1	0	0	0	5	2	0	0	4	0	0	1	0	1	0	0	1	4	0	0	0	0	0	8	1	1	0	0	1	0	0	2	1	0	95	3	2	1	1	1	18	2	0	0	0	1	3	2	99	
1	0	2	3	0	0	0	0	1	3	1	1	0	0	0	0	0	0	0	0	7	2	193	0	0	1	2	0	0	27	2	14	1	1	3	0	1	0	0	0	0	2	7	0	1	3	0	1	0	16	10	2	3	21	5	0	1	2	1	19	0	0	3	12	5	0	5	6	10	0	0	10	1	8	2	0	13	14	14	9	872	1	0	6	6	1	0	0	0	2	3	515	2	3	10	8	2	0	1	2	13	1	2	3	15	1	3	0	2	1	0	32	0	0	3	0	1	2	3	0	1	10	20	0	4	0	2	1	12	10	0	0	2	1	3	60	11	5	1	0	4	0	0	1	0	1	0	124	6	9	9	1	1	458	0	0	0	0	10	0	0	0	0	0	124	0	4	7	0	2	9	0	0	0	0	21	25	1	3	4	0	3	0	5	2	0	0	0	1	1	0	9	0	17	0	0	1	14	1	2	
9	1	0	0	2	19	2	0	68	1	1	0	0	4	3	0	1	0	0	0	0	4	0	0	6	1	15	0	0	1	0	0	2	10	1	0	0	0	0	0	0	0	1	8	0	0	4	0	0	4	3	1	3	17	5	0	0	0	7	0	1	35	0	487	1	1	0	0	1	0	0	5	2	1	1	0	1	6	22	2	8	14	0	5	9	1	2	3	5	9	524	13	4	1	0	8	1	0	123	0	13	3	0	3	0	100	21	0	27	6	0	0	308	0	49	0	0	0	1	1	0	5	0	3	0	0	3	20	8	0	5	6	0	0	5	3	1	0	0	5	32	53	1	13	0	0	0	0	4	0	55	6	0	1	1	1	1	0	1	1	0	1	1	0	0	0	0	0	9	0	0	0	1	4	2	0	1	4	7	1	5	0	32	0	1	1	11	0	24	2	0	1	0	6	0	8	2	1	4	11	
5	2158	0	0	0	0	0	0	1	0	2	2	0	0	0	4	0	3	1	0	1	2	7	0	0	0	2	1	0	1	1	32	1	0	12	3	0	0	0	2	0	11	3	1	1	2	3	0	5	9	30	0	3	1	1	46	8	2	22	3	1	0	17	0	0	0	21	3	23	0	2	8	12	2	13	4	0	10	0	0	0	0	0	6	2	0	1	1	6	6	2	1	0	1	0	7	0	3	0	32	5	3	31	4	6	0	0	0	3	2	5	0	1	2	8	0	0	0	0	4	1	3	7	0	18	0	8	0	1	1	14	6	9	0	0	40	3	5	0	4	1	11	0	17	2	0	2	4	1	2	2	0	2	0	0	1	12	0	0	17	20	2	0	0	0	0	6	52	28	0	0	0	5	0	4	5	1	5	2	0	0	1	0	0	1	3	0	0	22	0	0	4	29	0	2	10	3	1	1	23	
0	1	0	1	3	0	11	0	1	0	3	11	0	4	0	2	3	4	5	3	1	0	0	1	0	2	2	1	0	2	0	27	5	0	4	0	5	1	5	1	0	0	2	3	4	12	9	1	8	0	7	1	0	1	59	1	3	0	1	0	5	147	4	7	1	11	1	7	23	7	920	31	0	0	7	1	0	1	0	0	8	0	1	0	17	0	2	10	0	2	2	9	2	0	6	0	42	3	0	4	0	0	8	1	0	2	1	7	43	0	0	0	2	1	0	7	2	1	0	5	0	2	1	0	3	3	5	0	0	0	1	4	1	1	0	5	0	0	2	1	0	0	1	2	4	0	0	0	127	0	2	2	3	5	7	0	462	12	0	8	7	0	3	0	4	0	3	6	0	5	0	5	0	1	8	2	6	11	9	7	9	0	3	9	516	0	0	0	0	0	2	0	6	0	0	2	2	0	0	3	
66	6	1	0	0	0	0	1	6	44	0	3	4	0	2	0	0	0	0	0	1	2	0	1	0	2	1	1	3	3	1	0	0	1	4	3	73	0	9	2	1	1	0	0	1	0	5	5	1	0	4	2	6	4	10	28	2	1	0	16	286	2	3	1	1	1011	2	8	7	6	0	4	0	7	0	2	8	0	5	1	0	4	0	24	0	0	0	3	14	2	16	0	14	4	18	1	4	1	0	1	0	30	0	0	3	0	0	7	2	44	3	18	0	1	1	0	2	3	14	2	1	0	42	0	4	20	11	1	1	68	4	0	299	0	23	1	4	0	2	3	0	0	2	3	12	4	1	3	0	0	3	74	0	0	0	0	0	7	7	3	22	0	0	0	0	0	0	13	3	1	9	0	0	0	0	0	7	0	5	2	0	0	2	0	1	6	27	7	1	4	0	0	0	3	0	1	6	3	0	4	
11	0	2	8	2	1	3	1	3	5	1	1	4	0	0	0	5	0	0	1	0	12	2	0	3	1	0	0	0	0	0	0	0	0	0	0	0	6	1	0	25	3	1	0	1	0	0	4	0	1	0	900	15	0	19	9	8	17	9	8	2	0	9	3	100	0	2	9	0	0	0	2	21	16	0	14	0	12	2	0	1	6	0	2	1	4	1	5	6	5	6	0	3	0	1	5	6	0	7	8	7	0	0	0	0	0	0	0	0	1	10	0	14	6	9	1	6	1	0	4	13	0	0	1	7	0	2	1	1	0	1	0	4	2	0	0	1	0	0	0	0	129	0	0	15	0	0	2	1	1	0	1	0	10	0	1	0	6	0	1	2	0	0	5	0	4	0	3	0	10	4	1	1	6	0	396	0	0	86	1	247	3	0	1	5	0	1	93	3	6	5	13	5	1	0	0	1	1	0	1	
0	0	3	3	0	3	5	3	2	0	1	2	2	0	1	1	0	4	0	0	0	1	0	0	1	30	0	2	7	26	0	1	2	0	0	0	1	4	2	1	0	2	0	0	0	69	3	2	4	2	1	915	5	1	4	3	3	2	0	0	2	0	20	0	0	0	4	0	0	3	1	0	9	18	0	0	31	1	0	0	0	22	0	0	0	2	0	73	0	1	0	13	0	0	0	4	1	0	12	1	0	1	8	5	14	2	8	0	0	1	0	0	4	1	6	1	32	0	0	28	1	2	2	16	0	0	0	0	3	0	2	32	2	5	2	1	0	1	3	0	1	0	5	2	1	0	6	2	4	4	0	0	14	0	2	0	5	1	1	1	0	0	0	0	0	0	0	1	0	3	6	0	0	1	0	1	7	1	0	10	1	0	1	3	1	3	0	0	1	6	11	0	5	4	6	1	1	5	0	0	
0	3	1	0	1	7	2	0	0	0	0	2	1	0	2	1	2	2	0	1	0	0	35	1	0	0	0	1	0	0	3	0	1	0	6	0	9	1	1	0	0	273	8	0	0	0	1	12	0	1	0	2	139	23	1	38	2	4	2	36	1	1	1	1	74	1	0	3	8	6	2	42	0	0	0	0	1	12	0	1	0	0	6	0	0	11	0	2	7	0	20	6	2	6	25	1	0	1	4	6	1	0	0	20	3	2	3	19	12	11	0	11	12	12	6	4	688	14	3	0	1	18	14	0	0	22	0	1	1	3	0	2	0	0	0	0	0	0	1	0	2	0	0	0	2	2	10	457	4	5	0	0	0	10	0	1	0	0	0	0	0	0	10	1	16	7	0	5	1	41	11	0	0	0	1	0	3	39	16	0	0	0	1	2	4	0	9	9	0	0	16	1	21	0	2	4	0	0	2	1	
0	4	31	0	1	0	0	3	0	11	1	3	0	0	0	0	0	2	0	1	2	1	0	1	0	1	0	0	0	0	1	8	0	7	0	1	0	0	4	2	0	3	0	0	52	4	0	0	281	5	19	0	10	0	0	0	0	85	1	0	12	0	6	5	0	4	2	2	0	3	1	0	55	0	1	0	0	0	9	518	4	1	4	0	4	0	2	16	0	2	6	64	4	0	4	0	0	0	1	8	0	2	0	55	0	11	18	0	1	0	15	0	2	1	0	2	0	1	0	10	4	0	6	6	2	5	0	9	1	2	0	1	1	2	3	0	8	0	1	4	5	0	1	0	0	2	6	0	0	3	3	0	0	0	459	2	4	0	1	2	0	2	11	15	3	14	0	10	2	0	1	39	2	1	10	16	2	1	1	0	7	3	2	8	0	24	0	3	6	5	3	0	19	2	0	0	20	0	4	0	
12	23	0	1	0	2	0	0	0	16	0	2	0	1	0	4	0	1	3	1	0	2	0	0	1	0	0	0	25	0	12	0	0	0	1	4	1	4	2	2	0	0	0	7	4	2	5	3	6	4	0	7	2	0	6	8	18	6	6	0	19	25	8	27	9	5	18	0	4	0	0	53	1	9	18	0	4	2	0	2	0	7	5	0	3	0	5	12	2	3	11	0	0	5	10	1	0	1	0	2	1	0	2	0	6	1	51	0	2	12	4	3	0	2	0	27	0	0	2	0	4	2	12	21	0	6	4766	3	0	3	0	0	0	0	1	3	0	0	33	10	2	7	0	0	0	2	0	0	0	6	91	1	3	0	0	5	2	0	0	1	2	393	8	3	5	2	1	4	0	1	3	9	1	46	1	0	1	2	15	1	0	6	0	11	12	1	0	0	12	0	0	8	2	0	0	1	8	1	3	1	
0	0	2	0	0	0	3	0	3	1	4	1	5	0	3	0	0	1	2	1	16	1	1	0	1	0	3	86	0	1	2	1	1	0	0	0	1	1	9	0	1	3	0	2	2	0	0	7	0	2	1	1	0	0	2	0	2	11	275	4	0	40	12	6	41	2	2	3	1	5	5	0	5	4	6	0	5	3	0	1	8	1	10	4	9	6	48	9	3	11	0	0	9	16	2	0	4	23	1	56	0	3	3	3	1	286	0	0	11	2	2	0	6	35	1	2	127	3	0	6	3	1	11	10	0	0	0	0	6	3	6	11	0	4	0	19	0	0	3	2	0	1	1	16	9	0	1	4	0	1	8	11	2	0	0	0	0	1	0	0	8	0	2	18	0	0	3	2	0	1	8	6	0	0	24	0	0	11	0	0	0	1	4	11	14	14	0	27	4	12	0	17	0	5	0	1	0	2	0	1	
0	2	0	0	0	4	0	1	0	5	0	0	0	0	0	2	2	1	0	0	0	2	3	0	0	0	15	4	0	0	1	25	0	0	1	4	0	1	0	2	0	1	9	1	1	0	0	2	7	1	5	3	0	2	1	4	3	1	1	6	10	6	0	1	0	3	4	10	4	860	4	0	2	1	1	1	0	19	2	12	1	4	4	0	0	16	7	1	580	59	0	10	4	4	1	0	2	0	3	6	54	4	0	7	8	20	5	0	7	0	4	0	4	6	5	0	13	0	0	0	1	0	2	0	0	0	0	5	1	2	1	12	2	35	25	5	0	0	0	131	0	2	13	2	0	0	0	1	7	7	2	1	9	1	7	0	1	442	9	0	1	5	3	2	0	5	0	3	0	3	2	0	5	1	3	11	0	13	0	0	3	2	0	0	0	194	1	1	0	5	0	2	4	19	4	1	0	3	1	1	
1	0	0	0	7	0	0	5	4	1	0	0	8	0	1	0	0	0	0	2	0	4	46	0	1	1	10	6	20	3	2	0	4	0	0	2	0	1	0	10	3	0	3	0	5	0	8	3	0	0	1	0	8	3	32	4	0	1	0	157	0	61	0	5	0	2	1	3	6	0	6	3	39	120	0	0	0	4	1	1	2	2	0	588	0	0	2	0	0	106	4	6	0	0	1	5	2	0	0	0	4	0	37	0	12	0	3	1	285	685	0	18	0	1	300	0	0	2	0	3	1	2	5	0	5	3	0	33	1	0	0	5	4	0	0	11	0	0	8	4	3	0	0	0	8	0	8	0	11	1	3	0	1	1	1	0	0	1	0	1	0	1	10	0	0	10	0	0	1	2	4	0	1	1	0	5	1	12	0	0	3	7	3	8	1	0	20	2	1	1	1	25	0	6	1	7	0	1	0	6	
0	2	0	2	7	1	0	1	0	2	0	2	0	0	2	1	1	0	1	6	1	0	6	0	0	3	2	4	4	0	1	2	13	0	0	3	2	5148	0	0	0	1	11	0	0	0	5	1	5	10	0	1	0	2	0	5	0	15	0	3	0	1	6	1	1	2	3	1	9	0	4	3	16	0	24	0	1	2	6	7	1	0	6	1	0	2	15	0	1	2	0	0	0	4	31	0	2	5	5	11	7	3	5	0	0	17	0	0	1	1	0	1	12	4	15	2	0	1	1	0	87	4	0	3	18	1	0	0	0	0	4	0	1	2	1	1	5	66	10	0	0	3	0	2	15	8	0	0	3	453	0	0	2	4	1	0	2	0	11	0	1	10	1	0	0	4	9	0	4	1	0	0	8	0	0	1	13	2	11	10	0	2	2	0	2	85	3	10	0	0	0	6	1	2	11	1	7	0	0	1	
0	0	10	0	4	1	1	1	0	9	1	20	1	3	0	0	0	8	0	6	0	4	0	0	8	0	65	3	1	0	1	0	0	15	0	6	0	0	3	0	4	2	0	9	4	0	1	5	1	6	0	19	2	2	1	4	0	8	0	2	17	7	1	33	32	2	0	0	2	1	39	7	7	17	0	0	0	0	1	0	1	0	0	7	0	0	0	51	0	40	0	7	5	4	10	12	0	0	14	0	0	4	0	0	2	0	3	0	0	13	1	1	15	0	0	125	0	0	1	0	62	6	3	2	2	0	0	6	13	6	1	353	0	0	0	3	8	11	4	0	7	0	0	1	9	0	8	0	0	0	11	0	7	3	12	0	3	0	2	0	15	5	1	0	3	1	1	0	11	9	1	0	14	7	4	249	15	2	10	3	7	0	5	2	8	0	0	1	0	3	5	2	0	0	0	12	0	11	2	3	
0	9	0	1	0	73	0	1	0	12	0	2	3	1	0	0	2	1	46	6	1	0	79	31	0	0	2	0	0	0	6	6	0	0	0	2	1	0	15	16	2	7	0	8	7	0	12	22	5	1	22	1	0	0	98	1	5	25	2	2	1	1	49	0	0	16	0	7	0	0	0	2	2	3	0	0	6	0	0	1	0	1	0	20	10	2	0	1	0	0	0	2	0	0	0	0	0	0	0	0	5	5	0	0	3	3	2	4	2	1	30	3	3	10	0	0	0	11	8	0	0	1	0	17	4553	1	4	2	4	1	0	34	6	2	0	3	5	0	0	1	0	25	6	7	0	0	442	0	0	396	0	1	0	2	3	0	0	0	6	1	1	0	4	9	2	2	0	0	2	7	4	0	0	0	0	0	0	23	0	4	0	4	0	0	1	4	7	2	2163	1	0	71	2	5	1	0	0	2	0	4	
4	6	23	20	1	2	0	1	0	4	2	10	0	1	0	1	12	0	14	0	0	2	31	0	0	0	5	0	1	1	15	0	0	108	12	13	9	0	1	0	4	10	8	12	52	133	1	0	0	5	13	0	0	0	1	5	3	0	0	2	1	872	0	6	1	6	0	8	1	1	11	0	1	4	1	8	1	0	0	0	14	0	2	2	11	1	0	9	1	0	0	1	11	1	3	2	52	1	7	1	4	3	5	28	3	3	1	3	2	12	0	1	0	0	0	1	20	0	4	1	0	6	32	0	3	1	0	0	7	3	0	0	0	7	1	0	1	1	0	0	56	0	0	1	3	0	1	2	4	2	3	8	2	0	3	0	9	2	2	5	5	0	0	1	0	9	1	2	20	9	4	1	4	2	5	0	2	0	24	14	0	0	2	6	0	0	0	18	4	5	3	3	0	6	1	0	1	17	1	2	
0	0	0	0	5	0	0	2	3	6	1	2	0	0	1	0	0	49	3	8	1	3	4	2	1	2	0	0	0	0	5	1	3	3	2	0	17	11	0	0	9	0	26	5	2	1	0	29	0	1	1	0	1	16	13	5	0	9	0	12	3	1	1	1	0	0	0	3	11	1	3	0	1	1	18	22	1	10	0	6	0	20	4	1	0	0	0	0	5	0	2	1	0	10	1	0	9	40	1	7	16	0	5	0	6	0	0	7	3	5	4	0	1	0	0	11	3	0	5	0	10	0	26	24	5	0	25	0	1	2	6	6	15	0	1	0	2	54	10	14	0	0	7	1	2	0	0	0	0	21	0	0	1	1	7	0	3	1	0	8	0	5	1	0	0	7	0	0	1	1	0	0	251	0	1	1	0	0	4	0	5	0	0	2	3	0	0	1	15	2	14	2	10	0	2	2	2	1	1	2	
0	0	0	0	0	0	5	12	1	1	0	0	0	3	0	0	0	8	0	3	32	2	1	0	5	1	0	7	0	0	0	0	9	0	0	10	7	0	20	0	0	0	0	20	5	2	13	2	0	48	3	1	7	3	0	3	1	8	0	0	1	0	56	5	0	11	5	0	59	4	0	5	0	0	0	1	0	0	0	8	0	18	0	0	107	0	8	1	0	1	18	1	4	1	0	0	0	3	2	0	5	0	0	3	3	1	0	5	0	0	8	0	2	6	4	12	0	2	2	2	0	0	4	0	0	0	21	0	0	2	0	1	1	2	127	3	1	2	3	2	0	24	2	8	0	1	3	4	1	6	1	5	9	1	2	4	0	0	0	0	4	9	6	0	15	2	0	0	3	11	0	9	4	5	0	9	1	1	8	10	1	0	0	2	5	2	2	0	0	21	0	4	0	4	0	17	1	0	0	5	
1	5	0	0	0	9	0	0	10	2	1	5	0	0	0	1	0	0	1	10	2	1	0	6	0	26	0	5	195	5	11	1	67	3	21	3	4	5	0	5	7	0	11	4	8	13	1	1	6	0	12	0	0	15	2	0	18	0	1	0	0	30	0	870	1	14	1	1	1	0	6	11	0	0	0	0	0	0	3	2	0	1	4	3	9	6	3	0	0	3	0	0	0	3	1	0	3	0	0	0	0	0	0	1	0	3	0	0	0	0	0	5	1	1	0	2	8	0	0	0	0	1	9	0	0	1	4	0	0	4	0	14	3	0	0	0	0	2	0	0	0	2	1	7	11	41	2	1	0	0	0	0	4	0	1	0	2	2	2	0	0	0	2	1	4	1	0	0	0	4	0	1	9	7	2	1	0	9	0	1	3	1	0	0	0	1	1	0	4	1	6	0	3	0	2	0	2	0	4	0	
0	3	3	0	0	14	3	2	0	16	3	4	5	51	3	0	1	0	0	0	0	1	1	0	0	85	0	0	16	7	1	0	0	1	1	4	5	2	1	4	24	4	0	3	14	1	12	3	0	17	1	46	4	0	2	0	0	0	7	10	0	27	5	0	8	4	3	0	0	6	11	2	1	0	9	1	0	5	0	0	110	2	0	4	6	0	3	5	0	0	1	4	0	0	3	1	9	30	0	2	7	23	0	0	6	0	4	5	0	1	1	2	9	0	27	8	0	0	7	0	0	2	0	31	1	2	5	0	3	0	0	0	1	1	0	0	0	6	2	2	0	3	4	1	0	6	0	0	1	6	9	0	14	11	5	1	2	0	0	0	0	1	1	0	0	1	0	1	4	2	0	2	0	1	198	1	0	4	5	3	9	236	6	0	3	13	11	4	3	0	0	0	1	0	0	2	0	1	0	0	
0	2	2	0	1	0	4	0	0	0	1	2	3	0	2	0	2	1	6	0	0	3	2	1	9	3	4	0	1	0	4	0	4	2	1	1	0	29	5	17	10	0	3	12	0	0	2	309	6	2	2	3	0	0	1	0	3	0	1	1	0	2	0	0	1	0	9	12	0	3	0	0	5	0	0	1	0	4	1	0	1	3	1	0	143	11	0	3	15	4	1	9	7	1	4	2	2	16	13	0	0	33	0	1	1	3	2	0	5	0	2	2	1	1	0	2	11	0	3	25	18	1	4	4583	3	0	1	0	0	3	4	12	1	460	5	8	5	0	0	0	3	10	23	1	0	0	40	2	19	42	0	0	19	0	0	3	8	2	0	0	0	4	5	11	0	4	0	7	0	1	2	0	2	0	4	2	2	0	1	7	3	2192	2	1	1	4	1	0	1	7	9	4	58	0	0	2	0	0	3	1	
5	2	2	1	3	8	1	3	0	0	2	0	0	14	29	0	1	0	0	1	7	0	3	0	0	5	3	1	1	11	5	0	0	1	0	2	10	3	2	15	0	29	0	1	0	2	1	5	0	2	1	0	3	20	3	0	4	3	1	0	1	0	0	1	0	2	5	0	0	0	0	1	5	16	0	1	590	8	13	14	1	5	0	1	3	7	8	5	3	0	2	1	6	0	2	14	5	13	1	0	0	2	0	8	1	3	7	0	0	4	0	121	0	19	21	6	1	10	1	51	2	10	0	15	0	1	2	4	1	0	4	1	19	1	9	6	11	5	1	10	3	4	9	2	2	0	1	0	1	8	5	0	0	3	0	12	1	0	1	7	0	0	1	2	2	1	4	2	7	4	16	2	0	0	0	0	0	2	0	1	0	17	4	0	0	1	0	1	0	0	3	0	6	0	1	0	1	0	0	3	
0	0	17	9	0	0	0	1	1	0	0	0	0	0	1	0	0	0	2	2	3	0	0	1	0	5	0	15	3	0	0	0	3	1	19	0	14	2	0	0	5	2	2	1	0	11	4	0	0	9	8	0	0	1	6	1	7	0	0	2	9	4	0	13	6	1	0	5	5	0	0	7	0	0	12	0	44	3	1	1	0	0	2	0	1	1	0	7	3	0	0	313	4	0	5	8	0	0	3	2	0	5	2	0	0	3	3	0	1	2	1	0	8	1	0	6	1	0	10	0	4	1	0	0	0	0	0	0	3	13	7	0	0	17	9	25	0	13	3	11	1	1	0	2	3	1	0	1	0	4	3	0	0	1	0	4	0	1	7	4	3	0	12	1	0	0	23	0	0	5	0	3	0	0	0	13	17	0	13	1	2	1	0	2	1	1	12	0	0	0	0	65	0	0	0	0	0	0	10	3	
2	1	0	49	0	1	1	0	0	0	1	0	0	0	6	0	0	5	0	65	21	11	3	0	0	3	4	1	5	35	21	9	2	4	21	32	0	2	6	2	20	1	0	986	2	1	0	1	1	0	4	5	3	0	29	1	32	3	0	0	4	0	2	2	0	8	2	6	4	0	0	15	0	0	0	9	0	1	5	5	0	0	5	0	0	1	0	2	10	0	0	1	4	49	3	1	5	0	1	0	689	0	1	0	1	0	3	1	18	0	0	4	0	18	0	4	2	0	7	10	0	0	5	0	0	1	6	0	9	8	5	0	341	1	440	0	0	5	8	24	15	0	1	0	0	1	0	443	9	0	10	1	0	1	0	1	0	0	0	0	241	1	9	0	3	0	0	0	8	19	0	6	14	8	1	0	0	0	1	24	7	19	0	0	0	3	1	3	6	1	0	0	5	1	7	1	1	4	1	3	
1	4	0	0	4	0	2	0	0	27	33	3	3	10	0	7	0	0	0	6	0	5	0	0	0	0	1	0	0	2	0	0	8	923	0	2	1	0	47	0	2	1	9	0	34	950	1	0	1	0	1	2	12	6	0	25	1	0	0	0	6	1	0	0	0	6	2	2	15	0	3	2	0	5	0	1	1	0	0	3	0	15	95	10	0	5	3	1	3	16	4	1	0	16	12	17	12	1	11	5	1	1	301	1	1	2	0	0	0	3	40	0	0	4	4	0	0	6	27	36	21	10	0	0	0	2	6	0	1	5	2	2	0	0	1	0	4	0	1	0	3	1	3	0	9	0	0	6	0	13	2	2	11	0	1	0	4	3	4	38	7	35	3	4	19	5	1	1	3	7	12	0	0	119	3	5	0	2	9	5	10	4	0	7	16	0	1	0	0	9	3	0	0	0	0	1	0	2	0	2	
1	4	4	1	0	3	0	1	0	0	1	0	0	0	0	0	1	1	0	0	0	1	80	0	0	9	0	5	0	6	0	296	1	0	12	3	4	5	2	0	9	0	1	2	13	0	9	0	2	4	8	4	0	11	2	2	0	2	0	1	4	0	6	0	5	4	0	6	3	16	1	9	18	1	32	5	0	0	0	2	148	102	10	0	1	51	53	0	0	6	1	11	6	15	12	1	0	3	16	0	0	3	0	0	31	0	62	13	5	0	7	3	4776	11	0	0	26	3	1	2	0	1	2	5	0	2	7	1	0	0	1	0	14	0	2	4	9	4	6	0	0	4	4	3	10	1	1	20	0	6	0	2	5	1	0	1	0	2	0	42	5	0	0	2	0	0	0	0	0	1	4	2	4	6	9	1	0	3	6	1	0	0	1	5	4	0	0	8	0	0	0	2	17	0	1	0	11	0	1	0	
0	0	0	0	27	1	4	9	1	0	13	93	0	3	0	0	1	3	0	22	1	0	0	2	1	0	1	3	2626	4	0	0	3	8	21	1	0	6	9	2	9	10	0	13	4	0	2	0	11	0	0	1	2	1	35	0	0	9	8	2	12	1	2	7	6	0	0	0	6	11	0	1	13	2	0	9	1	0	5	2	14	1	0	0	32	3	18	4	5	9	2	4	7	3	12	13	3	2	5	4	0	11	1	1	7	10	1	28	1	0	2	5	10	10	3	13	1	0	0	6	1	0	29	2	0	1	6	0	0	1	1	2	2	2	0	16	0	0	1	8	4	0	0	6	1	14	16	1	1	3	7	2	4	0	0	0	3	0	0	0	87	1	0	0	1	0	0	0	3	196	4	9	8	2	0	69	7	19	6	2	10	6	4	0	2	3	0	4	0	4	1	3	12	0	0	3	1	7	24	4	
0	0	0	6	2	0	1	0	14	4	0	3	0	3	0	0	1	0	5	1	3	13	0	0	0	8	6	0	5	1	3	4	0	0	19	2	6	9	2	0	0	2	3	2	1	5	1	0	7	0	1	16	3	4	0	0	0	13	0	5	0	0	8	1	0	1	1	2	18	0	121	4	0	5	0	4	5	1	4	0	0	0	0	4	0	10	46	1	3	4	3	0	0	3	2	3	1	1	1	6	9	3	0	8	5	19	12	0	3	8	11	4	2	3	0	0	0	0	0	0	22	4	5	1	0	1	0	32	0	2	1	1	5	2	0	2	12	2	0	5	2	3	1	30	1	0	2	0	3	0	0	37	0	0	1	0	4	0	2	6	0	5	13	0	7	21	0	17	34	2	0	28	196	1	0	8	0	2	3	2	0	1	0	0	0	0	3	0	0	1	17	24	0	2	0	1	0	2	0	0	
3	1	0	0	1	0	1	0	0	0	0	14	6	1	21	0	0	1	3	3	0	0	8	1	4	0	0	1	0	0	13	0	0	0	0	941	0	0	0	15	0	1	6	0	0	0	1	15	13	1	0	1	0	0	0	553	8	0	0	7	0	5	0	2	0	2	0	4	0	3	0	263	5	0	0	16	3	8	3	0	1	0	0	0	12	2	6	1	17	1	2	8	0	0	3	1	1	2	15	0	10	6	0	1	0	5	0	4	2	1	10	1	0	4	0	0	2	24	1	0	6	0	1	9	2	0	2	337	6	0	3	6	2	2	0	0	0	257	12	0	102	1	0	0	0	0	1	4	4	2	2	1	1	4	3	0	0	0	1	0	1	3	1	1	0	2	5	0	3	1	3	0	0	2	5	9	0	0	3	202	0	12	0	0	1	0	6	2	0	11	0	0	0	2	1	1	0	0	0	1	
0	0	5	0	1	2	6	1	0	0	0	2	0	0	19	4	0	0	6	2	0	0	2	0	2	4	0	150	5	11	3	0	1	1	0	30	11	0	0	0	0	0	3	0	0	3	3	4	0	0	7	2	5	0	1	1	1	4	0	2	8	6	5	18	0	6	0	0	29	1	14	4	1	5	28	0	0	0	1	4	0	2	16	2	3	1	1	6	1	4	7	8	1	0	0	8	9	22	4	2	4	1	13	0	13	0	6	0	3	0	3	0	1	0	6	37	7	12	1	5	439	1	435	0	0	4	1	0	1	0	1	2	9	6	4	0	0	0	1	3	3	0	0	1	5	0	0	5	0	4	12	3	1	0	0	0	4	7	8	1	0	0	2	0	0	259	1	1	0	1	0	25	2	0	0	6	5	3	196	2	2	0	4	0	0	0	0	0	11	0	0	0	15	0	0	3	4	1	0	1	
0	4	0	0	0	0	3	0	1	0	0	0	2	3	0	0	0	18	10	0	0	0	14	16	1	4	1	3	0	0	5	486	5	0	7	2	3	956	0	0	6	0	8	7	0	162	0	3	12	15	1	6	0	510	5	0	0	1	2	0	0	1	2	8	17	6	1	2	48	0	2	0	1	5	0	8	1	2	10	0	3	0	2	5	0	57	1	1	17	1	0	0	29	2	0	0	1	8	0	3	0	291	1	0	25	2	2	4	2	0	6	4605	2	0	2	10	3	1	4	1	0	3	3	2	0	0	0	0	0	2	39	2	1	0	3	2	1	0	1	10	2	0	11	0	1	0	16	0	2	0	22	7	3	93	0	1	0	0	5	5	2	5	0	1	0	17	3	0	6	0	237	0	0	0	2	2	4	14	0	0	0	0	7	4	11	0	1	0	2	1	0	0	2	4	0	0	4	5	0	1	
0	0	0	25	0	0	0	0	0	0	0	0	1	0	7	1	0	20	8	2	2	2	6	2	6	5	0	0	0	0	0	1	10	2	0	1	0	9	1	10	0	0	0	0	0	4	0	0	5	1	10	0	11	1	5	18	1	6	0	8	0	2	0	1	4	0	0	7	1	7	7	0	3	0	0	8	1	0	3	1	10	0	0	4	12	1	6	4	12	1	11	3	0	0	77	0	16	27	3	0	0	0	0	0	6	29	4	0	1	5	0	0	0	0	0	17	2	0	12	0	1	3	0	3	0	2	1	1	0	0	0	38	0	5	8	0	0	0	0	0	57	5	0	0	2	1	1	0	3	0	93	0	9	0	10	5	4	1	0	3	0	0	17	3	1	0	0	1	4	6	0	5	0	5	0	0	0	8	8	1	3	0	1	2	4	1	0	0	19	0	2	1	0	23	0	0	0	0	0	16	
3	11	6	0	0	0	3	2	0	5	1	0	0	0	1	5	7	0	3	1	3	7	0	0	5	0	0	12	271	0	45	0	0	0	2	2	0	0	14	1	2	13	20	15	13	1	6	0	32	54	0	7	0	0	0	1	1	9	0	2	1	8	0	1	1	267	6	0	0	4	1	6	0	0	0	8	3	5	0	1	0	288	0	1	8	0	0	3	19	1	0	7	0	9	8	23	3	6	4	2	2	5	2	8	1	5	0	3	6	0	23	0	2	360	12	9	1	52	0	1	15	0	0	0	12	4	0	0	3	0	0	3	1	0	0	0	1	8	393	0	5	1	11	0	0	1	4	1	0	2	4	1	7	3	1	0	4	4	0	0	0	5	3	0	0	9	1	22	5	0	2	1	3	0	0	0	2	3	0	2	0	0	13	7	1	3	0	9	16	2	1	6	0	6	0	1	1	0	1	0	
0	0	1	3	0	3	0	6	2	0	30	1	8	10	0	7	16	1	0	2	4	0	1	1	4	1	2	25	9	0	29	0	0	9	2	0	0	2	1	2	1	0	0	21	4	6	6	0	0	0	1	70	0	5	1	0	13	0	11	1	0	5	4	0	0	4	1	2	0	2	0	10	0	13	3	10	54	1	3	0	0	0	43	0	1	1	1	0	10	0	0	15	0	1	0	1	2	4	3	0	0	3	0	338	15	9	3	0	0	0	0	1	2	0	1	0	1	2	0	13	4	0	2	1	426	0	5	0	2	1	0	3	0	3	4	0	22	31	1	11	2	0	1	0	91	9	2	0	1	10	0	1	0	3	1	34	0	0	25	0	2	0	100	3	29	7	2	18	3	16	0	15	5	0	0	3	3	0	0	1	0	3	2	3	13	4	8	2	1	0	1	3	2	0	1	0	0	0	1	0	
2	0	2	0	3	0	0	8	1	0	0	1	3	5	0	1	0	0	1	0	7	0	1	0	2	31	0	4	8	16	1	1	4	0	0	2	0	8	0	955	0	1	0	0	40	0	0	0	0	2	0	3	11	1	1	2	0	8	15	0	0	1	0	0	0	1	1	2	37	56	1	0	7	12	38	0	3	1	3	0	0	10	0	6	1	1	0	1	3	0	2	3	7	1	0	8	13	2	27	0	1	23	0	2	0	3	10	5	56	2	0	1	3	0	0	0	458	6	0	0	0	73	0	0	4	5	0	3	94	11	0	5	2	0	0	0	0	0	0	96	1	20	0	0	10	9	1	2	1	3	1	2	1	3	1	3	0	11	0	9	0	3	0	2	6	5	13	3	6	0	0	0	8	0	0	0	0	0	3	0	1	4	0	1	0	1	1	0	0	0	2	1	0	0	2	79	2	24	5	2	
0	0	4	0	3	1	1	0	0	3	28	0	1	27	1	0	4	5	21	0	0	0	8	18	0	2	1	0	1	3	1	30	0	22	21	0	0	6	0	5	0	1	0	0	11	0	5	0	2	878	1	0	41	1	0	0	7	0	3	7	3	0	2	3	9	0	7	22	0	2	0	140	8	0	0	0	0	0	2	0	1	3	0	2	1	11	0	1	0	1	22	10	15	0	69	9	0	6	0	8	32	12	1	4	2	1	0	5	9	0	0	54	10	3	0	4	9	5	0	0	8	0	0	0	451	0	2	0	0	2	16	1	0	0	1	9	6	0	1	3	1	0	1	1	0	3	7	0	0	0	11	0	6	90	1	0	4	1	4	0	0	12	0	2	0	3	1	0	0	0	1	22	0	0	0	0	0	2	7	2	0	0	1	0	3	0	1	16	7	0	0	0	2	1	5	1	2	0	0	0	
3	0	6	0	8	6	0	0	2	1	2	0	0	23	1	0	15	0	7	7	0	9	11	2	99	1	0	6	279	5	25	0	0	0	2	0	0	9	2	0	13	1	10	0	0	0	0	8	9	2	0	3	0	123	0	13	0	9	3	0	0	0	0	0	0	0	3	14	0	0	6	3	1	3	54	12	1	9	7	0	0	4	0	0	1	0	17	10	1	16	5	0	2	0	0	1	32	0	1	3	0	0	0	342	0	5	0	13	0	4	0	6	2	6	1	1	0	0	3	0	2	3	0	0	0	6	0	2	0	0	2	3	2	7	0	1	0	1	10	1	0	0	6	1	1	5	1	0	0	2	11	1	3	0	1	5	0	12	15	0	11	0	0	5	1	3	6	1	16	0	1	4	0	6	2	1	1	6	2	0	1	8	5	2	0	0	4	3	5	2	3	0	0	16	0	1	0	13	0	2	
0	11	1	3	0	0	0	0	0	0	0	0	0	0	1	10	1	3	0	4	0	3	0	0	0	0	1	0	1	0	1	0	1	1	0	0	5	1	8	0	8	1	11	0	0	0	0	0	0	0	0	1	1	15	3	2	0	10	3	1	1	0	0	7	147	0	60	0	0	1	0	4	46	3	0	7	2	0	16	0	1	11	0	0	4	1	1	0	0	1	1	0	3	0	2	2	42	0	14	7	12	0	1	0	3	1	4	20	27	437	0	0	2	14	9	1	3	12	0	8	1	7	0	1	1	1	0	1	0	2	0	0	0	2	2	6	6	1	0	0	8	38	1	0	12	0	18	2	1	1	4	0	7	22	2	0	1	0	3	9	0	0	0	0	2	2	0	0	0	31	0	0	2	0	0	9	15	18	1	0	0	0	1	1	0	1	0	1	1	0	2	4	1	14	13	0	1	0	0	1	
2	1	0	20	10	1	0	77	1	2	0	1	1	0	0	1	0	0	2	0	8	5	0	0	6	0	5	5	226	14	12	0	3	4	8	1	24	11	3	0	1	5	8	5	0	6	4	0	1	8	2	0	0	11	1	2	1	2	0	0	0	9	0	0	1	0	0	3	4	3	1	4	0	0	1	0	0	1	6	1	2	0	9	5	0	5	0	4	3	0	0	12	11	3	2	11	0	5	0	0	0	0	0	0	0	0	1	6	3	2	0	7	0	0	0	0	0	0	2	0	2	4	4	0	0	15	3	9	9	0	0	1	3	10	0	6	2	2	1	2	3	0	1	1	6	0	1	0	2	1	0	13	0	3	3	1	0	56	0	0	0	3	0	1	0	0	2	0	0	0	0	0	1	7	0	3	4	0	0	3	3	0	5	0	2	3	2	0	0	0	0	2	0	4	0	0	0	0	0	32	
0	2	0	11	5	0	33	3	2	1	0	0	0	1	0	5	1	13	11	0	0	0	4	25	0	0	10	0	14	1	13	950	9	2	2	3	0	0	0	2	11	0	0	30	0	0	0	1	0	14	2	0	0	1	4	2	1	13	2	0	1	7	0	0	2	2	28	0	0	0	0	0	0	0	0	0	3	4	0	0	2	5	9	27	11	0	2	18	3	0	1	1	3	0	18	7	0	0	24	0	1	7	2	0	0	7	1	1	1	0	0	4	1	7	1	16	79	5	0	0	0	11	1	0	3	0	0	0	0	1	0	0	0	1	0	2	6	0	2	0	1	3	12	40	3	7	44	2	0	1	1	65	3	0	0	0	0	0	0	0	4	10	0	0	0	1	0	7	4	16	6	0	2	2	1	0	0	1	0	4	1	2	0	3	0	10	0	45	0	0	0	0	0	0	0	0	5	1	8	0	
0	10	5	6	0	22	0	0	2	0	10	0	22	0	0	7	13	0	1	6	9	12	0	0	0	1	0	5	4	10	0	0	3	3	0	11	6	10	0	3	2	0	0	8	1	520	0	13	0	0	5	2	3	2	18	18	5	8	3	3	0	0	0	10	0	19	24	1	18	3	12	0	0	0	4	7	18	0	0	26	6	6	2	39	0	2	0	0	0	0	7	1	0	27	0	8	0	1	1	1	1	1	2	0	0	9	5	129	0	0	0	4	54	28	4	2	3	1	1	0	2	0	6	1	0	8	10	6	1	0	101	55	0	1	1	2	2	9	6	0	3	0	0	0	0	1	10	4	0	10	0	4	2	9	0	1	4	7	7	6	1	2	0	0	0	5	0	4	2	2	4	0	2	2	0	0	0	0	1	0	1	2	2	0	22	0	0	0	3	1	1	0	2	1	0	6	0	2	0	1	
1	0	5	2	8	0	5	0	3	0	8	5	0	0	1	1	11	5	8	0	0	5	0	7	32	5	0	2	13	2	6	12	2	5	0	1	5	14	0	1	64	0	1	0	0	3	4	1	4	0	1	2	0	1	9	1	4	0	0	0	0	3	11	2	6	0	11	18	6	0	12	0	5	12	15	1	9	1	2	3	5	0	21	12	4	1	0	0	3	1	10	0	0	0	20	0	0	1	22	5	0	5	0	0	0	0	11	5	0	1	0	1	0	4	0	4	0	0	4	2	0	0	2	0	6	4	15	6	0	0	0	0	0	39	5	0	25	1	3	0	3	11	4	0	392	0	0	4	4	1	5	0	2	1	5	0	9	2	1	1	1	2	0	10	9	1	0	0	3	2	1	1	6	0	3	0	11	2	1	1	0	10	1	1	1	0	0	2	4	4	0	0	1	0	0	0	0	0	0	7	
0	0	4	0	1	0	0	0	11	0	0	3	7	2	39	1	1	1	37	14	131	3	0	0	1	57	4	0	104	2	14	4	0	0	5	3	2	2	0	16	1	151	1	0	17	5	3	2	5	0	0	2	2	1	0	510	0	2	1	5	0	12	1	0	6	5	1	0	2	6	51	53	0	16	0	39	1	0	35	4	1	0	6	1	0	21	0	19	5	1	0	0	1	14	0	1	19	0	0	0	6	0	3	0	1	4	0	2	0	3	0	10	10	29	6	1	3	0	0	2	4	2	0	4	7	5	26	1	0	59	0	0	6	0	11	3	8	0	10	6	4	0	52	2	5	1	2	0	0	1	0	0	0	1	0	12	0	0	4	1	0	4	0	195	73	1	0	0	0	1	4	7	19	0	2	0	2	0	1	0	1	1	1	2	22	0	0	4	0	0	0	6	5	1	1	3	2	0	1	6	
0	0	0	0	1	0	0	0	2	16	2	1	1	4	3	20	0	0	0	0	0	4	0	0	0	14	26	2	0	0	9	3	2	7	24	18	6	0	3	6	4	9	0	0	2	0	0	0	0	0	2	10	0	0	0	0	6	6	1	5	30	4	11	2	0	2	5	1	0	1	1	5	5	0	1	0	14	674	17	0	15	0	0	2	0	1	12	0	0	0	3	0	11	2	1	2	0	0	0	1	0	0	1	6	0	1	4	447	13	0	0	0	0	0	1	0	0	0	1	0	3	396	0	0	14	1	0	7	3	0	0	6	2	1	3	0	6	0	1	0	0	9	1	1	6	3	1	13	12	2	10	0	4	1	1	0	4	2	0	21	6	0	2	0	9	12	2	3	1	0	0	0	0	1	20	1	10	0	1	74	0	15	1	1	0	0	0	0	0	4	1	0	0	0	0	0	1	6	0	1	
1	0	2	0	0	97	0	10	0	9	6	16	10	5	0	8	0	0	0	0	0	14	0	0	2	0	0	24	0	0	9	0	0	0	3	0	0	0	0	1	2	7	3	0	5	0	0	0	0	0	2	0	15	0	1	0	7	0	0	6	16	18	0	0	8	0	0	1	0	1	1	1	6	0	0	1	8	0	0	2	0	5	0	0	0	3	3	2	1	64	16	4	5	0	2	3	0	0	0	1	13	0	0	5	2	4	4	1	0	0	0	0	128	0	2	0	1	10	0	1	3	26	0	0	0	0	7	0	8	3	0	0	0	0	1	1	0	1	9	242	0	2	0	1	0	15	0	1	0	0	0	14	0	0	10	7	8	0	2	0	2	0	0	199	0	4	1	1	2	2	0	0	0	17	3	195	0	0	0	5	4	1	0	0	1	8	0	14	2	2	0	0	0	2	1	2	16	28	0	90	
0	0	195	0	0	0	0	1	0	0	4	1	1	0	17	42	1	948	0	4	102	0	2	0	0	0	2	10	0	0	0	2	37	0	1	0	0	5	61	0	0	3	0	6	0	0	3	7	1	0	3	0	1	0	0	0	0	0	0	3	0	0	0	2	1	1	0	1	0	7	0	1	0	4	2	54	2	17	0	0	0	2	5	6	1	1	1	4	4	0	1	3	0	0	4	1	0	3	13	0	4	12	4	4	1	1	18	3	3	0	2	0	3	0	1	5	2	398	1	11	0	0	0	2	1	0	2	0	0	3	7	3	1	1	0	1	1	1	0	0	0	4	0	9	21	0	5	0	0	3	42	1	16	0	1	1	4	1	4	3	4	1	1	0	0	0	0	1	6	1	0	0	0	0	1	0	1	0	25	0	1	0	0	0	14	0	0	1	6	0	0	0	2	0	1	0	0	13	2	2	
4	1	0	1	0	0	3	0	0	0	21	296	26	4	0	93	43	0	6	0	3	4	15	1	5	2	7	3	0	0	58	1	35	7	2	1	1	0	4	3	2	11	2	2	14	0	2	0	0	0	0	3	2	20	32	118	3	4	2	0	4	4	1	0	0	2	2	7	15	0	8	4	2	6	3	2	2	0	6	0	5	3	1	0	0	19	0	1	2	20	1	6	0	14	2	0	0	0	0	1	0	12	2	2	0	1	2	8	2	1	2	10	0	0	0	0	5	0	2	0	0	0	3	0	2	7	448	5	0	3	1	3	2	3	0	2	0	0	0	50	0	2	0	0	0	0	1	7	85	0	1	4	1	0	0	4	7	8	2	47	29	0	0	0	0	22	2	0	2	2	3	0	0	1	0	0	0	0	2	1	2	0	0	0	4	4	0	0	1	0	2	2	0	0	11	0	29	3	8	6	
3	0	2	2	0	14	906	1	0	5	8	0	30	2	0	6	1	16	22	0	13	2	11	12	0	0	0	0	3	3	4	1	1	0	7	2	13	1	0	0	0	0	0	534	0	4	2	3	4	22	0	1	3	5	32	0	4	2	0	0	0	9	0	0	0	4	4	0	2	0	21	3	1	9	0	5	0	10	12	1	7	0	0	0	0	11	2	34	0	7	0	0	0	0	0	0	2	0	4	0	11	11	5	1	2	1	1	0	0	4	3	1	1	8	0	73	1	0	0	8	4	2	0	9	1	0	14	0	0	2	1	1	2	1	3	0	0	0	1	0	1	0	0	0	3	3	4	0	0	4	0	4	0	78	24	23	0	0	0	0	13	0	3	2	0	0	0	4	1	2	1	2	0	4	1	0	12	0	3	8	0	3	0	0	1	0	0	0	1	0	30	1	6	0	7	0	0	0	10	0	
0	0	0	282	6	3	1	6	9	0	5	10	274	45	3	0	50	3	0	0	1	3	11	0	5	15	0	2	11	0	1	0	0	1	0	3	8	0	9	3	0	1	0	3	3	75	4	2	10	5	12	267	14	0	0	5	0	6	2	19	0	2	0	11	0	1	12	2	0	0	16	3	0	16	0	0	1	0	9	5	127	2	4	0	3	2	15	1	0	1	0	1	3	11	2	1	12	4	0	1	1	0	1	0	6	1	1	2	0	5	0	0	0	2	0	0	1	9	1	4	0	8	7	42	3	0	9	1	8	1	2	0	5	0	1	0	8	0	1	7	3	4	7	0	0	5	1	1	5	6	5	0	0	0	29	0	18	0	1	0	31	4	11	2	0	0	0	1	1	0	1	0	0	0	2	3	8	0	3	2	4	1	0	0	3	48	0	0	0	0	4	2	4	0	3	7	3	1	7	5	
1	1	0	0	2	4	5	5	0	9	0	1	1	958	1	10	3	1	0	0	0	107	20	20	0	4	0	1	0	2	3	2	0	4	0	0	1	2	0	0	1	0	1	168	7	0	12	5	0	6	1	3	2	5	2	0	4	1	1	11	0	4	0	6	0	12	5	6	0	2	1	2	0	6	0	0	0	1	0	0	0	9	0	5	7	0	0	3	5	0	6	1	0	0	1	0	1	2	0	0	0	1	0	10	1	0	78	10	3	0	4	5	1	0	1	2	10	2	0	1	1	2	0	0	2	0	0	1	6	1	6	0	4	1	0	1	97	1	8	6	0	2	0	1	1	0	2	0	0	1	1	0	2	15	1	4	4	0	4	1	1	1	0	0	2	15	0	0	5	0	5	1	89	0	3	0	0	0	0	3	4	3	35	0	2	0	5	0	1	0	0	0	6	0	3	0	1	1	0	62	
3	3	10	0	1	0	0	0	49	0	0	0	4	0	132	0	0	6	0	6	15	0	3	12	0	49	0	9	0	10	13	9	0	0	0	3	4	2	1	65	0	2	0	1	4	0	5	0	0	9	2	8	0	0	10	0	7	16	2	7	0	6	2	0	3	42	312	0	1	8	2	0	16	2	0	1	3	2	11	1	32	7	2	9	8	9	1	0	4633	3	0	6	0	5	14	2	1	0	6	1	1	7	0	2	2	3	2	2	0	1	0	3	1	1	0	0	1	3	13	12	1	2	2	1	1	0	0	1	7	0	0	3	15	0	0	0	29	2	2	13	1	4	1	6	6	0	7	2	5	1	0	0	17	0	12	0	0	0	0	9	9	0	0	3	1	1	3	0	0	1	0	1	0	0	20	0	4	0	0	0	1	0	0	0	31	0	2	10	2	1	0	1	2	0	1	0	0	1	0	0	
4	276	59	0	0	10	0	0	2	12	0	3	4	40	1	0	0	0	0	1	1	10	5	0	7	2	6	5	7	1	0	10	2	17	12	11	0	17	3	2	9	0	57	6	9	0	0	21	0	0	0	0	0	6	1	97	6	0	30	1	4	4	13	0	0	14	0	0	0	2	677	1	12	1	6	0	9	0	0	0	0	1	4	3	9	2	4	11	17	0	10	2	1	2	0	0	0	0	0	6	1	28	7	2	3	2	2	1	457	0	0	0	442	28	1	0	0	1	1	1	5	102	9	0	0	0	0	5	0	3	1	2	0	14	3	5	2	3	5	0	2	0	0	0	7	16	1	2	6	2145	0	12	15	0	1	2	1	64	0	0	1	2	8	2	1	0	2	0	3	3	10	0	0	45	1	0	9	0	0	5	0	0	3	1	15	0	4	0	6	0	0	0	0	2	0	2	0	0	0	1	
2	2	4	4	145	0	18	5	0	0	0	8	3	1	1	8	1	0	1	11	0	0	5	2	1	0	1	13	0	13	4	1	0	10	8	0	6	0	8	3	0	0	0	0	0	0	4	2	0	19	0	0	7	0	0	14	0	0	263	0	2	0	0	0	16	1	2	4	6	0	1	3	7	1	1	3	0	2	0	3	0	0	0	6	0	19	1	0	0	0	0	4	6	6	1	0	8	20	1	20	1	2	0	0	0	0	8	6	11	0	0	1	0	3	0	3	6	9	2	0	5	0	2	16	0	0	2	8	1	0	3	0	22	1	2	10	2	2	130	10	0	0	1	0	10	0	4	0	10	5	0	1	0	0	10	0	0	2	1	2	2	6	0	2	2	0	0	0	1	0	0	0	10	2	0	1	0	0	0	2	2	0	14	0	0	15	1	1	1	0	0	2	0	12	1	0	2	7	5	0	
1	0	6	0	17	0	0	0	0	0	0	8	0	1	13	14	3	1	2	3	0	5	1	3	0	0	0	0	6	0	2	0	0	0	0	8	11	6	0	4	0	2	0	1	4	0	4	0	7	3	0	0	0	1	11	0	6	0	9	5	0	21	2	1	14	5	2	2	1	1	1	0	0	0	42	4	43	0	8	11	0	2	0	2	1	0	3	61	4807	0	3	5	0	0	0	3	1	10	0	126	6	0	0	0	1	6	0	7	9	0	0	0	1	2	4	0	10	1	1	4	0	0	0	4	1	0	0	0	0	2	3	3	11	4	0	255	13	7	0	0	0	15	3	2	3	96	1	7	18	1	1	0	0	18	0	3	7	1	0	0	16	65	1	0	0	1	1	1	1	4	0	0	1	13	2	0	0	5	0	4	2	2	12	0	2	3	2	2	0	0	0	1	22	0	0	5	1	3	7	0	
11	7	9	12	0	0	10	0	0	0	0	21	0	0	9	0	1	8	0	0	2	1	0	4	5	10	10	3	0	2	0	6	5	22	2	0	0	0	0	2	0	0	8	0	1	2	0	0	0	1	0	2	2	0	21	1	5	12	4	6	3	0	5	0	0	0	31	20	0	9	1	0	0	0	0	0	6	1	0	1	0	3	0	1	2	11	35	2	2	2	5	32	34	1	0	38	0	0	4	12	27	0	0	9	2	2	2	3	0	0	2	0	7	37	7	0	4	1	0	1	0	0	6	1	0	0	0	2	10	1	0	3	13	0	3	2	9	0	0	13	0	1	22	14	0	5	6	5	0	0	5	1	0	1	2	1	8	0	1	3	0	1	0	16	0	1	0	5	5	0	0	0	0	0	5	5	0	11	2	0	2	0	0	0	0	0	0	3	1	0	1	1	12	1	0	2	0	3	0	3	
18	0	1	0	1	0	14	0	0	0	0	6	0	0	0	0	2	0	13	12	13	2	5	3	45	5	5	0	0	2	5	17	0	2	5	1	1	4	7	0	1	0	10	0	2	0	1	13	44	3	4	0	0	0	1	2	47	2	2	0	5	0	8	0	12	4	14	3	0	0	10	1	0	1	0	2	0	13	0	9	2	7	3	0	0	6	22	2	2	0	23	0	1	2	5	0	0	9	31	7	5	0	0	1	13	3	7	6	1	0	0	13	1	7	2	0	39	0	2	0	9	1	1	10	11	2	0	0	0	0	3	1	0	0	7	92	3	0	9	0	57	1	0	2	0	9	0	0	0	0	0	10	2	4	0	0	2	2	0	0	8	7	1	2	0	0	2	1	0	1	0	0	0	2	10	0	13	2	0	2	1	1	1	3	0	0	3	65	0	3	0	0	23	913	0	0	1	1	9	0	
14	2	0	2	4	4	132	0	1	1	6	0	4	0	0	7	0	6	0	2	15	2	0	25	0	0	4	0	1	1	0	3	1	8	1	129	3	1	4	0	0	6	0	9	2	0	0	1	0	0	0	0	3	292	28	0	10	11	6	0	0	0	0	0	0	0	0	2	3	299	292	0	6	0	0	3	0	1	0	0	0	0	1	1	1	7	0	0	0	0	0	0	5	4	0	0	8	4	0	0	3	0	1	4	2	1	41	1	2	0	0	0	63	0	13	0	0	0	1	0	4	1	0	11	0	1	0	0	2	1	14	0	0	0	0	7	0	11	0	0	3	1	5	0	12	4	2	21	2	1	0	2	1	0	0	0	1	0	3	2	10	0	1	0	0	3	1	3	1	5	0	1	0	0	1	0	18	1	0	2	0	0	0	1	0	23	8	0	0	0	0	8	0	37	2	0	1	4	5	1	
1	34	0	103	40	0	14	2	2	4	0	123	0	3	19	5	883	0	1	13	15	38	0	0	0	0	0	0	7	3	18	0	1	0	0	0	0	1	2	3	0	1	4	1	0	2	116	73	266	0	0	1	4	10	1	2	0	1	0	2	1	14	5	1	0	1	2	0	0	0	31	4	2	1	6	2	0	0	0	5	2	2	4	1	0	3	0	393	0	2	32	3	18	0	0	0	1	1	3	3	3	2	0	1	11	1	0	0	3	2	1	0	2	0	0	5	1	0	1	15	4	0	0	0	7	5	0	2	0	0	10	2	26	4	0	9	0	0	12	0	2	2	7	3	1	0	0	1	0	0	0	12	1	0	1	0	0	2	0	9	74	1	0	0	4	0	1	1	0	3	5	0	1	0	0	4	0	0	1	16	0	0	0	0	3	0	0	2	0	0	1	7	4	0	2	922	21	0	4	2	
12	0	37	56	3	0	1	6	0	0	9	4	8	0	3	12	1	6	6	7	3	24	39	0	0	8	0	1	0	4	0	1	0	8	1	0	6	2	14	1	6	0	16	8	1	0	1	1	13	5	2	2	6	0	0	2	5	5	0	7	0	2	0	13	0	9	0	0	25	0	12	0	0	0	0	1	0	3	7	1	0	3	1	2	0	0	1	6	0	6	1	0	0	0	0	0	6	7	0	2	1	6	1	4	0	2	11	1	0	8	22	0	11	3	2	0	0	2	0	0	1	1	2	2	0	0	8	0	1	4	2	0	1	1	9	0	4	3	0	2	2	3	1	4	3	0	0	1	20	0	2	2	1	0	2	0	0	15	2	0	2	2	0	4	0	1	0	1	0	0	4	13	1	11	11	2	0	0	0	2	6	2	0	0	1	0	2	5	6	0	0	0	0	6	1	3	4	0	4	12	
32	1	0	8	1	1	0	2	1	1	0	3	0	1	26	10	6	6	6	6	9	1	0	1	10	5	30	0	16	8	0	0	113	6	3	0	0	2	0	0	0	3	3	12	0	55	0	7	0	0	5	2	0	2	0	0	32	1	34	25	1	0	0	6	0	0	2	6	3	6	0	0	4	0	3	0	18	4	0	12	8	13	0	5	0	0	0	3	7	3	9	0	1	0	79	6	1	11	5	0	0	16	0	1	0	1	0	259	0	1	0	2	6	3	1	3	1	0	5	0	0	3	0	0	0	4	4	2	2	1	0	0	0	0	0	1	0	0	0	3	1	2	10	4	1	0	0	5	4	0	0	17	1	0	0	0	0	0	59	0	1	0	1	0	2	0	0	3	23	0	0	5	1	0	0	12	0	2	2	10	1	4	4	0	0	2	0	34	0	0	0	3	1	0	0	14	2	0	0	2	
18	0	26	0	26	0	0	1	0	0	21	1	19	3	0	0	0	4	54	0	0	0	512	0	0	68	0	9	0	1	3	1	1	0	0	0	9	14	0	1	2	1	1	35	1	7	2	13	0	58	0	4	0	0	1	0	2	10	12	6	7	10	0	12	3	0	12	6	0	0	2	5	2	24	2	7	3	0	0	0	0	7	2	3	8	3	2	1	2	2	1	9	454	3	1	0	1	0	1	0	0	1	8	2	0	0	2	3	2	1	102	0	0	1	5	2	0	3	0	7	0	8	0	2	0	0	1	0	1	0	3	0	11	0	0	1	2	71	258	0	0	0	1	1	3	0	3	0	1	0	4	0	1	0	1	0	0	4	2	0	0	4	0	0	0	0	0	0	5	2	0	12	0	0	3	0	0	1	34	1	18	0	0	2	0	0	2	1	0	22	0	0	16	0	4	3	6	6	16	0	
0	12	0	1	0	41	5	6	0	3	32	17	9	21	0	0	0	2	0	0	2	0	1	6	0	9	0	0	0	2	1	1	1	0	1	4	1	0	17	34	2	1	22	0	0	8	0	0	7	0	2	0	2	0	0	0	2	1	1	3	3	0	6	8	7	1	3	0	4	7	23	2	33	0	12	0	0	0	0	0	2	9	33	2	0	1	126	0	6	0	1	0	47	0	3	10	5	0	1	0	1	0	0	1	0	0	0	0	0	3	0	0	1	0	4	0	1	0	2	1	0	9	0	25	3	5	0	1	0	0	24	1	0	1	0	12	0	0	5	30	13	4	94	0	196	4	0	0	0	0	2	3	0	1	0	1	0	0	0	1	1	0	1	0	1	0	0	0	4	0	1	4	3	1	6	1	8	2	1	8	3	0	0	0	0	1	1	3	0	0	0	3	0	0	5	4	1	6	1	14	
2	3	0	2	1	0	10	0	3	7	0	0	0	0	0	22	2	0	1	0	0	0	881	3	2	0	14	0	2	2	4	0	0	11	7	148	14	0	2	3	0	0	2	0	1	16	47	2	0	1	105	8	8	0	0	11	13	2	0	0	5	3	0	0	0	1	0	0	0	0	3	12	2	0	0	0	27	6	0	2	345	5	0	54	0	10	1	52	0	6	7	0	0	1	1	2	39	1	4	0	4	0	0	0	0	0	0	11	0	0	4	24	0	0	1	1	4	6	2	0	4	0	3	4	0	4	5	9	0	0	6	0	0	6	9	0	3	20	6	0	0	0	0	0	8	16	1	1	7	0	4	0	1	0	0	0	0	0	3	2	1	0	1	0	1	0	3	0	8	1	8	0	0	0	1	26	0	3	4	0	2	24	1	0	0	1	9	0	7	186	0	12	12	4	21	1	5	0	0	11	
26	1	3	3	1	0	0	72	3	2	12	4	0	4	3	3	27	0	10	0	0	16	0	1	0	17	1	0	3	0	21	0	13	13	0	6	0	50	0	2	8	10	1	0	0	3	0	1	4	7	1	0	1	9	0	0	0	4	305	7	2	1	0	0	3	0	0	62	2	0	1	0	6	3	4	4	12	7	20	0	0	460	0	9	0	82	0	4	9	10	6	1	0	6	0	3	0	2	5	5	0	0	11	10	2	2	0	0	2	3	8	0	2	15	0	4	4	393	5	1	0	1	12	16	0	30	1	6	9	1	6	0	3	1	0	0	96	1	3	0	0	1	0	0	0	0	3	2	0	0	1	14	0	1	10	0	1	0	0	5	0	5	1	0	0	0	0	0	22	0	4	0	0	0	20	2	66	1	0	0	0	0	0	1	1	4	0	19	13	2	0	2	2	0	4	0	296	61	0	1	
2	0	103	0	0	1	0	0	2	5	1	1	31	0	0	7	2	3	0	0	0	6	9	0	0	4	0	10	0	0	0	1	0	12	15	0	279	0	5	1	33	0	1	0	2	12	0	0	0	1	2	16	0	8	2	1	2	1	2	0	13	0	4	0	1	2	0	1	6	1	7	2	5	9	1	8	0	2	0	0	3	0	27	0	0	3	0	1	3	7	0	1	3	2	9	7	4	15	3	0	4	0	0	9	0	6	3	0	1	2	2	2	0	12	0	1	3	0	0	0	0	1	2	9	0	6	0	56	0	0	0	7	0	5	1	5	0	16	1	0	0	10	3	0	0	0	1	0	0	2	1	2	0	1	0	3	0	0	0	1	0	1	0	1	0	1	10	0	1	4	0	0	0	10	1	5	3	0	0	15	0	11	0	6	0	0	1	0	7	2	2	10	16	2	10	1	1	1	0	2	
26	9	35	0	0	0	0	4	0	1	0	3	1	0	11	2	12	1	6	0	23	0	5	9	5	0	0	6	1	102	7	9	0	3	3	4	0	0	114	2	1	1	8	0	4	0	14	3	1	15	6	2	1	0	4	1	1	0	0	1	4	1	1	6	26	0	0	0	1	7	1	2	2	4	27	0	6	1	0	0	7	464	464	0	6	0	2	0	6	14	0	0	1	2	2	7	0	6	0	72	0	2	2	0	1	6	1	4	0	1	3	0	0	11	0	3	6	7	1	1	1	1	5	10	1	0	23	0	15	236	0	13	0	1	0	1	3	3	1	0	2	2	0	1	0	4	0	0	0	1	9	0	0	0	3	1	1	1	0	0	1	1	1	0	1	0	13	1	1	0	0	0	3	3	74	0	3	3	4	6	10	0	2	0	0	0	2	4	0	0	285	8	0	0	4	0	25	6	0	0	
864	0	0	5	0	0	2	5	13	0	0	4	0	0	3	4	0	0	553	0	0	0	3	0	1	21	13	10	0	1	11	20	0	3	116	0	8	0	0	0	1	6	3	0	5	8	0	1	0	1	13	0	1	10	0	0	0	0	0	0	0	20	1	8	0	1	85	0	1	10	0	0	2	8	1	0	0	2	1	27	8	0	0	0	0	17	0	0	0	0	0	1	1	0	0	4	8	9	2	0	2	0	1	0	4	13	1	1	1	2	0	4	0	2	0	0	6	2	0	9	5	7	9	0	0	18	0	2	0	1	0	13	5	5	6	0	3	2	1	5	0	0	1	16	1	0	1	6	201	0	1	3	0	6	3	2	24	6	3	9	2	0	0	2	13	1	3	0	15	0	8	15	1	3	1	2	2	0	0	1	2	0	2	0	0	0	2	0	2	1	0	3	1	2	11	0	7	0	2	4	
2	0	3	1	0	0	4	1	20	1	11	0	0	0	0	0	8	4	0	3	8	64	1	0	8	2	10	4	3	0	5	20	6	0	0	0	1	5	30	5	8	0	2	8	1	3	0	0	0	0	2	4	3	4	1	2	7	3	0	12	0	3	0	0	1	0	13	10	12	0	0	1	5	4	0	0	0	3	5	0	1	6	1	0	3	48	4	0	0	22	0	0	13	0	9	453	0	3	0	0	0	2	0	1	380	0	0	7	8	3	0	3	0	6	2	3	6	0	12	0	0	2	6	0	1	0	1	0	7	3	3	78	0	5	10	20	0	0	8	0	4	0	5	0	4	3	1	7	0	2	1	0	0	8	2	0	0	4	0	1	14	0	0	0	90	0	0	0	1	4	3	0	0	4	12	0	0	5	1	0	10	276	1	19	2	0	13	7	16	0	2	0	0	0	2	0	0	2	0	2	
9	0	1	2	14	0	5	14	2	1	2	1	0	0	1	0	3	0	0	2	1	0	11	2	0	0	1	2	6	0	45	1	0	4	1	6	13	3	1	65	5	0	1	1	4	1	0	0	7	4	0	0	5	1	1	0	1	13	6	2	1	5	71	0	1	7	1	19	27	13	2	14	14	0	1	2	0	20	6	4	6	3	0	2	0	0	34	3	0	1	0	0	5	0	11	0	1	1	1	2	7	390	10	2	0	0	0	2	0	6	0	0	1	10	0	0	0	13	0	1	8	3	1	1	14	0	0	95	24	0	201	5	2	1	0	10	2	0	3	0	1	8	0	0	0	1	1	7	0	12	3	1	1	3	0	1	1	0	0	0	0	0	4	2	0	0	0	0	5	2	2	2	3	0	1	36	6	1	0	0	4	0	3	1	2	0	0	0	0	0	0	0	0	2	0	0	0	0	0	0	
0	15	28	10	1	0	0	2	1	14	71	1	0	1	4	4	533	5	0	1	0	8	32	15	0	3	4	0	9	14	8	3	0	3	15	11	0	5	37	1	41	0	4	18	0	0	1	7	3	0	2	2	3	0	4	0	12	703	81	38	12	1	5	25	0	0	0	39	13	3	8	6	1	13	2	359	4	0	7	0	0	3	2	30	15	3	446	14	19	3	429	0	17	0	0	1	8	0	0	0	43	0	2	0	3	4	0	0	2	1	1	3	4	0	8	253	0	0	2	0	8	6	11	9	0	0	3	0	2	0	0	0	0	1	1	9	18	0	1	1	0	1	3	0	0	0	2	3	3	0	0	4	0	0	1	7	0	0	0	0	0	1	0	0	3	3	0	1	0	0	0	1	83	0	9	13	3	2	0	1	1	0	1	1	5	2	6	14	4	1	0	1	1	6	7	1	2	1	25	1	
968	0	3	0	16	5	0	15	0	11	32	147	2	6	1	0	8	0	0	1	1	0	0	19	9	0	2	2	12	7	3	7	1	16	0	0	2	18	0	4	0	0	8	0	1	1	3	2	12	0	8	0	0	304	2	0	1	2	3	1	0	43	6	0	0	12	0	1	6	7	8	1	0	0	1	3	0	6	1	2	0	0	1	14	4	2	0	0	1	0	0	133	0	0	1	3	38	0	4	0	0	9	5	4	3	4	28	4	0	8	0	3	1	0	17	25	10	10	1	5	0	0	0	0	6	0	5	4	17	0	11	2	12	2	5	0	0	0	2	0	2	19	1	0	0	0	0	9	0	4	0	0	0	0	26	0	0	2	0	0	1	2	2	0	2	0	0	0	116	24	0	0	79	1	2	0	6	0	1	8	0	1	5	0	6	0	9	0	299	1	0	38	0	0	1	0	13	3	4	0	
12	16	2	0	0	18	0	3	2	11	0	16	0	3	6	0	4	4	7	4	7	28	3	1	1	4	6	0	0	0	3	0	5	4	21	0	1	0	0	2	0	0	0	2	1	6	0	1	2	7	20	0	0	1	0	1	6	1	0	8	1	5	1	3	0	2	0	0	1	3	11	0	0	474	31	8	0	3	0	3	2	0	1	3	0	40	6	11	0	337	20	1	0	0	0	8	4	8	87	10	383	1	1	1	2	0	0	0	0	6	0	0	1	10	0	13	1	0	3	0	5	0	0	19	0	9	0	0	1	1	3	22	0	196	20	24	1	1	0	2	19	1	4	0	0	4	4	1	3	3	1	4	2	2	0	1	37	0	0	2	1	3	0	0	0	1	4	0	2	16	0	3	9	1	7	6	0	3	3	8	1	4	0	7	11	0	0	13	8	8	24	275	0	1	8	1	2	5	0	4	
0	0	5	11	8	4	0	0	11	7	0	6	0	4	0	11	0	4	0	14	0	9	7	1	36	11	2	0	1	8	11	26	10	0	9	0	12	2	6	3	0	0	1	13	0	1	1	7	0	0	4	0	0	1	1	1	0	11	36	0	0	4	0	3	0	1	0	0	0	0	0	1	1	0	12	2	0	0	6	0	5	1	0	3	10	14	4	5	0	0	14	1	4	0	13	3	12	2	3	0	1	0	12	0	1	0	8	93	13	10	1	0	5	0	2	0	0	1	18	6	30	3	0	0	6	0	0	0	0	9	0	0	0	1	0	1	0	0	2	1	0	0	0	0	0	19	6	0	0	1	0	2	16	0	1	1	1	0	29	3	4	0	1	0	31	0	1	2	7	0	0	7	0	0	6	0	5	0	0	6	0	0	0	0	31	31	5	30	0	1	0	0	0	0	2	274	0	3	0	0	
5	1	0	2	21	3	11	13	0	0	1	0	2	0	0	0	5	1	4	3	0	0	0	6	3	7	9	0	1	7	0	0	15	0	0	20	6	2	0	2	4	0	0	1	3	14	0	9	0	1	6	7	0	0	0	0	50	0	15	0	0	1	2	1	2	0	0	23	7	0	0	3	1	1	4	0	9	2	50	0	18	20	0	4	1	0	0	5	1	399	1	4	6	12	0	0	3	1	27	1	13	0	0	2	3	0	1	1	16	0	3	1	1	2	0	1	9	2	1	0	6	73	2	0	0	1	4	0	16	2	0	0	6	4	3	13	0	1	1	2	0	0	15	1	0	0	4	1	2	0	1	0	1	20	0	0	1	3	0	0	2	0	0	3	0	0	1	0	0	0	0	0	5	0	0	27	7	0	0	0	14	0	0	3	15	0	1	0	12	28	3	863	0	3	0	19	6	3	0	964	
0	2	0	11	11	3	4	1	3	1	150	0	3	3	3	19	9	1	0	0	0	8	0	0	0	31	0	2	23	6	1	0	1	18	10	0	6	0	0	1	0	4	14	1	1	12	0	3	10	2	10	13	69	4	1	12	0	7	0	1	6	0	8	0	0	5	0	19	2	7	1	0	11	0	0	3	0	0	0	5	0	3	0	0	1	0	0	8	2	0	1	8	1	2	0	0	0	6	0	3	18	3	0	5	1	1	1	0	0	0	16	0	0	1	0	0	0	0	3	0	0	7	0	0	4	0	0	1	0	0	10	9	1	1	0	9	0	0	2	0	0	0	0	14	1	2	4	0	3	8	0	3	3	0	26	22	0	1	1	0	0	0	0	0	4	0	1	3	0	0	2	0	7	7	0	17	0	0	0	2	0	5	0	8	0	0	5	0	2	3	2	9	0	5	22	57	8	1	0	13	
19	0	0	15	1	1	41	4	0	2	0	0	0	5	562	0	12	0	1	0	3	0	22	0	8	8	0	0	16	1	1	48	0	7	0	10	0	8	11	8	3	0	0	2	0	3	12	10	11	0	0	1	1	0	6	1	0	10	5	10	0	2	0	0	0	2	2	1	1	2	0	4	2	335	1	0	6	0	6	1	2	0	0	2	6	1	0	76	14	17	2	1	9	0	0	0	5	0	2	0	0	42	0	9	1	4	39	7	0	7	7	0	15	2	0	0	0	0	1	1	3	3	0	0	3	0	2	0	0	3	10	0	4	0	1	0	0	0	0	4	0	0	1	0	1	0	0	18	0	0	1	0	0	1	0	2	0	2	11	1	0	0	0	1	0	0	1	0	1	0	0	0	0	9	1	0	3	1	16	0	30	0	1	0	0	13	1	0	0	2	35	0	4	14	3	3	1	12	3	4	
0	0	0	529	3	6	0	10	15	4	8	0	4	0	0	3	0	0	33	0	14	3	1	0	10	0	2	18	0	1	49	0	14	19	7	2	8	9	7	0	4	0	4	40	0	5	81	0	0	4	8	0	0	4	2	4	0	4	0	3	28	0	1	4	0	14	6	0	3	0	4	1	0	5	9	0	11	0	0	5	0	5	0	3	5	0	2	0	0	0	0	2	0	0	0	1	8	2	0	0	1	0	0	3	10	19	246	0	5	0	0	14	0	25	0	8	6	1	0	0	9	2	2	3	1	1	4	2	0	0	18	0	0	7	0	17	9	0	22	0	1	0	0	0	0	0	1	1	2	0	0	3	2	0	2	25	1	1	3	0	0	10	0	5	2	0	0	4	7	0	0	13	0	8	3	0	8	13	15	1	5	0	33	2	0	32	950	0	1	0	970	0	0	13	3	0	15	7	12	42	
4	0	0	1	4	19	4	0	6	18	6	19	3	0	3	4	0	0	103	1	14	50	1	3	4	0	0	2	0	0	25	27	23	3	5	2	4	0	0	14	0	3	0	5	0	0	0	1	0	16	0	0	0	0	129	2	5	0	0	4	2	2	2	0	0	1	6	1	0	3	0	0	2	1	7	0	0	1	0	6	1	0	5	3	5	2	2	0	3	2	1	0	1	0	6	0	435	1	0	0	1	6	0	1	0	6	0	0	1	0	0	3	0	6	0	4	6	3	22	6	2	2	2	0	0	0	4	5	0	1	0	1	0	3	0	68	2	0	11	0	38	0	7	0	22	5	2	0	0	4	0	8	0	3	2	3	1	2	0	2	0	1	0	1	0	0	3	1	2	3	0	0	4	10	3	1	0	0	3	3	2	4	13	6	31	4	11	2	0	24	0	4	4	0	1	0	1	24	1	5	
932	0	0	6	0	1	8	9	0	5	2	0	1	0	0	1	1	0	2	1	8	518	0	0	0	0	10	0	2	2	0	5	0	0	0	8	1	53	1	0	1	0	0	3	0	4	3	7	0	4	0	5	1	0	13	18	3	3	1	0	5	2	0	0	6	0	0	1	7	0	1	12	1	0	0	5	0	57	6	0	0	2	0	0	2	0	0	2	0	3	0	0	6	7	3	0	8	0	8	28	1	0	7	1	1	4	0	4	0	14	1	3	1	6	0	0	0	2	6	13	1	1	12	1	11	0	34	2	0	0	2	11	1	0	1	0	0	0	0	1	0	7	1	3	2	0	0	0	0	0	2	1	4	10	0	2	4	0	0	0	3	6	4	1	7	24	11	2	5	0	0	1	0	5	3	0	4	0	0	0	1	0	0	0	0	1	19	4	0	2	0	2	21	0	6	0	0	4	878	2	
0	0	6	0	1	6	2	3	8	1	17	1	0	3	0	0	0	0	150	3	0	0	3	0	1	0	0	24	0	1	0	9	4	2	1	0	4	20	5	0	10	1	0	0	8	0	296	0	0	17	7	17	1	10	1	0	14	1	0	0	64	0	0	0	0	0	0	0	0	3	0	2	0	3	12	29	4	3	7	1	11	5	6	0	0	0	0	0	0	0	3	11	4	0	2	1	2	5	0	0	1	49	1	0	0	1	2	34	14	2	1	0	0	3	2	16	10	1	3	0	4	1	1	1	4	0	2	0	0	0	0	5	0	0	0	0	2	0	7	7	0	1	5	0	1	2	0	0	0	0	0	0	3	2	0	0	0	2	6	3	0	8	7	28	0	7	4	8	2	0	0	0	14	0	3	2	0	6	1	34	1	9	0	38	1	1	12	5	2	12	0	7	10	964	0	0	2	0	3	0	
0	1	2	0	0	1	2	1	0	0	8	2	0	0	0	1	2	2	0	0	0	8	6	0	2	43	34	6	0	4	0	3	0	0	15	1	4	2	18	3	2	0	11	0	2	10	1	130	6	0	0	1	8	0	1	0	1	1	1	0	1	1	1	0	1	1	0	6	3	0	2	0	334	127	0	9	0	0	2	1	1	0	1	2	0	9	0	3	6	4	2	0	3	2	1	3	0	14	0	0	0	5	0	0	0	0	12	0	9	0	8	2	4	0	4	0	200	2	0	0	4	0	0	0	1	0	0	24	4	7	0	3	0	1	1	2	2	0	0	0	1	0	1	0	0	2	2	0	34	0	0	0	0	1	26	0	3	1	0	24	27	1	1	1	7	2	2	0	1	0	0	0	0	0	4	1	0	0	5	0	10	2	90	1	0	1	0	1	0	0	1	0	0	1	7	0	2	1	0	1	
1	8	2	3	3	8	5	4	6	3	9	1	1	0	4	5	1	3	6	0	0	5	0	0	179	1	4	0	6	0	2	1	1	1	4	0	44	6	9	0	4	5	3	3	8	3	9	0	0	14	0	2	0	13	4	1	4	0	0	0	0	1	1	1	4	1	441	0	0	38	14	12	0	0	4	1	0	4	2	1	0	2	0	0	1	1	2	2	0	104	0	1	0	25	9	2	0	0	0	0	0	1	6	0	8	1	0	20	6	0	5	2	0	0	0	13	0	2	2	260	21	11	0	14	1	0	0	3	1	5	7	27	1	1	16	1	0	39	0	6	0	0	0	1	1	13	13	2	2	0	1	1	2	0	0	2	1	1	34	3	4	0	0	3	0	0	18	0	9	0	2	0	1	3	15	23	4	11	3	0	0	1	0	2	0	0	0	1	0	2	3	5	1	4	1	4	41	11	0	0	
0	35	3	1	10	0	9	1	0	13	20	7	0	6	22	36	0	0	11	0	0	0	0	14	4	2	0	8	0	6	2	0	0	23	0	6	3	21	1	0	0	11	17	20	0	1	0	0	1	1	1	5	0	2	2	0	4	0	1	16	8	4	1	2	31	1	3	2	0	2	3	31	0	0	0	0	0	0	2	14	1	2	0	5	0	0	1	0	0	0	2	7	0	0	1	0	9	0	1	0	10	0	0	0	3	0	2	10	7	6	4	6	0	1	4	3	4	0	0	10	0	0	2	0	0	0	0	3	6	9	1	1	1	3	1	0	0	0	0	0	1	0	5	2	0	1	1	1	0	13	0	0	1	0	5	0	2	0	0	0	0	0	5	1	0	0	1	0	1	0	8	0	4	5	4	16	0	1	1	2	966	2	2	3	6	2	0	0	0	7	1	0	13	0	2	45	0	13	0	2	
0	2	0	20	0	0	8	4	1	0	0	11	76	0	50	9	0	0	4	0	93	4	3	17	2	1	0	0	8	5	5	0	3	4	10	0	0	16	4	1	0	5	0	0	0	0	0	2	9	0	0	2	36	1	2	1	0	1	20	55	0	0	1	0	0	8	2	0	0	0	2	5	1	0	2	451	0	4	0	0	0	1	12	4	0	1	0	0	6	1	1	0	0	0	3	4	8	1	1	4	1	1	0	7	6	6	3	0	6	10	0	237	0	13	0	1	3	0	0	0	4	0	3	11	2	0	2	0	0	2	195	0	1	1	0	8	2	2	2	18	1	7	1	0	4	1	0	0	3	4	2	0	0	6	0	6	6	6	0	3	1	0	2	0	2	1	14	3	3	8	9	13	1	9	10	7	1	0	0	52	0	0	2	1	0	0	5	6	4	0	1	0	0	0	2	0	5	6	0	0	
2	0	10	1	0	9	2	0	0	0	15	1	3	1	9	0	152	5	1	0	2	1	0	0	0	7	4	1	10	0	2	1	0	1	0	1	5	2	1	6	0	0	0	5	17	1	2	0	0	0	0	7	0	2	1	63	0	0	0	2	27	3	4	3	6	0	0	3	0	0	2	7	0	1	0	0	3	6	2	0	3	2	0	0	0	5	8	0	435	0	0	5	0	4	0	3	2	7	0	0	0	8	12	3	2	0	5	5	2	11	0	0	0	4	5	10	8	7	4	0	1	0	0	6	0	64	3	0	1	1	1	1	1	0	3	0	0	2	12	1	1	0	0	2	1	2	0	8	5	0	14	0	0	0	0	0	5	0	3	0	0	0	8	2	0	1	16	1	286	10	8	5	2	0	6	2	43	4	0	0	1	1	2	134	0	4	0	0	2	0	7	2	0	0	7	0	25	0	0	0	
10	1	2	12	1	1	0	0	2	6	0	0	3	0	0	16	0	0	0	0	2	20	7	52	3	0	8	0	1	0	11	7	17	3	39	8	1	40	19	1	1	0	0	15	1	27	0	0	1	0	3	17	0	0	0	11	12	7	0	1	16	2	0	2	0	0	3	0	3	5	0	0	0	0	0	9	0	1	0	1	9	4	16	2	0	0	1	0	0	0	1	4	3	1	0	0	2	0	8	1	0	0	9	0	0	17	7	23	0	0	15	2	4	1	0	1	0	1	2144	0	1	0	0	6	2	0	0	0	0	5	17	4	0	1	4	2	0	0	0	0	0	0	0	0	19	0	8	0	2	0	3	0	0	0	0	3	0	0	0	0	1	0	2	6	0	3	0	23	0	9	0	18	0	0	28	2	9	0	4	4	0	5	2	1	1	0	10	0	0	0	19	3	1	2	0	1	40	7	2	0	
1	9	1	22	4	1	1	2	4	3	12	0	0	10	5	0	4	1	3	11	0	0	14	6	0	0	0	1	0	0	308	7	0	0	0	6	2	3	1	16	0	3	1	4	8	7	1	2	2	12	4	2	0	1	6	30	6	1	1	2	1	0	57	0	2	3	11	0	3	0	0	40	1	0	2	3	1	2	2	0	4	4	1	0	2	2	0	2	7	0	10	1	0	0	1	1	0	9	0	1	0	14	29	6	1	0	0	24	0	0	0	1	0	4	0	1	1	0	25	0	0	6	6	1	0	0	4	1	0	0	16	1	0	1	0	0	0	14	3	0	6	1	3	2	1	3	37	0	0	1	1	0	0	0	0	0	8	0	281	0	7	6	0	5	0	0	2	0	6	6	1	1	0	0	41	5	0	0	10	1	17	0	3	1	9	11	4	1	3	0	12	0	7	3	0	529	0	2	0	1	
2	2	4	0	0	9	2	0	0	0	5	0	1	13	2	0	2	0	5	0	76	1	0	3	0	0	0	0	9	3	15	0	1	0	6	2	0	11	3	3	10	5	2	1	0	7	0	0	2	1	4	4	1	2	3	0	363	4448	0	14	4	1	5	81	0	0	3	0	15	2	0	0	454	2	0	2	1	2	0	1	399	6	0	0	6	3	0	0	1	1	11	2	10	2	0	0	1	2	0	10	0	1	3	0	4	0	0	0	0	1	2	3	2	0	4	0	0	0	3	0	1	0	1	1	1	3	1	1	1	0	0	0	0	2	4	3	0	19	1	1	1	1	1	0	0	1	0	0	0	1	1	0	70	0	0	1	0	25	1	1	0	0	5	0	9	26	6	6	198	0	0	1	0	3	0	0	49	4	1	4	0	3	26	3	0	0	0	15	38	0	1	15	0	1	6	9	12	0	6	12	
0	533	4	62	0	2	1	4	1	5	11	0	2	0	6	1	0	0	119	1	97	0	0	0	0	1	9	2	0	4	12	5	0	4	5	0	1	1	4	1	9	0	2	2	12	0	0	2	8	0	0	6	0	0	3	6	4	8	1	0	6	0	2	6	2	0	335	3	8	2	0	0	38	3	1	4	0	41	0	20	0	2	0	0	1	1	0	0	0	14	1	0	7	0	41	0	15	1	1	0	0	5	9	4	3	7	0	3	12	2	3	0	1	0	1	2	2	1	17	1	4	2	1	0	1	0	0	4	17	2	0	1	23	0	2	0	25	4	0	1	7	0	0	1	0	0	0	5	1	0	2	0	0	0	0	3	1	14	0	3	6	6	1	2	35	0	920	18	0	11	1	0	3	0	93	1	3	2	5	1	2	0	2	0	1	12	1	11	0	5	10	3	0	1	0	0	4	3	513	0	
0	0	5	0	0	3	0	0	32	44	1	12	1	0	2	3	7	2	2	130	2	2	1	0	0	5	8	0	1	0	1	0	4	0	0	0	14	1	6	0	6	1	1	0	0	2	3	4	0	5	0	1	7	6	0	32	0	2	1	0	0	0	0	1	3	1	0	27	0	0	0	0	1	3	3	11	3	0	2	400	0	4	3	64	0	0	4	1	0	0	1	12	10	7	0	34	1	2	1	5	0	1	7	0	2	3	1	3	1	0	0	1	0	1	1	0	4	0	0	0	1	1	0	5	0	70	1	0	0	1	0	0	5	0	0	32	1	7	74	3	1	4	1	2	1	0	0	2	0	2	1	16	0	1	4	1	0	6	0	14	0	1	0	3	11	0	32	5	2	5	2	99	8	33	3	0	4	1	0	5	50	6	3	0	12	39	0	20	0	4	0	1	6	2	2	1	0	1	4	5	
3	0	0	561	0	58	3	0	0	0	0	0	0	0	1	0	2	117	0	8	13	1	1	0	10	13	3	17	1	2	6	0	5	0	1	7	21	3	0	25	2	3	2	1	0	0	7	0	0	1	0	1	6	5	0	2	0	0	0	6	0	7	0	7	8	0	0	450	0	448	2	1	5	0	0	2	6	2	0	5	0	0	1	1	5	1	2	4	15	11	9	2	2	10	3	0	0	0	0	0	0	7	0	1	2	0	2	21	0	9	3	17	7	1	0	0	0	1	2	0	0	0	0	0	9	1	0	1	62	3	0	0	0	0	0	0	0	3	2	0	0	2	0	3	5	11	0	0	0	0	13	0	0	22	0	8	1	6	3	0	0	2	7	197	9	0	0	0	1	5	0	1	0	2	0	0	27	2	884	2	1	19	1	0	1	0	3	0	1	6	0	5	0	0	3	2	2	5	1	0	
0	14	6	1	0	4	129	5	5	1	4	1	46	0	8	0	54	2	0	4	1	0	0	0	23	3	0	0	10	0	0	0	0	15	1	2	3	42	0	2	5	0	2	0	1	20	9	1	0	3	2	5	0	0	25	0	6	3	0	1	22	0	5	1	2	3	0	1	1	2	3	5	5	0	2	0	0	5	4	0	5	3	4	0	0	4	0	0	5	4	2	0	2	1	0	3	14	1	2	7	2	7	1	24	205	0	1	0	9	8	0	22	266	1	0	0	0	1	0	0	2	1	23	0	0	0	2	0	48	2	2	1	0	0	0	0	3	5	3	4	1	2	1	14	19	1	11	0	1	0	7	9	2	3	6	2	0	0	20	0	0	10	0	1	0	278	5	2	0	20	36	2	0	1	0	1	14	0	0	0	45	15	2	10	3	4	0	3	0	16	9	2	13	24	2	0	2	0	0	1	
34	9	0	0	0	0	3	0	4	1	0	0	0	0	31	0	6	0	4	6	0	0	0	11	0	4	10	1	0	0	0	1	14	3	0	0	0	1	0	20	0	1	20	0	6	2	1	5	4654	5	0	0	26	0	37	0	1	0	1	19	0	0	14	3	53	0	0	0	4	9	1	1	4	0	4	1	4	0	0	2	4	2	0	0	0	11	0	0	8	1	2	1	0	2	4	2	6	0	1	0	11	1	5	1	1	11	14	0	0	1	1	2	0	0	0	3	0	0	9	0	0	0	13	0	0	1	5	5	3	0	0	0	0	4	0	0	1	0	1	0	14	0	3	0	1	2	0	3	0	1	0	0	0	5	0	0	0	0	0	7	0	0	0	0	8	15	288	2	1	0	145	14	1	0	143	0	0	22	9	1	7	3	7	2	0	0	0	0	0	0	4	0	16	4	132	0	4	9	14	3	
8	9	5	44	0	2	1	0	1	0	0	0	0	0	6	17	0	17	13	7	10	2	17	10	1	0	0	1	13	0	0	0	0	7	0	10	0	6	0	25	6	9	8	2	9	4	0	21	0	0	6	0	1	6	0	0	0	0	11	0	4	9	0	9	4	45	2	3	1	0	1	0	0	2	1	2	0	0	0	0	1	4	1	0	0	0	5	2	1	2	3	2	0	0	100	0	37	3	7	0	4	3	95	5	3	45	2	0	2	0	79	1	0	2	0	2	10	2	1	1	2	3	3	0	2	3	0	0	0	0	1	0	1	0	15	3	0	0	0	0	10	1	0	0	0	0	1	0	1	1	9	42	1	7	2	0	2	0	2	0	0	0	0	0	8	6	0	0	14	0	8	0	3	27	0	9	4	0	0	3	14	1	4	19	19	0	7	0	1	69	2	0	10	3	0	1	0	1	10	1	
1	0	33	0	6	3	1	4	7	1	7	0	2	0	0	0	2	4	0	3	28	0	9	9	1	7	0	0	45	0	0	9	0	1	0	1	0	0	0	63	4	2	11	0	1	5	0	0	0	3	3	1	3	0	1	0	2	2	0	0	3	0	0	0	1	3	0	4	0	11	1	1	3	0	0	0	1	26	3	1	0	0	0	7	0	9	2	0	0	1	2	2	0	0	0	10	2	0	2	1	0	16	0	1	5	1	1	1	1	1	3	3	0	0	0	0	0	5	1	8	1	15	0	1	1	0	0	1	1	1	78	0	2	2	1	0	1	0	2	5	0	37	2	30	6	0	0	0	6	0	5	0	4	28	0	0	0	1	4	7	4	15	0	12	0	1	8	1	0	0	2	133	19	1	4	6	0	1	1	0	0	0	2	16	11	0	0	5	2	2	2	41	3	0	0	0	8	7	2	2	
0	0	0	1	1	6	1	3	0	0	6	27	3	4	0	1	1	6	3	16	1	0	13	4	2	1	0	0	0	0	5	4	37	3	5	5	1	0	24	15	1	5	0	8	2	6	1	5	0	1	11	2	1	0	15	0	0	436	8	1	0	2	0	1	2	0	1	0	2	0	128	1	7	2	0	1	0	6	0	0	0	1	0	1	0	0	4	395	3	5	2	1	8	14	5	0	4	0	1	5	0	10	0	4	0	3	0	3	0	1	0	1	1	3	0	1	3	0	0	0	0	0	2	1	0	2	6	2	0	0	0	3	16	4	0	18	2	1	0	0	1	0	0	2	4	1	0	0	1	1	0	0	2	0	0	0	4	4	21	0	1	0	2	1	0	5	0	5	0	0	0	24	6	48	0	0	8	4	1	1	889	4	12	0	7	0	0	1	5	0	0	0	2	0	1	21	0	0	1	0	
5	17	0	2	0	0	0	0	2	298	11	0	0	10	17	2	4	3	0	6	6	0	0	0	1	5	0	2	0	8	0	0	0	0	0	0	8	0	18	0	1	4	0	1	0	0	0	1	4	0	0	0	0	5	8	3	1	0	0	9	1	3	0	0	6	2	4	5	0	2	1	1	10	0	2	3	5	0	13	0	1	3	0	7	0	7	4	0	0	13	5	4	0	1	1	0	0	0	5	1	72	7	3	3	22	5	0	0	1	0	1	1	0	0	0	0	3	0	1	0	0	0	0	2	4	0	6	0	3	0	0	13	6	0	2	10	1	0	0	7	0	0	4	2	1	18	0	0	1	36	0	0	5	0	0	6	0	11	0	26	9	0	150	8	0	0	2	0	60	876	1	7	0	0	0	14	900	0	7	13	0	10	0	3	532	2	18	6	0	0	10	0	6	6	3	0	1	0	1	9	
0	6	0	3	1	2	32	0	2	13	0	0	12	0	5	1	0	1	7	0	9	0	10	10	0	0	0	2	11	0	2	8	15	141	0	0	13	26	1	1	0	14	6	0	0	3	2	0	0	5	0	10	0	4	3	0	0	0	0	0	0	6	3	0	1	0	4	5	1	23	0	264	4	24	6	25	1	7	0	7	1	1	1	3	0	0	1	1	1	0	0	0	3	0	1	0	0	4	6	12	0	8	1	0	0	0	0	0	2	0	2	0	0	18	19	0	2	1	0	17	0	1	0	9	0	0	0	3	0	0	1	0	0	0	1	2	13	3	0	10	0	0	0	2	1	0	1	5	8	1	0	3	11	0	7	6	276	11	3	0	9	1	1	0	5	27	0	1	974	9	0	5	958	1	3	0	0	0	0	0	13	2	4	1	10	41	0	0	3	5	0	0	4	0	0	0	0	18	7	0	
3	0	0	7	0	4	0	6	0	0	4	0	0	0	13	0	0	1	1	28	1	0	0	0	2	7	4	2	2	2	0	0	1	5	0	0	2	5	2	3	0	0	393	8	7	0	0	0	1	6	0	6	0	0	0	0	3	2	2	0	2	0	1	0	0	0	0	0	7	405	0	0	3	0	0	1	1	0	0	0	0	0	2	3	1	2	0	5	4	0	0	0	2	137	88	0	0	27	0	2	14	1	0	0	1	0	2	1	0	0	0	0	1	0	5	19	0	5	0	0	24	2	6	1	1	3	1	0	0	1	3	0	0	2	0	0	6	5	12	1	0	0	2	4	0	16	1	8	1	2	0	2	37	0	15	14	0	0	9	4	0	0	0	0	0	10	7	0	8	2	6	14	1	25	0	124	0	0	11	2	6	6	1	3	0	21	0	11	0	6	1	0	0	1	0	13	0	14	1	5	
3	2	1	4	2	2	7	2	0	0	2	2	0	22	2	0	0	0	10	1	0	5	0	0	0	9	0	21	2	0	0	1	4	4	1	0	0	0	0	12	0	0	2	0	0	2	0	0	82	3	0	2	0	0	4	0	6	1	0	0	457	2	0	8	0	0	0	1	2	2	4	1	6	0	0	1	2	0	10	0	0	5	1	1	29	0	0	0	2	3	1	15	10	3	0	3	15	0	1	3	4	0	0	3	3	0	0	7	10	0	4	2	1	1	0	1	72	0	2	1	1	0	0	11	2	1	0	0	0	0	0	4	0	5	0	1	0	1	0	6	5	1	0	1	0	9	2	2	0	0	0	0	0	0	9	9	2	0	19	1	0	25	11	0	8	0	5	0	3	279	6	5	3	7	1	0	51	1	7	9	0	14	13	1	8	11	1	6	2	2	14	8	7	0	0	0	4	4	0	1	
8	0	3	0	2	0	2	0	9	2	2	7	0	3	0	15	17	5	1	7	1	1	5	5	0	0	0	0	8	8	12	0	6	2	3	6	0	2	1	0	5	7	5	0	0	0	442	1	10	0	4	0	2	0	5	9	0	0	0	11	0	11	0	1	9	1	3	1	6	407	0	0	0	0	0	2	1	0	1	0	0	3	14	0	1	0	1	8	0	0	8	4	0	1	8	1	0	0	4	0	22	8	0	3	0	3	24	0	0	0	0	0	1	0	2	1	0	0	1	0	0	0	0	1	0	0	2	3	15	0	3	4	2	0	1	0	3	0	1	3	3	1	0	4	0	0	2	2	0	1	1	1	0	0	0	4	0	36	0	2	3	3	0	0	0	0	0	0	0	15	0	5	0	2	0	4	1	32	3	2	37	61	14	13	0	4	2	0	0	1	83	0	11	2	1	11	17	7	5	0	
4	0	5	2	0	4	1	2	0	2	20	0	2	3	2	1	5	111	24	1	0	12	0	0	0	15	1	2	2	43	0	1	8	0	8	0	4	8	2	3	1	9	0	0	3	0	0	5	15	0	9	0	6	0	1	2	0	2	1	0	2	3	7	451	11	0	0	1	0	2	1	1	6	1	4	0	0	5	0	0	0	6	0	1	0	3	0	1	9	0	3	15	5	101	1	1	2	35	0	0	0	2	3	0	0	0	0	0	84	7	6	1	2	0	0	0	0	3	2	0	7	1	1	1	0	1	42	1	0	0	0	0	0	29	0	0	0	20	4	16	0	2	6	2	0	19	0	1	0	0	3	1	0	0	2	5	2	3	2	0	12	7	3	0	3	60	0	0	13	0	1	22	7	0	1	0	3	0	14	1	8	0	0	1	80	11	4	1	1	1	2	2	5	7	0	0	15	0	0	18	
4	0	4	5	0	5	0	2	2	0	0	0	2	0	0	0	1	9	6	0	3	0	0	303	0	2	3	0	2	2	0	10	2	1	5	11	64	2	0	0	0	2	12	0	128	0	0	0	2	0	3	1	2	2	1	0	7	340	0	1	1	1	0	0	0	0	4	0	6	0	13	0	0	6	1	2	2	2	1	15	0	1	0	1	4	2	238	2	0	7	1	1	8	5	2	0	4	1	0	1	2	2	0	0	16	0	7	0	12	0	2	0	1	19	0	2	3	0	0	2	0	0	0	9	1	2	1	3	2	3	1	2	0	13	1	2	0	0	0	0	0	4	1	0	1	1	0	1	0	6	1	0	2	0	0	5	8	1	1	11	0	0	0	0	8	3	0	3	0	0	45	0	3	0	8	0	0	13	0	5	1	7	5	0	0	15	14	3	1	4	0	2	517	0	1	0	8	0	22	0	
12	4	0	0	6	0	2	3	8	1	2	14	8	0	4	1	5	6	2	0	0	3	0	0	300	0	3	0	0	2	3	2	10	6	26	6	0	22	13	33	7	3	0	1	6	3	0	3	12	0	8	2	37	0	0	3	0	0	3	18	0	0	0	5	2	0	3	0	3	27	0	263	0	0	2	0	3	1	0	1	0	3	9	0	5	0	1	0	106	2	10	6	0	0	1	2	7	2	0	5	1	14	5	0	1	3	0	0	0	7	2	7	0	1	0	2	0	1	3	71	1	4	0	2	1	2	0	10	0	0	0	0	0	0	6	0	0	4	0	15	7	1	0	2	4	1	10	923	0	14	0	6	0	6	0	3	0	10	0	1	21	7	3	28	4	0	4	2	1	6	0	0	0	1	0	0	5	0	0	5	0	2	0	17	2	43	0	2	5	0	2	2	17	4	2	2	10	0	24	3	
0	0	0	0	1	5	1	9	12	1	0	1	1	1	2	1	0	75	5	3	0	0	5	28	0	5	5	4	0	2	5	0	0	7	0	0	16	2	0	0	0	0	4	0	2	6	53	5	0	3	7	0	0	0	8	0	0	0	0	6	0	1	0	5	1	0	105	0	11	3	0	7	3	0	1	0	0	96	0	1	0	1	1	0	0	1	31	0	1	3	1	2	0	4	3	0	1	1	3	0	0	0	0	1	1	0	5	0	0	6	1	1	1	3	0	1	3	0	0	1	18	0	0	3	2	0	1	0	43	0	7	0	4	3	0	0	7	1	16	0	2	2	2	5	2	1	6	0	2	0	1	0	7	0	0	6	5	0	3	5	2	0	28	0	275	3	0	0	2	11	1	0	0	1	15	7	4	3	1	0	9	0	5	1	1	515	0	2	6	6	13	0	1	0	0	0	1	0	0	0	
0	0	6	9	3	4	6	1	4	17	0	4	1	16	2	3	5	17	1	0	0	2	0	5	1	22	2	0	2	0	0	0	3	1	5	5	0	0	0	8	15	2	8	0	2	14	0	4	5	0	0	0	0	0	7	0	9	6	0	1	125	0	0	0	4	0	0	23	0	5	0	0	8	1	0	7	0	2	1	1	16	2	0	0	8	2	0	0	8	0	1	3	1	6	1	0	15	0	4	5	1	1	1	0	4	7	0	3	2	16	0	0	0	2	0	40	3	12	48	18	1	0	0	0	2	0	0	0	11	3	0	0	0	6	4	3	0	28	4	9	1	0	0	2	3	3	1	3	10	2	12	0	0	0	6	13	3	4	12	2	0	2	1	0	2	6	4	2	1	0	18	8	0	35	2	0	35	0	0	5	6	0	3	5	1	7	10	3	12	2	2	2	6	0	1	1	13	0	0	0	
1	0	2	5	0	1	4	8	4	9	0	4	6	0	1	0	8	1	0	0	0	14	20	0	6	0	0	1	4	10	0	1	3	28	1	1	0	0	0	5	9	0	2	19	49	0	0	2	3	0	0	0	0	0	11	0	1	0	5	0	0	3	2	2	1	3	3	0	0	0	0	0	0	1	0	6	1	3	3	13	0	16	14	15	5	0	1	0	2	0	13	0	1	1	4	0	2	0	5	3	1	0	0	0	17	0	5	6	6	4	0	0	2	0	0	3	1	0	1	0	1	0	0	0	14	1	10	0	0	0	9	0	1	1	0	0	0	1	0	0	0	5	2	0	2	6	1	2	5	0	3	3	0	2	0	28	1	1	3	0	0	0	1	0	0	0	1	1	15	4	0	0	10	3	0	5	0	0	5	9	0	18	4	14	4	5	14	5	12	12	0	0	10	0	8	5	12	0	4	187	
3	7	7	1	4	12	3	2	1	3	1	0	5	0	0	19	0	1	1	5	3	1	4	13	34	11	0	18	0	0	1	1	0	0	4	4	3	0	2	0	0	450	0	7	3	119	6	3	7	5	0	0	3	0	6	0	1	0	2	5	6	0	12	2	0	1	0	1	0	9	4	5	0	0	1	0	10	3	0	0	0	254	0	1	0	5	0	11	1	11	2	1	1	2	0	11	0	3	0	1	24	0	0	1	0	2	6	0	2	16	7	2	17	2	0	6	9	0	0	10	0	0	2	0	0	0	0	0	24	0	1	2	81	0	6	2	0	1	0	0	0	0	0	0	0	9	1	0	298	0	1	0	9	6	0	19	980	0	0	5	6	1	0	2	55	3	1	1	6	1	3	0	95	0	7	16	3	0	0	2	0	0	3	1	2	3	0	522	29	0	10	17	0	0	7	0	0	1	0	1	
2	2	10	0	1	4	0	14	0	0	22	1	0	2	0	1	1	8	2	6	0	0	3	11	2	4	4	15	0	0	0	0	0	9	7	2	4	3	5	0	1	0	0	31	0	6	3	0	4	5	1	0	77	6	7	3	1	1	38	0	0	0	0	0	0	7	39	0	9	0	9	0	0	0	0	0	1	0	0	0	0	0	1	1	4	1	3	5	0	0	0	0	0	0	17	4	0	5	7	2	2	0	2	0	0	4	0	5	2	1	0	0	0	1	0	0	0	3	1	21	1	0	0	26	7	5	3	1	2	1	84	0	7	0	25	6	1	0	2	0	0	0	2	0	0	0	22	0	1	0	18	24	9	0	0	0	0	0	1	3	2	4	1	4	6	0	1	14	3	0	10	9	4	18	2	0	8	0	10	5	15	45	3	0	20	0	1	2	11	0	3	1	3	5	0	3	0	183	6	2	
0	13	0	0	8	5	0	0	0	1	3	0	0	0	306	6	5	23	9	0	5	13	0	0	0	0	20	0	0	2	1	7	0	2	0	2	7	2	6	0	0	1	22	473	1	2	0	1	1	1	10	0	1	0	1	102	3	0	0	0	0	0	1	0	1	1	84	0	0	0	1	42	0	1	0	5	11	13	4	0	1	1	0	9	1	0	3	0	8	0	3	16	12	0	3	3	1	3	0	1	0	20	3	0	3	2	47	0	4	0	1	0	0	0	2	1	3	2	0	4	1	2	1	0	0	1	0	0	3	0	4	0	0	0	0	1	2	3	8	3	2	4	6	1	3	0	0	3	0	0	0	0	6	0	0	2	10	12	3	0	17	1	0	2	0	16	9	1	6	0	4	0	1	4	0	0	0	0	1	3	0	47	5	3	52	0	0	0	0	5	14	0	0	94	0	50	1	13	2	1	
0	4	7	1	0	7	0	0	1	1	22	0	0	0	1	14	0	19	27	5	1	2	15	11	0	5	1	3	0	0	18	0	2	2	0	1	0	1	5	9	56	4	5	0	6	1	0	6	7	7	1	1	2	0	0	0	9	0	8	10	26	49	440	1	1	2	0	0	0	0	2	4	8	0	37	1	0	4	6	6	14	1	0	13	0	2	1	0	0	0	0	3	0	3	43	1	1	2	0	2	1	3	0	2	1	6	2	0	19	0	0	0	3	8	0	1	4	2	0	0	0	0	0	3	71	0	3	0	0	0	2	0	2	2	0	0	1	7	0	7	1	1	2	2	0	0	2	3	1	5	2	0	2	26	0	0	0	980	4	0	9	29	0	935	0	0	0	0	3	3	35	0	0	0	0	2	0	10	10	0	2	9	0	0	1	1	114	1	2	3	0	3	5	0	5	9	0	13	0	9	
0	4	4	0	36	5	0	1	1	2	10	0	3	7	26	0	49	3	0	3	1	2	28	8	0	3	0	4682	1	7	2	6	6	26	11	7	2	4	5	0	6	3	3	3	0	12	0	1	3	5	19	4	4	3	0	7	1	1	1	0	1	0	1	0	0	5	2	2	6	0	3	0	40	0	5	1	0	4	18	7	1	5	4	12	16	0	0	1	8	0	0	0	2	5	10	0	1	0	0	0	0	70	7	0	0	0	2	0	3	1	0	3	1	0	1	0	0	0	3	0	5	1	0	2	1	0	0	0	1	4	3	4	2	0	14	1	11	0	7	2	0	9	1	6	17	0	9	1	9	9	0	0	6	6	0	6	10	8	6	0	0	3	6	0	0	2	1	0	0	0	5	0	2	0	5	1	1	0	539	0	0	1	18	4	0	0	9	1	1	1	0	4	15	15	2	2	2	0	0	1	
2	8	5	2	45	4	0	1	3	1	3	2	7	34	0	3	0	0	1	1	9	1	1	0	0	1	1	12	0	0	0	0	3	1	7	0	0	2	10	1	35	2	0	6	10	1	1	3	0	1	0	1	1	1	4	0	16	26	3	5	1	0	0	0	0	6	1	1	0	1	7	8	3	0	5	0	0	1	100	4	0	0	1	4	1	4	5	4	1	2	3	6	2	11	1	0	0	2	0	7	4	193	2	1	1	0	1	0	0	1	0	1	0	0	1	0	0	16	0	0	0	0	0	0	0	14	2	0	0	14	4	0	2	2	0	14	3	0	0	3	7	0	12	10	2	2	5	10	0	8	38	18	1	0	2	7	5	2	7	5	5	0	3	0	0	25	1	0	10	1	5	5	5	10	1	2	11	0	113	13	7	11	14	0	11	4	0	5	0	4	0	1	0	2	15	7	4	0	5	0	
4	0	6	3	2	23	0	0	0	1	1	0	1	7	0	1	13	0	13	1	16	5	15	2	2	35	8	396	0	0	0	0	0	0	3	13	1	1	13	5	0	0	0	2	0	7	10	2	0	0	0	4	3	2	0	8	0	0	6	4	2	0	0	2	0	0	4	9	9	8	8	26	0	0	10	1	1	7	2	2	94	2	3	3	0	0	2	0	0	0	0	0	2152	1	4	0	1	1	0	2	0	0	0	1	0	0	0	5	7	0	0	0	37	2	0	0	6	0	3	0	0	4	2	13	7	0	2	23	9	2	3	7	0	0	0	2	288	2	0	9	8	2	1	0	5	0	6	2	2	4	0	1	4	275	0	18	1	1	3	6	0	1	1	25	0	11	0	7	1	0	1	6	2	0	0	6	1	4	1	0	1	1	0	0	3	0	0	34	1	6	0	1	0	6	13	35	4	3	0	5	
1	5	1	1	0	0	0	1	8	0	3	0	5	0	18	0	33	0	1	0	1	0	4	1	4	9	1	1	0	1	0	1	0	1	0	0	1	1	0	1	0	4	23	2	14	14	1	0	0	9	2	0	0	4	2	0	0	401	1	0	5	383	385	0	0	10	0	17	0	0	2	2	0	6	240	4	0	0	3	2	2	5	2	0	22	27	3	1	0	195	3	1	0	3	3	0	1	0	0	1	2	1	0	0	0	0	1	0	1	0	0	2	0	10	11	0	0	4	2	0	1	11	4	1	0	73	1	2	0	5	3	13	287	0	0	0	2	1	17	1	0	4	8	1	7	0	1	1	0	6	30	2	6	1	8	0	0	1	2	0	0	0	0	0	0	2	1	3	15	1	2	3	10	4	4	0	0	7	11	2	6	10	0	0	14	34	21	4	7	0	0	1	0	0	5	7	0	8	13	0	
1	3	4	1	2	2	2	0	8	0	685	2	22	1	15	670	0	1	1	16	8	5	2	4	3	5	22	6	0	5	7	8	1	0	0	0	2	0	9	0	2	1	16	0	10	0	11	0	0	1	0	19	0	0	4	0	3	2	11	2	0	0	1	1	0	2	1	246	0	1	0	0	3	10	6	8	1	104	3	0	0	14	2	12	0	4	18	3	0	0	0	0	2	0	3	0	2	7	1	1	0	16	0	0	0	2	0	0	75	0	0	0	0	3	0	2	2	1	1	1	17	1	0	0	4	0	0	0	0	0	13	0	2	0	0	0	0	0	1	1	0	0	1	9	0	3	1	1	4	0	0	0	0	2	0	0	1	0	3	33	7	2	8	4	1	0	0	10	28	0	4	11	32	7	0	4	5	5	3	2	6	1	1	0	0	0	7	20	0	15	0	9	14	14	4	11	13	11	0	14	
0	0	6	41	1	3	2	1	0	16	7	0	0	0	4	0	656	0	0	5	1	1	31	0	6	6	5	5	0	4	7	0	0	1	0	10	1	6	6	1	1	5	0	0	28	2	0	0	2	3	0	1	0	0	8	0	2	11	0	0	3	3	3	0	2	0	0	1	0	5	11	2	0	4	3	0	6	5	1	0	1	0	1	8	0	2	0	0	2	0	0	0	1	0	0	4	24	0	0	0	0	1	0	0	0	0	0	0	0	0	1	0	0	2	2	0	19	3	15	0	0	1	2	0	1	0	1	2	18	0	0	12	6	1	0	37	1	6	4	4	0	6	0	1	2	0	889	8	2	0	8	5	2	13	0	0	3	0	4	0	2	2	9	7	5	0	8	0	73	14	0	5	3	17	1	32	1	3	0	3	0	0	6	1	4	2	5	1	0	0	6	8	5	0	0	2	19	0	0	2	
0	14	1	2	17	1	0	1	0	8	0	0	1	6	1	1	3	0	28	0	1	2	0	7	11	0	0	0	5	0	1	1	0	3	0	0	11	1	2	1	8	3	0	1	0	0	0	0	3	8	0	2	0	1	0	0	11	0	9	19	2	0	5	0	0	0	2	9	0	0	0	0	0	0	0	9	27	2	0	0	3	2	0	2	0	3	0	0	0	0	3	24	1	0	5	30	51	194	4	1	2	0	0	0	1	0	2	0	4	0	0	0	0	2	28	1	5	0	0	0	23	1	28	0	0	0	12	0	0	1	4	4	0	0	1	1	18	0	26	0	1	13	3	3	0	11	4	0	3	0	0	0	10	0	0	1	0	9	39	14	6	0	1	1	895	3	1	0	10	2	28	1	7	1	2	1	0	0	0	8	44	1	0	0	0	9	0	10	10	0	9	8	0	4	1	0	2	5	0	0	
2	14	4	4	3	0	3	10	8	0	0	1	16	2	298	0	2	1	50	2	0	0	12	2	3	1	4	0	0	2	0	0	9	0	483	3	1	0	0	12	1	0	1	0	0	2	0	2	3	0	1	6	2	0	5	3	1	4	0	2	0	8	3	0	12	8	0	10	7	0	9	1	32	0	1	4	1	10	1	3	1	1	0	0	1	0	0	2	12	0	0	0	0	1	0	1	0	0	0	0	7	1	0	0	1	0	9	12	0	15	1	2	4	0	2	0	5	1	1	0	0	3	1	23	1	1	0	0	0	3	0	12	3	187	12	0	37	50	4	2	0	11	1	3	0	0	17	0	1	0	66	32	13	8	2	3	0	22	0	3	5	0	0	0	7	0	0	3	10	2	0	3	15	2	2	4	34	1	103	0	10	51	51	0	14	6	6	4	7	1	3	2	5	0	0	1	0	54	0	0	
30	2	1	0	1	0	5	15	12	17	1	0	11	1	0	5	0	3	0	3	5	3	0	293	0	0	4	15	0	7	0	0	1	5	0	1	4	2	1	1	0	0	38	0	3	0	0	0	1	9	1	0	3	13	4	1	2	4	1	2	0	0	0	0	6	6	1	0	37	3	11	1	8	8	0	3	14	4	0	14	0	0	5	9	0	0	0	7	20	1	0	0	0	0	1	1	0	0	8	4	0	0	2	0	1	0	5	0	0	1	0	12	0	1	0	0	0	0	0	0	8	3	2	0	2	6	7	1	1	2	2	9	2	277	8	2	0	1	7	7	28	0	0	2	0	14	0	0	4	1	16	5	0	2	5	0	0	1	0	0	0	6	9	17	0	1	0	20	1	19	4	0	0	1	2	0	0	0	0	0	18	1	0	5	0	14	2	3	12	3	1	7	1	0	0	5	5	13	3	0	
9	1	0	2	3	22	3	1	0	706	0	0	0	2	0	0	3	13	0	0	7	1	0	0	0	8	0	0	0	2	0	0	1	13	0	0	3	441	0	16	0	6	3	0	0	1	1	1	0	2	0	1	19	25	91	0	0	2	2	1	0	5	1	0	0	0	0	3	0	104	0	0	1	3	1	0	77	0	4	21	4	3	21	0	0	0	0	1	1	2	1	0	1	0	0	2	1	3	3	0	4	6	1	0	0	2	0	5	0	0	0	0	0	1	0	0	0	15	0	0	0	0	2	0	6	2	1	0	0	0	4	4	4	0	0	0	1	0	2	25	1	65	7	19	3	1	5	4	0	0	0	10	16	0	11	0	7	0	9	1	10	6	2	9	1	8	4	2	0	0	3	0	0	0	0	1	2	0	2	4	3	1	2	18	35	0	45	6	4	20	0	4	8	4	0	8	10	0	0	5	
0	1	0	0	0	0	0	5	0	0	0	2	0	2	2	10	2	0	2	0	17	2	0	10	9	0	4	1	0	12	0	12	0	0	1	1	0	0	1	0	11	7	1	1	27	0	1	0	3	0	22	1	0	0	3	18	11	1	0	3	1	13	1	0	0	21	241	0	1	12	12	5	2	0	26	15	0	1	1	5	1	2	0	23	5	22	0	5	4	1	0	0	0	0	1	8	0	0	0	0	17	0	0	0	0	2	1	0	5	0	0	10	1	3	4	3	23	3	0	2	2	1	1	5	1	7	0	2	6	2	927	1	2	0	0	35	0	1	0	2	2	0	0	1	4	6	0	3	0	47	2	8	3	13	9	8	3	7	1	11	32	1	8	12	0	1	4	1	2	5	14	0	0	1	1	0	9	4	9	62	3	4	3	8	0	2	4	2	2	2	9	0	4	3	1	0	0	22	2	0	
1	0	309	38	17	0	0	0	0	3	0	3	2	32	13	0	0	0	0	15	2	0	4	0	30	5	3	9	0	3	1	2	0	6	2	0	2	5	2	2	1	2	457	0	0	3	3	0	0	4	9	0	0	2	1	4	3	0	2	1	0	8	0	1	6	0	1	2	0	2	0	0	0	3	7	2	0	2	0	1	0	2	0	0	0	0	0	0	0	1	0	1	0	194	1	3	0	2	0	1	0	1	0	0	2	0	0	0	0	0	0	0	0	4	0	0	2	1	4	1	0	4	0	0	2	0	3	0	2	0	0	0	0	0	0	30	10	0	1	6	1	0	0	1	0	2	6	106	2	0	0	0	0	0	2	1	11	0	4	2	7	0	5	134	5	10	0	0	0	0	0	0	0	1	3	3	9	0	7	6	13	0	1	1	1	3	9	0	0	0	0	9	1	4	11	4	0	0	6	3	
7	0	24	0	4	12	0	0	3	19	0	2	3	0	0	4	3	0	4486	1	0	2	0	15	0	0	3	84	0	22	11	337	2	6	1	0	0	0	9	0	10	1	1	0	0	1	7	5	4	0	0	2	1	4	0	0	40	1	3	0	0	1	2	9	0	3	0	0	11	0	2	204	0	0	0	0	1	5	0	7	2	0	0	1	5	2	0	6	0	1	1	0	1	6	2	0	1	1	0	0	2	3	2	5	0	0	0	0	0	0	1	1	2	4	0	1	0	3	0	0	0	0	0	19	0	7	0	9	8	5	0	12	1	3	0	0	14	0	0	138	0	0	17	1	9	0	855	0	3	20	28	0	0	0	0	2	12	2	0	14	2	12	0	11	3	0	2	1	1	3	0	0	2	0	0	0	2	14	3	10	6	2	0	0	99	1	113	1	4	1	1	0	22	2	2	6	0	3	7	1	
10	15	0	0	0	3	0	14	0	0	0	3	11	2	1	6	5	0	7	2	2	0	1	0	2	3	1	0	4	341	1	1	340	0	1	6	0	0	0	1	0	131	0	1	5	0	0	267	0	0	1	0	17	17	10	1	0	0	1	5	0	0	1	0	11	4	0	1	0	9	3	1	8	20	9	0	1	0	0	4	0	0	0	65	0	1	0	0	0	1	0	1	0	2	12	9	0	5	2	0	0	6	23	5	0	0	18	1	0	0	20	74	3	0	2	3	3	0	1	6	22	0	5	26	0	7	7	0	11	0	3	0	0	8	13	1	0	3	8	5	18	0	0	15	3	5	0	7	1	1	2	0	7	0	10	0	2	6	5	10	0	12	9	8	2	0	4	11	0	3	0	12	2	1	0	4	0	1	0	32	0	4	191	7	0	0	0	10	0	11	0	0	1	22	7	0	0	3	0	0	
0	0	1	16	11	3	0	25	2	0	4	1	0	8	398	9	2	0	0	3	0	6	0	0	0	0	7	117	3	6	2	0	7	0	1	8	2	0	0	3	2	0	0	0	1	6	13	9	1	3	14	6	1	10	0	1	5	2	12	14	0	2	4	0	0	0	12	8	0	2	0	9	3	1	0	1	12	2	13	0	0	0	4	0	0	0	64	1	0	6	0	0	0	0	0	9	62	0	11	5	1	5	2	210	2	0	2	0	1	13	0	0	4	0	4	0	1	3	7	0	4	21	0	4	7	0	0	1	26	1	0	1	1	9	4	0	0	10	1	0	14	23	3	3	28	0	4	2	0	5	2	0	9	973	1	6	0	0	1	0	7	5	0	0	2	6	0	0	5	7	13	2	0	0	9	7	1	1	4	0	21	6	1	8	6	0	0	4	16	0	6	1	4	1	0	3	1	0	19	1	
0	0	8	13	0	1	0	4	0	5	2	1	17	1	3	3	8	0	33	1	4	3	0	21	0	5	25	5	0	1	7	3	457	9	0	2	4	0	6	1	1	0	5	1	15	2	12	1	1	11	8	0	0	3	10	107	0	0	0	0	1	2	1	9	13	19	3	7	0	2	1	0	5	2	1	17	0	0	0	265	2	0	3	0	3	3	5	0	6	1	1	5	0	1	0	0	0	10	5	20	210	0	1	4	1	0	13	0	0	0	1	0	7	8	3	1	0	4	0	1	1	0	3	1	0	0	0	6	0	10	0	1	2	11	1	280	2	0	33	1	7	3	0	0	5	0	0	16	1	3	3	22	0	1	0	0	0	0	67	4	0	6	7	2	0	0	1	10	4	8	0	1	0	0	0	3	7	301	0	0	22	1	1	1	0	12	0	12	0	15	0	0	0	1	4	2	6	1	6	7	
1	1	0	1	16	4	3	0	2	0	0	0	8	5	0	0	4	0	7	6	1	0	0	0	0	0	0	0	14	3	0	9	1	0	0	0	1	2	1	3	1	27	16	9	403	0	0	12	0	2	4	1	2	11	2	0	0	0	4	14	0	12	0	0	1	6	3	0	0	0	1	4	2	9	0	80	1	2	1	0	6	2	4	4	0	0	0	1	0	7	0	1	2	0	16	0	4	0	0	0	0	2	5	1	13	0	0	0	13	1	1	10	3	18	0	0	0	0	9	1	2	3	2	14	28	0	12	0	2	0	10	9	0	0	0	2	2	930	5	8	1	0	1	1	0	11	0	3	1	0	0	0	0	0	5	1	3	12	0	8	0	7	2	1	2	4	0	9	7	3	2	10	0	136	0	23	5	0	0	0	12	0	2	0	57	1	0	0	0	1	4	1	0	0	5	0	0	0	0	26	
3	11	11	1	3	17	0	1	2	0	4	16	3	0	0	3	1	6	1	1	2	1	2	31	1	0	1	0	5	0	0	3	0	4	5	4	0	10	7	0	2	4	1	1	0	10	1	0	1	393	0	11	1	25	3	6	6	0	0	9	1	1	1	3	2	0	1	0	2	0	4	1	6	1	5	0	0	66	4	11	3	0	1	0	0	3	0	8	0	0	0	0	0	8	0	0	0	17	1	4	1	3	0	0	0	0	0	2	3	0	2	0	0	1	0	8	0	0	0	1	0	2	2	0	9	0	2	6	0	8	22	3	101	0	4	0	0	1	1	1	0	7	2	0	13	1	0	5	19	1	0	6	2	2	1	0	0	0	2	0	0	1	0	1	8	1	4	0	1	0	4	11	0	0	8	14	0	7	1	0	2	1	0	2	0	2	0	0	3	15	0	2	0	1	0	3	0	2	20	0	
1	4	0	299	0	6	2	5	9	0	0	10	0	3	3	1	5	0	1	0	0	129	13	17	30	0	0	0	0	2	6	0	0	1	1	2	3	0	1	2	1	5	1	2	0	4	2	0	1	0	0	6	0	6	0	0	2	2	2	3	0	1	0	0	0	0	24	1	4	0	2	0	1	0	0	2	0	1	2	0	0	0	0	2	1	2	2	0	0	0	0	1	0	0	0	4	0	4	0	0	0	4	0	1	1	1	5	3	5	0	6	0	1	1	1	0	0	0	0	0	1	5	11	0	4	8	1	1	0	11	0	0	12	4	0	0	1	3	6	278	0	0	5	19	6	8	0	4	21	3	2	0	0	3	23	5	2	2	25	2	5	1	4	0	0	0	3	9	2	2	0	0	0	6	0	5	11	1	0	1	0	0	0	1	12	3	12	1	0	2	308	9	0	2	0	0	2	2	5	57	
2	14	0	28	0	5	0	5	4	10	36	5	0	0	5	0	0	0	0	0	433	4	0	0	0	2	0	1	0	351	0	1	0	0	0	0	0	15	1	1	0	0	11	0	0	1	6	2	0	0	1	0	1	1	4	1	0	74	3	1	2	6	11	8	3	0	0	5	1	0	1	0	24	0	0	0	1	1	7	1	0	0	2	0	3	1	8	0	2	0	2	0	0	12	0	0	5	18	0	0	0	0	83	0	0	0	0	0	0	0	3	10	2	2	2	2	0	0	3	0	0	3	8	2	0	17	8	0	7	0	23	0	15	0	0	0	1	6	0	1	12	1	1	4	22	0	3	0	8	12	1	0	2	7	1	27	0	11	9	0	2	3	0	60	20	1	1	0	39	5	1	0	1	3	1	2	0	0	0	5	0	2	1	11	2	4	0	9	0	1	5	0	1	11	3	5	1	0	0	0	
4	23	17	0	2	2	15	2	0	14	0	30	1	9	0	0	0	2	11	11	0	1	0	0	0	1	0	0	0	3	0	1	0	3	2	1	2	1	1	2	0	0	0	2	7	5	0	1	0	0	1	0	3	0	11	4	4	2	1	0	153	1	0	4	4	6	8	0	17	2	5	0	0	1	0	10	2	10	2	2	1	3	0	0	0	0	2	0	0	0	64	7	0	0	0	0	2	1	0	3	2	28	16	1	23	0	6	18	2	0	0	0	1	0	0	1	0	1	14	2	10	3	0	0	3	4	0	19	0	2	15	1	0	105	0	0	3	6	0	1	0	4	7	2	0	18	9	3	1	4	16	6	0	2	0	0	18	1	26	0	1	4	566	521	1	1	5	1	17	3	5	1	7	2	0	0	0	0	0	2	5	0	15	1	8	0	1	1	0	1	9	2	17	0	1	0	0	7	0	3	
35	0	7	1	0	0	0	0	2	23	11	43	0	0	1	10	0	0	0	5	19	0	3	0	56	0	7	7	2	3	0	2	0	0	2	0	0	0	0	7	4	0	0	1	5	0	2	0	4	4	0	2	8	0	0	0	11	7	2	2	0	2	16	1	0	0	0	0	1	2	0	6	16	19	0	7	0	0	0	2	2	21	0	0	0	3	0	1	0	8	1	1	5	0	1	1	2	2	0	0	3	2	13	1	1	0	0	0	1	0	1	0	0	1	0	1	0	2	0	3	3	1	0	0	18	1	2	1	2	0	17	11	17	0	0	5	19	0	0	12	7	25	2	1	6	3	1	0	0	45	0	10	8	0	2	6	0	2	1	1	1	1	12	0	2	11	8	9	1	0	7	1	4	3	2	0	0	0	1	8	0	3	0	0	0	0	0	1	19	3	0	12	2	4	3	3	1	4	0	0	
1	0	4	1	16	6	5	2	13	6	0	1	7	1	1	1	0	0	1	343	2	0	0	15	0	79	0	5	0	2	0	15	2	0	2	0	5	1	0	0	3	0	13	0	1	0	0	6	0	0	11	0	6	1	10	3	3	0	1	4	7	10	0	4	3	17	0	4	22	9	0	0	0	0	8	0	2	19	0	2	0	16	9	1	6	1	1	1	1	2	15	6	2	0	0	0	3	0	0	0	7	1	1	0	3	3	0	0	2	0	0	1	3	1	287	0	0	0	0	0	1	1	0	3	0	0	0	0	7	0	9	18	0	0	0	15	0	1	0	7	2	7	3	0	2	0	1	535	0	2	21	6	1	1	0	1	9	0	1	0	1	1	0	0	2	1	1	0	1	7	0	0	0	2	0	0	4	1	4	0	6	0	0	0	2	0	1	1	0	2	0	2	0	0	2	48	5	4	0	3	
